(6.1124,6.7739), (6.1124,6.7738)	0.000100000000001
(6.0168,7.0834), (6.016667,7.083333)	0.000148922798792
(5.5834,7.05), (5.5832,7.05)	0.0002
(5.0135,7.069), (5.0131,7.0688)	0.0004472135955
(6.26889,7.04225), (6.2687,7.0405)	0.00176028406798
(6.01735,6.9134), (6.01671,6.91664)	0.00330260503239
(6.08624,6.99556), (6.0833333,7.0)	0.00530683567581
(6.1094,6.88615), (6.1038,6.8834)	0.00623878994678
(6.2065,7.0679), (6.1982,7.0668)	0.00837257427557
(6.3823,6.8088), (6.3739,6.8134)	0.00957705591505
(6.0038,6.9155), (5.9963,6.925)	0.0121037184369
(6.1982,7.0668), (6.187,7.072)	0.0123482792323
(6.01671,6.91664), (6.0038,6.9155)	0.0129602353374
(6.01735,6.9134), (6.0038,6.9155)	0.0137117650213
(6.3857,6.8229), (6.3823,6.8088)	0.0145041373408
(6.3857,6.8229), (6.3739,6.8134)	0.0151489273548
(6.0833333,7.0166667), (6.0666667,7.0166667)	0.0166666
(6.0833333,7.0166667), (6.0833333,7.0)	0.0166667
(6.166667,7.016667), (6.157,7.0311)	0.0173713090468
(6.2871,7.0432), (6.26889,7.04225)	0.0182347635027
(6.2871,7.0432), (6.2687,7.0405)	0.0185970427757
(6.19721,6.9697), (6.1832,6.9834)	0.0195951550134
(6.2065,7.0679), (6.187,7.072)	0.0199263644451
(6.08624,6.99556), (6.0833333,7.0166667)	0.0213059073916
(6.01671,6.91664), (5.9963,6.925)	0.0220557860889
(6.0833333,7.0), (6.0666667,7.0166667)	0.0235702024694
(6.23032,7.06492), (6.2065,7.0679)	0.0240056826606
(6.01735,6.9134), (5.9963,6.925)	0.0240346104608
(5.0131,7.0688), (4.990833,7.054444)	0.0264936600907
(5.0135,7.069), (4.990833,7.054444)	0.0269382632142
(6.08624,6.99556), (6.0666667,7.0166667)	0.0287855320913
(6.16855,7.4515), (6.145,7.469)	0.0293402880013
(5.4829,7.0337), (5.4543,7.0247)	0.0299826616564
(6.23032,7.06492), (6.1982,7.0668)	0.0321749716395
(6.1429,6.8914), (6.1094,6.88615)	0.0339088852663
(6.276,7.005), (6.2687,7.0405)	0.0362427923869
(5.978888732,7.093990671), (5.95007,7.11665)	0.0366601214512
(6.1832,6.9834), (6.166667,7.016667)	0.0371488004921
(5.95007,7.11665), (5.9332,7.0834)	0.0372848414238
(6.276,7.005), (6.26889,7.04225)	0.0379224814589
(6.016667,7.083333), (5.978888732,7.093990671)	0.0392528149847
(6.0168,7.0834), (5.978888732,7.093990671)	0.0393627559198
(6.2871,7.0432), (6.276,7.005)	0.0397800201106
(6.1429,6.8914), (6.1038,6.8834)	0.0399100238036
(6.23032,7.06492), (6.187,7.072)	0.0438947468383
(6.26889,7.04225), (6.23032,7.06492)	0.0447389517088
(6.22242,6.93223), (6.19721,6.9697)	0.045161321947
(6.2687,7.0405), (6.23032,7.06492)	0.045490227522
(5.978888732,7.093990671), (5.9332,7.0834)	0.0469001337311
(6.187,7.072), (6.157,7.0311)	0.0507228745242
(5.72517,7.13325), (5.71795,7.08217)	0.0515877388533
(6.2328,6.6478), (6.1831,6.6336)	0.0516887802139
(6.157,7.0311), (6.116667,7.066667)	0.0537751092793
(6.1038,6.8834), (6.05314,6.86476)	0.0539804149669
(6.1832,6.9834), (6.157,7.0311)	0.0544217787287
(6.1982,7.0668), (6.157,7.0311)	0.0545154106652
(6.1665,6.7833), (6.1124,6.7739)	0.0549105636467
(6.1665,6.7833), (6.1124,6.7738)	0.054927770754
(5.4543,7.0247), (5.3999,7.0167)	0.0549850888878
(6.19721,6.9697), (6.166667,7.016667)	0.056024761829
(6.187,7.072), (6.166667,7.016667)	0.0589505875967
(6.1982,7.0668), (6.166667,7.016667)	0.0592253980822
(6.116667,7.066667), (6.0833333,7.0166667)	0.0600929742631
(6.1094,6.88615), (6.05314,6.86476)	0.0601890330542
(6.05314,6.86476), (6.01735,6.9134)	0.0603885229162
(6.2871,7.0432), (6.23032,7.06492)	0.0607924896677
(6.2065,7.0679), (6.157,7.0311)	0.0616805479872
(6.05314,6.86476), (6.01671,6.91664)	0.0633930540359
(6.22242,6.93223), (6.1832,6.9834)	0.0644715231711
(6.2065,7.0679), (6.166667,7.016667)	0.0648959796752
(6.26889,7.04225), (6.2065,7.0679)	0.0674569092088
(6.2687,7.0405), (6.2065,7.0679)	0.0679676393587
(6.187,7.072), (6.116667,7.066667)	0.0705348975898
(6.166667,7.016667), (6.116667,7.066667)	0.0707106781187
(6.116667,7.066667), (6.0666667,7.0166667)	0.0707111023827
(6.05314,6.86476), (6.0038,6.9155)	0.0707741704296
(5.853889,6.86), (5.783,6.8667)	0.0712049178147
(6.19721,6.9697), (6.157,7.0311)	0.0733948506368
(6.016667,7.083333), (5.95007,7.11665)	0.0744659848387
(6.116667,7.066667), (6.0833333,7.0)	0.0745360613709
(6.0168,7.0834), (5.95007,7.11665)	0.0745550494601
(6.26889,7.04225), (6.1982,7.0668)	0.0748316684299
(6.157,7.0311), (6.0833333,7.0166667)	0.0750673220368
(6.2687,7.0405), (6.1982,7.0668)	0.0752458636737
(6.276,7.005), (6.23032,7.06492)	0.0753463257233
(5.85916,7.00299), (5.80897,7.06093)	0.0766555914464
(6.116667,7.066667), (6.08624,6.99556)	0.0773434404329
(6.157,7.0311), (6.08624,6.99556)	0.0791837685388
(6.23032,7.06492), (6.166667,7.016667)	0.0798752553548
(6.157,7.0311), (6.0833333,7.0)	0.0799624454909
(6.23032,7.06492), (6.157,7.0311)	0.0807441316753
(6.1982,7.0668), (6.116667,7.066667)	0.0815331084775
(6.05314,6.86476), (5.9963,6.925)	0.0828229629994
(6.166667,7.016667), (6.08624,6.99556)	0.0831505127946
(6.0666667,7.0166667), (6.0168,7.0834)	0.0833067890257
(6.0666667,7.0166667), (6.016667,7.083333)	0.08333286
(6.166667,7.016667), (6.0833333,7.0166667)	0.0833337000005
(6.016667,7.083333), (5.9332,7.0834)	0.0834670268909
(6.0168,7.0834), (5.9332,7.0834)	0.0836
(6.2871,7.0432), (6.2065,7.0679)	0.0842997627517
(5.4829,7.0337), (5.3999,7.0167)	0.0847230783199
(6.1982,7.0668), (6.1832,6.9834)	0.0847381850171
(6.166667,7.016667), (6.0833333,7.0)	0.0849840834786
(6.276,7.005), (6.19721,6.9697)	0.086336284956
(6.26889,7.04225), (6.187,7.072)	0.0871265436018
(6.2687,7.0405), (6.187,7.072)	0.0875622064592
(6.2065,7.0679), (6.1832,6.9834)	0.087653522462
(5.71795,7.08217), (5.664,7.012)	0.0885123234358
(6.187,7.072), (6.1832,6.9834)	0.0886814524013
(5.664,7.012), (5.5834,7.05)	0.0891086976675
(5.664,7.012), (5.5832,7.05)	0.0892896410565
(6.22242,6.93223), (6.1429,6.8914)	0.0893897046645
(6.2065,7.0679), (6.116667,7.066667)	0.0898414613528
(6.276,7.005), (6.22242,6.93223)	0.0903675234805
(6.157,7.0311), (6.0666667,7.0166667)	0.0914790972724
(6.1038,6.8834), (6.01735,6.9134)	0.0915073904119
(6.16855,7.4515), (6.1334,7.3667)	0.0917963098387
(6.311,6.908), (6.22242,6.93223)	0.0918341401658
(6.2871,7.0432), (6.1982,7.0668)	0.0919791824273
(6.1038,6.8834), (6.01671,6.91664)	0.0932178400308
(5.80897,7.06093), (5.71795,7.08217)	0.0934653839665
(6.1429,6.8914), (6.05314,6.86476)	0.0936298413969
(6.276,7.005), (6.2065,7.0679)	0.0937371857909
(6.23032,7.06492), (6.1832,6.9834)	0.0941584027052
(6.0833333,7.0166667), (6.0168,7.0834)	0.0942338226847
(6.0833333,7.0166667), (6.016667,7.083333)	0.0942803856132
(6.276,7.005), (6.1832,6.9834)	0.0952806381171
(6.19721,6.9697), (6.1429,6.8914)	0.0952914796821
(6.1094,6.88615), (6.01735,6.9134)	0.0959987760339
(6.1982,7.0668), (6.19721,6.9697)	0.0971050467278
(6.1094,6.88615), (6.01671,6.91664)	0.0975760021727
(6.1832,6.9834), (6.08624,6.99556)	0.0977195333595
(6.2065,7.0679), (6.19721,6.9697)	0.0986384514274
(6.276,7.005), (6.1982,7.0668)	0.099358341371
(6.166667,7.016667), (6.0666667,7.0166667)	0.1000003
(6.1832,6.9834), (6.1429,6.8914)	0.100439484268
(6.2687,7.0405), (6.19721,6.9697)	0.100615406872
(6.23032,7.06492), (6.19721,6.9697)	0.100812303317
(6.22242,6.93223), (6.166667,7.016667)	0.101183022183
(6.1832,6.9834), (6.0833333,7.0)	0.101236938757
(6.116667,7.066667), (6.0168,7.0834)	0.101259127875
(6.116667,7.066667), (6.016667,7.083333)	0.101379265908
(5.5832,7.05), (5.4829,7.0337)	0.101615845221
(5.5834,7.05), (5.4829,7.0337)	0.101813260433
(6.26889,7.04225), (6.19721,6.9697)	0.101987866435
(6.19721,6.9697), (6.187,7.072)	0.102808239456
(6.2687,7.0405), (6.1832,6.9834)	0.102813715038
(6.145,7.469), (6.1334,7.3667)	0.102955572943
(6.311,6.908), (6.276,7.005)	0.103121287812
(6.26889,7.04225), (6.1832,6.9834)	0.103952386216
(6.2871,7.0432), (6.187,7.072)	0.104160693162
(6.2687,7.0405), (6.166667,7.016667)	0.104779506479
(6.1038,6.8834), (6.0038,6.9155)	0.105025758745
(6.08624,6.99556), (6.01671,6.91664)	0.105179785605
(6.1832,6.9834), (6.0833333,7.0166667)	0.105261726652
(6.26889,7.04225), (6.166667,7.016667)	0.105375669004
(6.1832,6.9834), (6.116667,7.066667)	0.106583457337
(6.0833333,7.0), (6.0168,7.0834)	0.106687581325
(6.0833333,7.0), (6.01671,6.91664)	0.106712481477
(6.0833333,7.0), (6.016667,7.083333)	0.106718247946
(6.08624,6.99556), (6.01735,6.9134)	0.107219856836
(6.1124,6.7739), (6.05314,6.86476)	0.108477127543
(6.1124,6.7738), (6.05314,6.86476)	0.108560900881
(6.0833333,7.0), (6.01735,6.9134)	0.108873118256
(5.9332,7.0834), (5.85916,7.00299)	0.109305487968
(6.1094,6.88615), (6.0038,6.9155)	0.109602839835
(6.1124,6.7739), (6.1038,6.8834)	0.109837197706
(6.1124,6.7738), (6.1038,6.8834)	0.109936890988
(6.276,7.005), (6.166667,7.016667)	0.109953734716
(6.1665,6.7833), (6.1429,6.8914)	0.110646147696
(5.80897,7.06093), (5.72517,7.13325)	0.110691564268
(6.276,7.005), (6.187,7.072)	0.111400179533
(6.0666667,7.0166667), (6.01671,6.91664)	0.111807927214
(6.1094,6.88615), (6.08624,6.99556)	0.111834403025
(6.08624,6.99556), (6.0168,7.0834)	0.111972225127
(6.08624,6.99556), (6.016667,7.083333)	0.112002240415
(6.2687,7.0405), (6.157,7.0311)	0.112094825929
(6.1124,6.7739), (6.1094,6.88615)	0.112290081931
(6.1124,6.7738), (6.1094,6.88615)	0.112390046267
(6.26889,7.04225), (6.157,7.0311)	0.112444184376
(6.3857,6.8229), (6.311,6.908)	0.113234711992
(6.1038,6.8834), (6.08624,6.99556)	0.11352629299
(6.3739,6.8134), (6.311,6.908)	0.113602684827
(6.23032,7.06492), (6.116667,7.066667)	0.113666426081
(6.19721,6.9697), (6.08624,6.99556)	0.113943321437
(6.08624,6.99556), (5.9963,6.925)	0.114314991143
(6.0666667,7.0166667), (6.01735,6.9134)	0.11443840364
(6.0833333,7.0), (5.9963,6.925)	0.114890362124
(6.08624,6.99556), (6.0038,6.9155)	0.114917175392
(6.1038,6.8834), (5.9963,6.925)	0.115268425859
(6.0666667,7.0166667), (5.9963,6.925)	0.115560617677
(6.0833333,7.0), (6.0038,6.9155)	0.116042215632
(6.2871,7.0432), (6.19721,6.9697)	0.116114004754
(6.1094,6.88615), (6.0833333,7.0)	0.116795956047
(6.0666667,7.0166667), (5.978888732,7.093990671)	0.116978494423
(5.522,6.923), (5.4829,7.0337)	0.117402299807
(6.187,7.072), (6.0833333,7.0166667)	0.117509824176
(6.1665,6.7833), (6.1094,6.88615)	0.117637292131
(6.2687,7.0405), (6.22242,6.93223)	0.117746470435
(6.19721,6.9697), (6.0833333,7.0)	0.117838842505
(6.1665,6.7833), (6.1038,6.8834)	0.118115621321
(6.1038,6.8834), (6.0833333,7.0)	0.118382624607
(6.22242,6.93223), (6.157,7.0311)	0.118554010054
(6.1429,6.8914), (6.08624,6.99556)	0.11857344222
(6.0666667,7.0166667), (6.0038,6.9155)	0.119108871029
(6.26889,7.04225), (6.22242,6.93223)	0.119431408348
(6.1094,6.88615), (5.9963,6.925)	0.119586506346
(6.2871,7.0432), (6.1832,6.9834)	0.119880148482
(6.0833333,7.0166667), (6.01671,6.91664)	0.120183213536
(6.1832,6.9834), (6.0666667,7.0166667)	0.121188627098
(6.19721,6.9697), (6.1094,6.88615)	0.121207254733
(6.1429,6.8914), (6.1124,6.7739)	0.121393986671
(6.1429,6.8914), (6.1124,6.7738)	0.121490781543
(6.276,7.005), (6.157,7.0311)	0.12182860912
(6.22242,6.93223), (6.1094,6.88615)	0.122052803327
(6.1832,6.9834), (6.1094,6.88615)	0.122081949935
(6.3823,6.8088), (6.311,6.908)	0.12216517507
(5.522,6.923), (5.4543,7.0247)	0.122172746552
(6.0833333,7.0166667), (6.01735,6.9134)	0.122547163198
(6.19721,6.9697), (6.0833333,7.0166667)	0.123181872497
(6.2871,7.0432), (6.166667,7.016667)	0.123321156247
(6.1429,6.8914), (6.0833333,7.0)	0.12386343992
(6.1982,7.0668), (6.0833333,7.0166667)	0.125330389522
(6.19721,6.9697), (6.116667,7.066667)	0.126054646634
(6.187,7.072), (6.0833333,7.0)	0.126217212332
(5.9332,7.0834), (5.80897,7.06093)	0.126245767454
(6.0833333,7.0166667), (5.9963,6.925)	0.126402449335
(6.187,7.072), (6.08624,6.99556)	0.126473915097
(6.19721,6.9697), (6.1038,6.8834)	0.127173574692
(6.1429,6.8914), (6.01735,6.9134)	0.127462945596
(6.166667,7.016667), (6.1429,6.8914)	0.127501731667
(6.1832,6.9834), (6.1038,6.8834)	0.127688527284
(6.22242,6.93223), (6.1038,6.8834)	0.128277329642
(6.2871,7.0432), (6.22242,6.93223)	0.128443930569
(6.0833333,7.0166667), (6.0038,6.9155)	0.128686623228
(6.1429,6.8914), (6.01671,6.91664)	0.128689446731
(6.311,6.908), (6.19721,6.9697)	0.129441315275
(6.0833333,7.0166667), (5.978888732,7.093990671)	0.129952546246
(6.2871,7.0432), (6.157,7.0311)	0.130661470985
(5.1335,7.0165), (5.0135,7.069)	0.130981868974
(5.1335,7.0165), (5.0131,7.0688)	0.131268617727
(5.5832,7.05), (5.4543,7.0247)	0.131359430571
(5.5834,7.05), (5.4543,7.0247)	0.131555691629
(6.187,7.072), (6.0666667,7.0166667)	0.13244575183
(6.1982,7.0668), (6.08624,6.99556)	0.132703350372
(6.1982,7.0668), (6.0833333,7.0)	0.132878135029
(6.23032,7.06492), (6.22242,6.93223)	0.132924964172
(6.1094,6.88615), (6.0833333,7.0166667)	0.133094259184
(6.2065,7.0679), (6.0833333,7.0166667)	0.133397477554
(6.1038,6.8834), (6.0833333,7.0166667)	0.134829147953
(6.08624,6.99556), (6.05314,6.86476)	0.134923126261
(5.72517,7.13325), (5.664,7.012)	0.135806227398
(6.22242,6.93223), (6.2065,7.0679)	0.136600861271
(6.22242,6.93223), (6.1982,7.0668)	0.13673219555
(6.311,6.908), (6.2871,7.0432)	0.137296212621
(6.1094,6.88615), (6.0666667,7.0166667)	0.137334423608
(5.71795,7.08217), (5.5834,7.05)	0.138342370227
(6.1038,6.8834), (6.0666667,7.0166667)	0.138343396293
(5.71795,7.08217), (5.5832,7.05)	0.138536895447
(6.0833333,7.0), (6.05314,6.86476)	0.138569451774
(6.1429,6.8914), (6.0833333,7.0166667)	0.138708103144
(6.19721,6.9697), (6.0666667,7.0166667)	0.138735085987
(6.311,6.908), (6.2687,7.0405)	0.13908824537
(6.1665,6.7833), (6.05314,6.86476)	0.139593055701
(6.2065,7.0679), (6.08624,6.99556)	0.140340810886
(6.157,7.0311), (6.1429,6.8914)	0.140409757496
(6.116667,7.066667), (5.978888732,7.093990671)	0.140461504086
(6.0833333,7.0), (5.978888732,7.093990671)	0.140509480177
(6.2065,7.0679), (6.0833333,7.0)	0.140642973479
(6.311,6.908), (6.26889,7.04225)	0.140699376687
(6.1982,7.0668), (6.0666667,7.0166667)	0.140763478139
(5.5832,7.05), (5.522,6.923)	0.140976735669
(5.5834,7.05), (5.522,6.923)	0.141063673566
(6.1429,6.8914), (6.0038,6.9155)	0.141172306066
(6.166667,7.016667), (6.1094,6.88615)	0.142527880002
(5.85916,7.00299), (5.853889,6.86)	0.143087118711
(6.22242,6.93223), (6.187,7.072)	0.144188173232
(5.95007,7.11665), (5.85916,7.00299)	0.145544576333
(6.08624,6.99556), (5.978888732,7.093990671)	0.145646461456
(6.1429,6.8914), (6.0666667,7.0166667)	0.14663990643
(6.166667,7.016667), (6.1038,6.8834)	0.147351121401
(5.1335,7.0165), (4.990833,7.054444)	0.1476266237
(6.311,6.908), (6.1832,6.9834)	0.148384635323
(6.145,7.469), (6.05,7.583333)	0.148650714391
(6.2065,7.0679), (6.0666667,7.0166667)	0.14892347974
(6.0666667,7.0166667), (5.9332,7.0834)	0.149220284606
(6.157,7.0311), (6.0168,7.0834)	0.149637328231
(6.157,7.0311), (6.016667,7.083333)	0.149738562762
(6.22242,6.93223), (6.08624,6.99556)	0.150185489645
(5.978888732,7.093990671), (5.85916,7.00299)	0.150386473424
(6.1429,6.8914), (5.9963,6.925)	0.150401196804
(6.1831,6.6336), (6.1665,6.7833)	0.150617562057
(6.2328,6.6478), (6.1665,6.7833)	0.150850720913
(5.95007,7.11665), (5.80897,7.06093)	0.151703422506
(6.0666667,7.0166667), (6.05314,6.86476)	0.152507760844
(6.157,7.0311), (6.1094,6.88615)	0.152565600644
(5.80897,7.06093), (5.664,7.012)	0.153004724764
(6.0666667,7.0166667), (5.95007,7.11665)	0.153595086932
(5.522,6.923), (5.3999,7.0167)	0.153909388927
(6.26889,7.04225), (6.116667,7.066667)	0.154168841268
(6.2687,7.0405), (6.116667,7.066667)	0.154268418602
(6.23032,7.06492), (6.0833333,7.0166667)	0.154704463212
(6.22242,6.93223), (6.0833333,7.0)	0.154718722257
(6.0833333,7.0166667), (6.05314,6.86476)	0.154878277592
(5.85916,7.00299), (5.783,6.8667)	0.156125941791
(5.9963,6.925), (5.853889,6.86)	0.156543581539
(6.157,7.0311), (6.1038,6.8834)	0.156988948656
(6.1831,6.6336), (6.1124,6.7738)	0.157017610477
(6.1831,6.6336), (6.1124,6.7739)	0.157106906277
(5.9963,6.925), (5.85916,7.00299)	0.157765077568
(6.22242,6.93223), (6.1665,6.7833)	0.159082341258
(6.016667,7.083333), (5.9963,6.925)	0.159637569444
(6.0168,7.0834), (5.9963,6.925)	0.159721038063
(6.0038,6.9155), (5.853889,6.86)	0.159854802621
(6.23032,7.06492), (6.08624,6.99556)	0.159905772254
(6.23032,7.06492), (6.0833333,7.0)	0.160685084488
(5.85916,7.00299), (5.71795,7.08217)	0.161894213918
(6.22242,6.93223), (6.0833333,7.0166667)	0.162710375895
(6.166667,7.016667), (6.0168,7.0834)	0.164053073662
(6.166667,7.016667), (6.016667,7.083333)	0.164147359272
(6.0833333,7.0166667), (5.9332,7.0834)	0.164296503608
(5.72517,7.13325), (5.5834,7.05)	0.164405886148
(5.72517,7.13325), (5.5832,7.05)	0.164578380719
(6.0833333,7.0166667), (5.95007,7.11665)	0.166600622465
(6.01671,6.91664), (6.016667,7.083333)	0.166693005546
(6.0168,7.0834), (6.01671,6.91664)	0.166760024286
(5.664,7.012), (5.522,6.923)	0.167585798921
(6.016667,7.083333), (6.0038,6.9155)	0.168325504835
(6.0168,7.0834), (6.0038,6.9155)	0.168402523734
(6.1124,6.7739), (6.01735,6.9134)	0.168803887692
(6.1124,6.7738), (6.01735,6.9134)	0.168886537356
(6.311,6.908), (6.1429,6.8914)	0.168917642655
(6.0038,6.9155), (5.85916,7.00299)	0.169042094462
(5.9963,6.925), (5.978888732,7.093990671)	0.169885252857
(6.01735,6.9134), (6.016667,7.083333)	0.169934372562
(6.01735,6.9134), (6.0168,7.0834)	0.170000889704
(5.9963,6.925), (5.9332,7.0834)	0.170505630406
(6.187,7.072), (6.0168,7.0834)	0.170581358888
(6.23032,7.06492), (6.0666667,7.0166667)	0.170618825344
(6.187,7.072), (6.016667,7.083333)	0.17070960072
(6.276,7.005), (6.116667,7.066667)	0.170850296394
(6.22242,6.93223), (6.116667,7.066667)	0.171046788856
(6.0833333,7.0), (5.9332,7.0834)	0.171742737165
(6.1124,6.7739), (6.01671,6.91664)	0.171846686613
(6.1124,6.7738), (6.01671,6.91664)	0.171929758041
(6.01735,6.9134), (5.853889,6.86)	0.171962375306
(6.2871,7.0432), (6.116667,7.066667)	0.172041005513
(6.01671,6.91664), (5.853889,6.86)	0.172391321246
(5.978888732,7.093990671), (5.80897,7.06093)	0.173105122545
(5.4829,7.0337), (5.4244,7.1967)	0.173179819841
(6.116667,7.066667), (5.95007,7.11665)	0.173933495043
(6.2328,6.6478), (6.1124,6.7738)	0.174276102779
(6.2328,6.6478), (6.1124,6.7739)	0.174348415536
(5.4543,7.0247), (5.4244,7.1967)	0.174579523427
(6.276,7.005), (6.1429,6.8914)	0.174987342399
(6.1832,6.9834), (6.05314,6.86476)	0.176042759578
(6.311,6.908), (6.23032,7.06492)	0.176445880655
(6.08624,6.99556), (5.9332,7.0834)	0.176457097335
(6.016667,7.083333), (5.85916,7.00299)	0.176814741178
(6.0168,7.0834), (5.85916,7.00299)	0.176963662089
(6.0833333,7.0), (5.95007,7.11665)	0.17710541953
(6.22242,6.93223), (6.0666667,7.0166667)	0.177168413572
(6.1429,6.8914), (6.116667,7.066667)	0.177219331841
(6.16855,7.4515), (6.05,7.583333)	0.177296481604
(6.19721,6.9697), (6.05314,6.86476)	0.178237393664
(6.1124,6.7739), (6.0038,6.9155)	0.178450329224
(6.1124,6.7738), (6.0038,6.9155)	0.178529689408
(6.1832,6.9834), (6.01671,6.91664)	0.179376190449
(6.01671,6.91664), (5.85916,7.00299)	0.179661695973
(6.1832,6.9834), (6.01735,6.9134)	0.180017283892
(6.0038,6.9155), (5.978888732,7.093990671)	0.180220672808
(6.166667,7.016667), (6.01671,6.91664)	0.180256768467
(6.116667,7.066667), (6.01671,6.91664)	0.180276184168
(6.116667,7.066667), (6.1094,6.88615)	0.180663213129
(6.311,6.908), (6.166667,7.016667)	0.180666908365
(6.157,7.0311), (6.01671,6.91664)	0.181059039266
(6.01671,6.91664), (5.978888732,7.093990671)	0.181338657813
(6.166667,7.016667), (6.01735,6.9134)	0.181547899404
(5.4244,7.1967), (5.3999,7.0167)	0.181659709347
(6.01735,6.9134), (5.85916,7.00299)	0.181797811318
(6.0038,6.9155), (5.9332,7.0834)	0.182139424618
(6.1982,7.0668), (6.0168,7.0834)	0.182157953436
(6.08624,6.99556), (5.95007,7.11665)	0.182222548001
(6.22242,6.93223), (6.05314,6.86476)	0.18223040169
(6.1982,7.0668), (6.016667,7.083333)	0.182284311387
(5.664,7.012), (5.4829,7.0337)	0.182395449505
(6.116667,7.066667), (6.01735,6.9134)	0.182632526616
(6.157,7.0311), (6.01735,6.9134)	0.182634642114
(6.116667,7.066667), (6.1038,6.8834)	0.183718134592
(6.1982,7.0668), (6.1429,6.8914)	0.183910983903
(6.116667,7.066667), (5.9332,7.0834)	0.184228481452
(6.01735,6.9134), (5.978888732,7.093990671)	0.184640893597
(6.116667,7.066667), (5.9963,6.925)	0.185897158607
(6.187,7.072), (6.1429,6.8914)	0.18590634739
(5.5832,7.05), (5.3999,7.0167)	0.186300241546
(5.5834,7.05), (5.3999,7.0167)	0.186497024105
(6.01671,6.91664), (5.9332,7.0834)	0.186501521978
(5.85916,7.00299), (5.72517,7.13325)	0.186871580771
(6.2687,7.0405), (6.0833333,7.0166667)	0.186892588558
(6.26889,7.04225), (6.0833333,7.0166667)	0.187312023516
(6.2065,7.0679), (6.1429,6.8914)	0.187609194871
(5.783,6.8667), (5.664,7.012)	0.187811314888
(6.2687,7.0405), (6.08624,6.99556)	0.187912892586
(6.19721,6.9697), (6.01671,6.91664)	0.188137220135
(6.19721,6.9697), (6.01735,6.9134)	0.188465672206
(6.26889,7.04225), (6.08624,6.99556)	0.188523151363
(6.116667,7.066667), (6.0038,6.9155)	0.188654238166
(6.157,7.0311), (5.978888732,7.093990671)	0.188888486381
(6.19721,6.9697), (6.1665,6.7833)	0.188912847896
(6.166667,7.016667), (6.05314,6.86476)	0.189642074388
(6.01735,6.9134), (5.9332,7.0834)	0.189687170099
(6.2687,7.0405), (6.0833333,7.0)	0.189739462076
(6.276,7.005), (6.08624,6.99556)	0.189994660978
(6.26889,7.04225), (6.0833333,7.0)	0.190305941617
(6.2065,7.0679), (6.0168,7.0834)	0.190332183301
(6.2065,7.0679), (6.016667,7.083333)	0.190459301107
(6.1124,6.7739), (5.9963,6.925)	0.190552932279
(6.1124,6.7738), (5.9963,6.925)	0.190632237568
(6.311,6.908), (6.1665,6.7833)	0.190867336126
(6.311,6.908), (6.2065,7.0679)	0.19101900429
(6.166667,7.016667), (6.0038,6.9155)	0.191730074787
(6.1832,6.9834), (6.0038,6.9155)	0.191819628818
(6.157,7.0311), (6.0038,6.9155)	0.191920817005
(6.3739,6.8134), (6.22242,6.93223)	0.192527294948
(6.157,7.0311), (5.9963,6.925)	0.19256609255
(6.276,7.005), (6.0833333,7.0)	0.192731567961
(6.22242,6.93223), (6.1124,6.7739)	0.192802461862
(6.22242,6.93223), (6.1124,6.7738)	0.192884590624
(6.276,7.005), (6.0833333,7.0166667)	0.193019608273
(6.166667,7.016667), (5.9963,6.925)	0.193462537919
(6.1832,6.9834), (6.0168,7.0834)	0.194136446861
(6.1832,6.9834), (6.016667,7.083333)	0.194215974055
(6.23032,7.06492), (6.1429,6.8914)	0.194297315473
(6.311,6.908), (6.1982,7.0668)	0.194785215045
(6.2687,7.0405), (6.1429,6.8914)	0.195080624358
(5.85916,7.00299), (5.664,7.012)	0.195367872743
(6.1832,6.9834), (5.9963,6.925)	0.195811567585
(5.80897,7.06093), (5.783,6.8667)	0.195958500198
(6.157,7.0311), (6.05314,6.86476)	0.19610174706
(6.3857,6.8229), (6.22242,6.93223)	0.196502944762
(6.26889,7.04225), (6.1429,6.8914)	0.196543131653
(5.9963,6.925), (5.95007,7.11665)	0.197146989325
(6.311,6.908), (6.157,7.0311)	0.197153772472
(6.1665,6.7833), (6.01735,6.9134)	0.197918499641
(6.05314,6.86476), (5.853889,6.86)	0.199307848819
(6.1665,6.7833), (6.01671,6.91664)	0.200540768174
(6.1832,6.9834), (6.1665,6.7833)	0.200795667284
(6.19721,6.9697), (6.0038,6.9155)	0.200860817732
(6.1982,7.0668), (6.1094,6.88615)	0.201295460704
(6.187,7.072), (6.1094,6.88615)	0.201400055859
(6.3823,6.8088), (6.22242,6.93223)	0.201981631096
(6.311,6.908), (6.1094,6.88615)	0.20278062654
(6.166667,7.016667), (5.978888732,7.093990671)	0.203075424486
(6.2687,7.0405), (6.0666667,7.0166667)	0.203434216635
(6.26889,7.04225), (6.0666667,7.0166667)	0.203835149819
(6.276,7.005), (6.1094,6.88615)	0.204648192027
(6.2871,7.0432), (6.0833333,7.0166667)	0.205486943716
(6.311,6.908), (6.187,7.072)	0.205601556414
(6.19721,6.9697), (5.9963,6.925)	0.205822540311
(5.853889,6.86), (5.80897,7.06093)	0.205889731315
(6.22242,6.93223), (6.01735,6.9134)	0.205932692402
(6.2065,7.0679), (6.1094,6.88615)	0.206061817181
(6.187,7.072), (6.1038,6.8834)	0.206136362634
(6.1982,7.0668), (6.1038,6.8834)	0.206269047605
(6.22242,6.93223), (6.01671,6.91664)	0.206299908386
(6.2871,7.0432), (6.08624,6.99556)	0.206432335645
(6.0666667,7.0166667), (5.85916,7.00299)	0.20795692503
(6.0038,6.9155), (5.95007,7.11665)	0.208202390476
(6.2871,7.0432), (6.0833333,7.0)	0.208295722541
(6.311,6.908), (6.1038,6.8834)	0.208655218003
(6.016667,7.083333), (5.80897,7.06093)	0.208901742975
(6.0168,7.0834), (5.80897,7.06093)	0.209041167716
(6.187,7.072), (5.978888732,7.093990671)	0.209269896257
(6.2871,7.0432), (6.1429,6.8914)	0.209372586553
(6.3739,6.8134), (6.1665,6.7833)	0.209572827437
(6.1665,6.7833), (6.0038,6.9155)	0.209638092913
(6.276,7.005), (6.0666667,7.0166667)	0.209658156001
(5.664,7.012), (5.4543,7.0247)	0.210084221207
(6.276,7.005), (6.1038,6.8834)	0.210806546388
(6.01671,6.91664), (5.95007,7.11665)	0.210819566692
(6.2065,7.0679), (6.1038,6.8834)	0.211157618854
(6.116667,7.066667), (6.05314,6.86476)	0.211665104299
(6.3857,6.8229), (6.276,7.005)	0.212589980949
(6.19721,6.9697), (6.0168,7.0834)	0.213249755217
(6.19721,6.9697), (6.016667,7.083333)	0.213326588915
(6.19721,6.9697), (6.1124,6.7739)	0.213378480874
(6.19721,6.9697), (6.1124,6.7738)	0.213470246405
(5.9332,7.0834), (5.72517,7.13325)	0.213919385283
(6.01735,6.9134), (5.95007,7.11665)	0.214096148728
(6.23032,7.06492), (6.0168,7.0834)	0.21431822321
(6.23032,7.06492), (6.016667,7.083333)	0.214444964916
(6.3739,6.8134), (6.276,7.005)	0.2151626594
(5.9332,7.0834), (5.71795,7.08217)	0.215253514257
(6.23032,7.06492), (6.1094,6.88615)	0.215824834762
(5.5832,7.05), (5.4244,7.1967)	0.216190494703
(5.5834,7.05), (5.4244,7.1967)	0.216337444748
(6.3823,6.8088), (6.1665,6.7833)	0.217301380575
(6.3739,6.8134), (6.2328,6.6478)	0.217560497333
(6.1094,6.88615), (6.016667,7.083333)	0.217900309265
(6.1094,6.88615), (6.0168,7.0834)	0.217904388437
(5.6027,7.322), (5.4244,7.1967)	0.217924252895
(6.1038,6.8834), (6.016667,7.083333)	0.218094851333
(6.1038,6.8834), (6.0168,7.0834)	0.218103186588
(6.22242,6.93223), (6.0038,6.9155)	0.219259201175
(6.3823,6.8088), (6.2328,6.6478)	0.219707191507
(6.1982,7.0668), (5.978888732,7.093990671)	0.22099041803
(5.9963,6.925), (5.783,6.8667)	0.221123901919
(6.1832,6.9834), (6.1124,6.7739)	0.221139978294
(6.1832,6.9834), (6.1124,6.7738)	0.221234716986
(6.23032,7.06492), (6.1038,6.8834)	0.221261882845
(6.1665,6.7833), (5.9963,6.925)	0.221465414907
(6.05314,6.86476), (6.016667,7.083333)	0.22159520766
(6.05314,6.86476), (6.0168,7.0834)	0.221639448655
(6.2687,7.0405), (6.1094,6.88615)	0.221811659973
(6.2871,7.0432), (6.0666667,7.0166667)	0.222024448559
(6.3857,6.8229), (6.1665,6.7833)	0.222748288433
(6.3823,6.8088), (6.276,7.005)	0.223145983607
(6.26889,7.04225), (6.1094,6.88615)	0.223168703227
(6.1124,6.7739), (6.08624,6.99556)	0.223198344976
(6.1124,6.7738), (6.08624,6.99556)	0.223297656056
(6.157,7.0311), (5.95007,7.11665)	0.223917010073
(6.0833333,7.0), (5.85916,7.00299)	0.224193239267
(6.0833333,7.0166667), (5.85916,7.00299)	0.224590116781
(5.72517,7.13325), (5.6027,7.322)	0.225001029775
(5.783,6.8667), (5.71795,7.08217)	0.225075150561
(5.95007,7.11665), (5.72517,7.13325)	0.2255117957
(5.80897,7.06093), (5.5834,7.05)	0.22583465146
(5.80897,7.06093), (5.5832,7.05)	0.226034417291
(6.0038,6.9155), (5.783,6.8667)	0.226128459067
(6.22242,6.93223), (5.9963,6.925)	0.226235557108
(6.1665,6.7833), (6.08624,6.99556)	0.226927246491
(6.08624,6.99556), (5.85916,7.00299)	0.227201521342
(6.2687,7.0405), (6.1038,6.8834)	0.227755175572
(6.1124,6.7739), (6.0833333,7.0)	0.227960705054
(6.1124,6.7738), (6.0833333,7.0)	0.228059889171
(6.2065,7.0679), (5.978888732,7.093990671)	0.229101751267
(6.26889,7.04225), (6.1038,6.8834)	0.229102663887
(6.1429,6.8914), (6.0168,7.0834)	0.229706791367
(6.1429,6.8914), (6.016667,7.083333)	0.229723848953
(6.157,7.0311), (5.9332,7.0834)	0.229829784841
(6.187,7.072), (6.01671,6.91664)	0.230511200812
(5.9963,6.925), (5.80897,7.06093)	0.231450845321
(6.1665,6.7833), (6.0833333,7.0)	0.232111158691
(6.1334,7.3667), (6.05,7.583333)	0.232132325817
(6.187,7.072), (6.01735,6.9134)	0.232239278547
(6.1832,6.9834), (5.978888732,7.093990671)	0.232321739715
(6.3857,6.8229), (6.2328,6.6478)	0.232461652752
(6.166667,7.016667), (6.1665,6.7833)	0.233367059754
(5.95007,7.11665), (5.71795,7.08217)	0.234666923106
(6.1982,7.0668), (6.01671,6.91664)	0.235556035159
(6.3739,6.8134), (6.19721,6.9697)	0.235900500423
(5.9332,7.0834), (5.853889,6.86)	0.237060740573
(6.1982,7.0668), (6.01735,6.9134)	0.237146120567
(6.2871,7.0432), (6.1094,6.88615)	0.23715394262
(6.05314,6.86476), (5.85916,7.00299)	0.238192723021
(6.166667,7.016667), (5.95007,7.11665)	0.238559972959
(6.3857,6.8229), (6.19721,6.9697)	0.238911531953
(6.01735,6.9134), (5.783,6.8667)	0.238957763004
(6.01671,6.91664), (5.783,6.8667)	0.238986124493
(6.311,6.908), (6.1124,6.7739)	0.23963465943
(6.311,6.908), (6.1124,6.7738)	0.239690633943
(5.71795,7.08217), (5.4829,7.0337)	0.239995507041
(6.187,7.072), (5.9963,6.925)	0.240781000081
(6.187,7.072), (6.0038,6.9155)	0.240944993723
(6.05314,6.86476), (5.978888732,7.093990671)	0.240956326596
(6.187,7.072), (5.95007,7.11665)	0.241100492326
(6.311,6.908), (6.08624,6.99556)	0.241213206935
(6.3857,6.8229), (6.2871,7.0432)	0.241358757869
(6.2065,7.0679), (6.01671,6.91664)	0.242692875256
(6.166667,7.016667), (5.9332,7.0834)	0.24281707802
(6.0038,6.9155), (5.80897,7.06093)	0.243122631197
(6.2871,7.0432), (6.1038,6.8834)	0.243176746421
(5.853889,6.86), (5.664,7.012)	0.243232054469
(6.3739,6.8134), (6.1429,6.8914)	0.243813453279
(6.2065,7.0679), (6.01735,6.9134)	0.24422934406
(6.1124,6.7739), (6.0833333,7.0166667)	0.244500600567
(6.1124,6.7738), (6.0833333,7.0166667)	0.244599891696
(6.1038,6.8834), (5.978888732,7.093990671)	0.244849454942
(6.3823,6.8088), (6.19721,6.9697)	0.245249093984
(6.1094,6.88615), (5.978888732,7.093990671)	0.24541991687
(6.311,6.908), (6.0833333,7.0)	0.245552695544
(6.3739,6.8134), (6.2871,7.0432)	0.245646656806
(6.1982,7.0668), (6.0038,6.9155)	0.246339298529
(6.187,7.072), (6.05314,6.86476)	0.246712215344
(6.1982,7.0668), (5.9963,6.925)	0.246720185635
(6.1124,6.7739), (6.0666667,7.0166667)	0.247036850202
(6.3857,6.8229), (6.2687,7.0405)	0.24706023557
(6.1124,6.7738), (6.0666667,7.0166667)	0.247135122348
(6.276,7.005), (6.1665,6.7833)	0.247267345195
(6.1665,6.7833), (6.0833333,7.0166667)	0.247743247451
(6.1665,6.7833), (6.157,7.0311)	0.24798203564
(6.3857,6.8229), (6.26889,7.04225)	0.248513578301
(6.1982,7.0668), (6.05314,6.86476)	0.248721863132
(6.166667,7.016667), (6.1124,6.7739)	0.248758363835
(6.166667,7.016667), (6.1124,6.7738)	0.248855956284
(6.05314,6.86476), (5.9332,7.0834)	0.249377330967
(6.3739,6.8134), (6.2687,7.0405)	0.250282740116
(6.311,6.908), (6.116667,7.066667)	0.250879516458
(6.1038,6.8834), (5.853889,6.86)	0.251004119331
(6.19721,6.9697), (5.978888732,7.093990671)	0.251221708773
(6.3739,6.8134), (6.26889,7.04225)	0.251792419664
(6.311,6.908), (6.0833333,7.0166667)	0.252270842504
(6.3857,6.8229), (6.1429,6.8914)	0.252277803225
(5.71795,7.08217), (5.522,6.923)	0.252450968309
(6.01671,6.91664), (5.80897,7.06093)	0.25293380893
(6.3823,6.8088), (6.2871,7.0432)	0.252994861608
(6.1982,7.0668), (5.95007,7.11665)	0.253087967711
(6.23032,7.06492), (5.978888732,7.093990671)	0.253106274992
(6.3823,6.8088), (6.1429,6.8914)	0.253249126356
(6.2065,7.0679), (6.0038,6.9155)	0.253600177445
(6.1665,6.7833), (6.0666667,7.0166667)	0.253824160508
(6.187,7.072), (5.9332,7.0834)	0.254055899361
(6.2065,7.0679), (5.9963,6.925)	0.254174054537
(6.2065,7.0679), (6.05314,6.86476)	0.25452926983
(6.22242,6.93223), (6.0168,7.0834)	0.25520962619
(6.22242,6.93223), (6.016667,7.083333)	0.255277131013
(6.01735,6.9134), (5.80897,7.06093)	0.255318086512
(6.26889,7.04225), (6.0168,7.0834)	0.255426487663
(6.3739,6.8134), (6.1832,6.9834)	0.255473070988
(6.2687,7.0405), (6.0168,7.0834)	0.255526945742
(6.26889,7.04225), (6.016667,7.083333)	0.255546971451
(6.2687,7.0405), (6.016667,7.083333)	0.255646824698
(5.978888732,7.093990671), (5.72517,7.13325)	0.25673817379
(6.1094,6.88615), (5.853889,6.86)	0.25684566109
(6.3823,6.8088), (6.2687,7.0405)	0.258050092036
(6.3857,6.8229), (6.1832,6.9834)	0.258392143843
(6.3823,6.8088), (6.26889,7.04225)	0.259539458657
(6.2328,6.6478), (6.1429,6.8914)	0.259659334514
(6.23032,7.06492), (6.01671,6.91664)	0.260031133713
(5.853889,6.86), (5.71795,7.08217)	0.260459057475
(6.1429,6.8914), (5.978888732,7.093990671)	0.260658159295
(6.1831,6.6336), (6.1429,6.8914)	0.260915465237
(6.2065,7.0679), (5.95007,7.11665)	0.261022810114
(6.157,7.0311), (6.1124,6.7739)	0.261038311364
(6.157,7.0311), (6.1124,6.7738)	0.261136841522
(5.978888732,7.093990671), (5.71795,7.08217)	0.261206336295
(6.23032,7.06492), (6.01735,6.9134)	0.261370486666
(6.311,6.908), (6.05314,6.86476)	0.261460278436
(6.0666667,7.0166667), (5.80897,7.06093)	0.261470512521
(5.72517,7.13325), (5.4829,7.0337)	0.261925476806
(6.1831,6.6336), (6.1038,6.8834)	0.262084967139
(6.3739,6.8134), (6.1831,6.6336)	0.262169182018
(6.1038,6.8834), (5.9332,7.0834)	0.262877081542
(6.1831,6.6336), (6.1094,6.88615)	0.263084002744
(6.276,7.005), (6.05314,6.86476)	0.263313192226
(5.9332,7.0834), (5.783,6.8667)	0.263664426876
(5.664,7.012), (5.3999,7.0167)	0.264141817969
(6.0666667,7.0166667), (5.853889,6.86)	0.264232481929
(6.3739,6.8134), (6.1124,6.7739)	0.264466443996
(6.3739,6.8134), (6.1124,6.7738)	0.264481398212
(6.1094,6.88615), (5.9332,7.0834)	0.264488189717
(6.3823,6.8088), (6.1832,6.9834)	0.264813085024
(6.1831,6.6336), (6.05314,6.86476)	0.26518775839
(6.116667,7.066667), (5.85916,7.00299)	0.265263294442
(6.3823,6.8088), (6.1831,6.6336)	0.265284149545
(5.978888732,7.093990671), (5.853889,6.86)	0.265285821549
(6.1982,7.0668), (5.9332,7.0834)	0.265519415486
(5.71795,7.08217), (5.6027,7.322)	0.266084556861
(5.3999,7.0167), (5.1335,7.0165)	0.266400075075
(5.783,6.8667), (5.522,6.923)	0.267003164775
(6.23032,7.06492), (6.05314,6.86476)	0.267314006367
(6.311,6.908), (6.0666667,7.0166667)	0.26740832668
(6.2328,6.6478), (6.1094,6.88615)	0.268399483047
(6.1832,6.9834), (5.95007,7.11665)	0.268524038775
(6.2328,6.6478), (6.1038,6.8834)	0.268604467573
(6.0833333,7.0), (5.853889,6.86)	0.268783717517
(6.08624,6.99556), (5.853889,6.86)	0.269004648289
(6.1832,6.9834), (5.9332,7.0834)	0.269258240357
(5.71795,7.08217), (5.4543,7.0247)	0.269840922397
(6.05314,6.86476), (5.783,6.8667)	0.270146965928
(6.276,7.005), (6.0168,7.0834)	0.270797341198
(6.276,7.005), (6.016667,7.083333)	0.270905267165
(5.783,6.8667), (5.5834,7.05)	0.27099640219
(5.783,6.8667), (5.5832,7.05)	0.271143744165
(6.23032,7.06492), (6.0038,6.9155)	0.271362574428
(6.311,6.908), (6.2328,6.6478)	0.271697037157
(6.3823,6.8088), (6.1124,6.7739)	0.272147055836
(6.3823,6.8088), (6.1124,6.7738)	0.272159897854
(6.05314,6.86476), (5.95007,7.11665)	0.27216171112
(6.1038,6.8834), (5.85916,7.00299)	0.272305889947
(6.1124,6.7739), (5.853889,6.86)	0.272472286886
(6.1124,6.7738), (5.853889,6.86)	0.272503902946
(6.23032,7.06492), (5.9963,6.925)	0.272659066968
(5.6027,7.322), (5.5834,7.05)	0.272683864576
(5.6027,7.322), (5.5832,7.05)	0.272698093136
(5.783,6.8667), (5.72517,7.13325)	0.272751189548
(6.2871,7.0432), (6.0168,7.0834)	0.273272995373
(6.2871,7.0432), (6.016667,7.083333)	0.273394705834
(6.2065,7.0679), (5.9332,7.0834)	0.273739182435
(6.276,7.005), (6.01671,6.91664)	0.273932096878
(5.95007,7.11665), (5.853889,6.86)	0.274080293456
(6.3739,6.8134), (6.1094,6.88615)	0.274322460801
(6.276,7.005), (6.01735,6.9134)	0.274390930061
(6.1094,6.88615), (5.85916,7.00299)	0.276173212314
(6.016667,7.083333), (5.853889,6.86)	0.276359016811
(6.0168,7.0834), (5.853889,6.86)	0.276491507864
(6.2687,7.0405), (6.1665,6.7833)	0.276761052173
(6.3857,6.8229), (6.1831,6.6336)	0.277274683302
(6.3857,6.8229), (6.1124,6.7739)	0.277657865007
(6.3857,6.8229), (6.1124,6.7738)	0.277675530071
(6.0833333,7.0166667), (5.853889,6.86)	0.277829339148
(6.0833333,7.0166667), (5.80897,7.06093)	0.277910885202
(6.2687,7.0405), (6.05314,6.86476)	0.278119868402
(6.26889,7.04225), (6.1665,6.7833)	0.278457922495
(5.9332,7.0834), (5.664,7.012)	0.278507809585
(6.3739,6.8134), (6.1038,6.8834)	0.279023314438
(6.1038,6.8834), (5.95007,7.11665)	0.279353674399
(6.26889,7.04225), (6.05314,6.86476)	0.279375665726
(5.85916,7.00299), (5.5834,7.05)	0.279738302168
(5.85916,7.00299), (5.5832,7.05)	0.279935459883
(6.1094,6.88615), (5.95007,7.11665)	0.280207599647
(6.2687,7.0405), (6.01671,6.91664)	0.280785077417
(6.0833333,7.0), (5.80897,7.06093)	0.281047478706
(6.2687,7.0405), (6.01735,6.9134)	0.281658006277
(6.2328,6.6478), (6.05314,6.86476)	0.281690179453
(6.26889,7.04225), (6.01671,6.91664)	0.281731475877
(6.26889,7.04225), (6.01735,6.9134)	0.282621114038
(6.276,7.005), (6.1124,6.7739)	0.283146905334
(6.276,7.005), (6.1124,6.7738)	0.283228529636
(6.3857,6.8229), (6.1094,6.88615)	0.283447089419
(6.3823,6.8088), (6.1094,6.88615)	0.283650193901
(6.1429,6.8914), (5.9332,7.0834)	0.284320400253
(6.2328,6.6478), (6.22242,6.93223)	0.28461934105
(6.08624,6.99556), (5.80897,7.06093)	0.284871707616
(6.23032,7.06492), (5.95007,7.11665)	0.284984307287
(6.1982,7.0668), (6.1665,6.7833)	0.285266787411
(6.2871,7.0432), (6.1665,6.7833)	0.286517660887
(6.276,7.005), (6.0038,6.9155)	0.286536367674
(6.2065,7.0679), (6.1665,6.7833)	0.28739721641
(6.19721,6.9697), (5.9332,7.0834)	0.28745255278
(6.19721,6.9697), (5.95007,7.11665)	0.287528228353
(6.3857,6.8229), (6.23032,7.06492)	0.287604980485
(6.1665,6.7833), (6.116667,7.066667)	0.287715457663
(6.3823,6.8088), (6.1038,6.8834)	0.288318244307
(6.3857,6.8229), (6.1038,6.8834)	0.288319024693
(6.23032,7.06492), (6.1665,6.7833)	0.288760829754
(6.187,7.072), (6.1665,6.7833)	0.289426916509
(6.3739,6.8134), (6.23032,7.06492)	0.28961617151
(6.3739,6.8134), (6.166667,7.016667)	0.29028088049
(5.522,6.923), (5.4244,7.1967)	0.290581227886
(6.1429,6.8914), (5.853889,6.86)	0.290711744037
(6.276,7.005), (5.9963,6.925)	0.290915950061
(5.72517,7.13325), (5.4543,7.0247)	0.29181099945
(6.22242,6.93223), (5.978888732,7.093990671)	0.292359356231
(5.72517,7.13325), (5.522,6.923)	0.292374950021
(6.3857,6.8229), (6.166667,7.016667)	0.292439917552
(6.116667,7.066667), (6.1124,6.7739)	0.292798093535
(6.116667,7.066667), (6.1124,6.7738)	0.29289808292
(6.2687,7.0405), (6.0038,6.9155)	0.292911266427
(6.311,6.908), (6.01735,6.9134)	0.293699646748
(6.26889,7.04225), (6.0038,6.9155)	0.29383374653
(6.2871,7.0432), (6.05314,6.86476)	0.294241593253
(6.311,6.908), (6.01671,6.91664)	0.294416802679
(6.26889,7.04225), (5.978888732,7.093990671)	0.294580774113
(6.2687,7.0405), (5.978888732,7.093990671)	0.294706333396
(6.016667,7.083333), (5.72517,7.13325)	0.295740101944
(6.0168,7.0834), (5.72517,7.13325)	0.295859898263
(6.2687,7.0405), (5.9963,6.925)	0.295874990494
(6.1429,6.8914), (5.95007,7.11665)	0.296514706887
(6.26889,7.04225), (5.9963,6.925)	0.296737039481
(6.23032,7.06492), (5.9332,7.0834)	0.297694146399
(6.3823,6.8088), (6.23032,7.06492)	0.297817687185
(6.2871,7.0432), (6.01671,6.91664)	0.298543440223
(6.016667,7.083333), (5.71795,7.08217)	0.298719263955
(6.0168,7.0834), (5.71795,7.08217)	0.298852531192
(6.157,7.0311), (5.85916,7.00299)	0.299163563457
(6.2871,7.0432), (6.01735,6.9134)	0.299354476332
(6.3823,6.8088), (6.166667,7.016667)	0.29951006724
(6.187,7.072), (6.1334,7.3667)	0.299534722528
(5.978888732,7.093990671), (5.783,6.8667)	0.30005573557
(6.1334,7.3667), (6.116667,7.066667)	0.300499241893
(5.95007,7.11665), (5.783,6.8667)	0.300644952394
(6.22242,6.93223), (6.1831,6.6336)	0.301207468865
(5.853889,6.86), (5.72517,7.13325)	0.302049902269
(5.664,7.012), (5.4244,7.1967)	0.302526445125
(6.311,6.908), (6.1831,6.6336)	0.302743736517
(6.3857,6.8229), (6.2065,7.0679)	0.303541825784
(5.95007,7.11665), (5.664,7.012)	0.304610681691
(6.3739,6.8134), (6.2065,7.0679)	0.304619451119
(6.1429,6.8914), (5.85916,7.00299)	0.304894597689
(6.1982,7.0668), (6.1124,6.7739)	0.305208207622
(6.1982,7.0668), (6.1124,6.7738)	0.305304176192
(6.1334,7.3667), (6.0168,7.0834)	0.306356736502
(6.1334,7.3667), (6.016667,7.083333)	0.306469329588
(6.1982,7.0668), (6.1334,7.3667)	0.306820876082
(6.311,6.908), (6.0038,6.9155)	0.307291539096
(6.187,7.072), (6.1124,6.7739)	0.307292645535
(6.3739,6.8134), (6.157,7.0311)	0.307309127752
(6.187,7.072), (6.1124,6.7738)	0.307389654998
(5.72517,7.13325), (5.4244,7.1967)	0.307389810176
(6.2065,7.0679), (6.1334,7.3667)	0.307611849577
(6.3857,6.8229), (6.1982,7.0668)	0.307641772196
(6.116667,7.066667), (5.80897,7.06093)	0.307750478437
(6.166667,7.016667), (5.85916,7.00299)	0.30781100594
(6.3739,6.8134), (6.1982,7.0668)	0.308353774097
(6.2065,7.0679), (6.1124,6.7739)	0.308692095785
(6.2065,7.0679), (6.1124,6.7738)	0.308787337823
(6.2687,7.0405), (6.1124,6.7739)	0.309039236991
(6.2687,7.0405), (6.1124,6.7738)	0.309125508491
(6.3857,6.8229), (6.157,7.0311)	0.309274845405
(6.1334,7.3667), (5.95007,7.11665)	0.310056271344
(6.276,7.005), (5.978888732,7.093990671)	0.310152293394
(6.26889,7.04225), (6.1124,6.7739)	0.31064584755
(6.26889,7.04225), (6.1124,6.7738)	0.310732236178
(6.2871,7.0432), (6.0038,6.9155)	0.310750993562
(5.6027,7.322), (5.4829,7.0337)	0.312200144138
(6.2871,7.0432), (5.978888732,7.093990671)	0.312368176969
(6.3823,6.8088), (6.2065,7.0679)	0.313110922837
(6.05314,6.86476), (5.80897,7.06093)	0.31321184173
(6.1334,7.3667), (5.978888732,7.093990671)	0.313439164851
(6.2871,7.0432), (5.9963,6.925)	0.313904252918
(6.23032,7.06492), (6.1124,6.7739)	0.314002813363
(6.23032,7.06492), (6.1124,6.7738)	0.314095496306
(5.71795,7.08217), (5.4244,7.1967)	0.31510113202
(6.311,6.908), (5.9963,6.925)	0.315158832972
(5.664,7.012), (5.6027,7.322)	0.316002674039
(6.3823,6.8088), (6.157,7.0311)	0.316508104162
(6.3823,6.8088), (6.1982,7.0668)	0.316949223063
(6.23032,7.06492), (6.1334,7.3667)	0.316961598305
(5.80897,7.06093), (5.522,6.923)	0.318396711352
(6.016667,7.083333), (5.783,6.8667)	0.318637919241
(6.3857,6.8229), (6.187,7.072)	0.318641648251
(6.0168,7.0834), (5.783,6.8667)	0.318781006335
(6.3739,6.8134), (6.187,7.072)	0.319069851287
(5.9963,6.925), (5.71795,7.08217)	0.31965783488
(6.0666667,7.0166667), (5.783,6.8667)	0.320868832699
(5.4543,7.0247), (5.1335,7.0165)	0.320904783386
(6.2871,7.0432), (6.1124,6.7739)	0.32100246105
(6.2871,7.0432), (6.1124,6.7738)	0.3210863591
(6.1038,6.8834), (5.783,6.8667)	0.321234384834
(6.1665,6.7833), (5.853889,6.86)	0.321882785065
(6.2328,6.6478), (6.19721,6.9697)	0.323861479803
(6.1124,6.7739), (6.016667,7.083333)	0.323903672066
(6.1124,6.7739), (6.0168,7.0834)	0.323928402583
(6.1124,6.7738), (6.016667,7.083333)	0.323999205829
(6.1124,6.7738), (6.0168,7.0834)	0.324023949732
(6.1832,6.9834), (5.85916,7.00299)	0.324631621534
(5.71795,7.08217), (5.3999,7.0167)	0.324718529499
(6.3739,6.8134), (6.05314,6.86476)	0.324845851443
(6.1831,6.6336), (6.01735,6.9134)	0.325209321053
(5.978888732,7.093990671), (5.664,7.012)	0.325388050905
(6.22242,6.93223), (5.9332,7.0834)	0.326344261938
(6.1094,6.88615), (5.783,6.8667)	0.326978993974
(5.80897,7.06093), (5.4829,7.0337)	0.327205008825
(6.26889,7.04225), (5.95007,7.11665)	0.327385938
(6.2687,7.0405), (5.95007,7.11665)	0.327603265246
(6.3823,6.8088), (6.187,7.072)	0.327744305824
(6.1831,6.6336), (6.01671,6.91664)	0.328324951382
(6.0833333,7.0), (5.783,6.8667)	0.328586337344
(6.22242,6.93223), (5.95007,7.11665)	0.328915276173
(6.08624,6.99556), (5.783,6.8667)	0.329483531
(5.853889,6.86), (5.5834,7.05)	0.330551507516
(5.853889,6.86), (5.5832,7.05)	0.330715186711
(6.0038,6.9155), (5.71795,7.08217)	0.330891389129
(5.6027,7.322), (5.4543,7.0247)	0.332279776694
(5.80897,7.06093), (5.6027,7.322)	0.33272339533
(6.3823,6.8088), (6.05314,6.86476)	0.333882954342
(6.1831,6.6336), (6.0038,6.9155)	0.334089957945
(6.116667,7.066667), (5.853889,6.86)	0.334310523575
(6.187,7.072), (5.85916,7.00299)	0.335024544922
(6.3857,6.8229), (6.05314,6.86476)	0.335184148193
(6.1665,6.7833), (6.016667,7.083333)	0.335365068214
(6.1665,6.7833), (6.0168,7.0834)	0.335365621375
(6.0833333,7.0166667), (5.783,6.8667)	0.335693464634
(6.19721,6.9697), (6.1831,6.6336)	0.336396049471
(6.157,7.0311), (6.1334,7.3667)	0.336428774037
(5.853889,6.86), (5.522,6.923)	0.337815494495
(6.26889,7.04225), (5.9332,7.0834)	0.338202747771
(6.2687,7.0405), (5.9332,7.0834)	0.33823166617
(6.2328,6.6478), (6.1832,6.9834)	0.339245515814
(6.19721,6.9697), (5.85916,7.00299)	0.33968518749
(6.3739,6.8134), (6.08624,6.99556)	0.34048574302
(6.1124,6.7739), (5.85916,7.00299)	0.341486054913
(6.01671,6.91664), (5.71795,7.08217)	0.341551926506
(6.1124,6.7738), (5.85916,7.00299)	0.341553149158
(5.9963,6.925), (5.72517,7.13325)	0.341876497291
(6.2328,6.6478), (6.01735,6.9134)	0.341997167386
(5.4244,7.1967), (5.1335,7.0165)	0.342191247696
(6.1124,6.7739), (5.783,6.8667)	0.34222244228
(6.1124,6.7738), (5.783,6.8667)	0.342249572681
(6.311,6.908), (6.0168,7.0834)	0.342518320678
(6.311,6.908), (6.016667,7.083333)	0.342598271709
(5.783,6.8667), (5.4829,7.0337)	0.343437053912
(5.9963,6.925), (5.664,7.012)	0.343500058224
(6.01735,6.9134), (5.71795,7.08217)	0.34369124647
(6.1038,6.8834), (5.80897,7.06093)	0.34415349744
(6.276,7.005), (5.95007,7.11665)	0.3445229853
(6.2328,6.6478), (6.01671,6.91664)	0.344920039574
(6.2871,7.0432), (5.95007,7.11665)	0.344940753464
(6.1982,7.0668), (5.85916,7.00299)	0.344992518325
(6.3739,6.8134), (6.0833333,7.0)	0.345323858355
(5.72517,7.13325), (5.3999,7.0167)	0.345520586073
(6.3857,6.8229), (6.08624,6.99556)	0.34567002647
(6.1831,6.6336), (5.9963,6.925)	0.346133211351
(5.85916,7.00299), (5.522,6.923)	0.346518781165
(6.1124,6.7739), (5.978888732,7.093990671)	0.346818823515
(6.1334,7.3667), (5.9332,7.0834)	0.346899019889
(6.1124,6.7738), (5.978888732,7.093990671)	0.346911118989
(6.1094,6.88615), (5.80897,7.06093)	0.347571910977
(6.157,7.0311), (5.853889,6.86)	0.348068223659
(6.157,7.0311), (5.80897,7.06093)	0.349306040314
(6.1832,6.9834), (6.1831,6.6336)	0.349800014294
(6.166667,7.016667), (5.853889,6.86)	0.349820848683
(5.4829,7.0337), (5.1335,7.0165)	0.349823098151
(6.3823,6.8088), (6.08624,6.99556)	0.350044027517
(6.3857,6.8229), (6.0833333,7.0)	0.350414085432
(5.9332,7.0834), (5.5834,7.05)	0.351390950367
(5.9332,7.0834), (5.5832,7.05)	0.351590045365
(6.26889,7.04225), (6.1334,7.3667)	0.351603957031
(6.166667,7.016667), (6.1334,7.3667)	0.351610287645
(6.276,7.005), (5.9332,7.0834)	0.351650963314
(6.1832,6.9834), (5.853889,6.86)	0.351672140951
(6.2328,6.6478), (6.0038,6.9155)	0.35228438796
(6.2687,7.0405), (6.1334,7.3667)	0.353146612613
(6.0038,6.9155), (5.664,7.012)	0.353236875198
(6.2065,7.0679), (5.85916,7.00299)	0.353353058144
(6.1334,7.3667), (6.0833333,7.0166667)	0.353595794033
(6.0038,6.9155), (5.72517,7.13325)	0.353623725731
(6.3739,6.8134), (6.0833333,7.0166667)	0.354607329983
(6.0666667,7.0166667), (5.71795,7.08217)	0.354815471999
(6.3823,6.8088), (6.0833333,7.0)	0.354878187142
(6.2871,7.0432), (5.9332,7.0834)	0.35617586948
(6.1334,7.3667), (6.0666667,7.0166667)	0.356337823473
(5.80897,7.06093), (5.4543,7.0247)	0.356515668379
(6.1124,6.7739), (5.9332,7.0834)	0.357635135299
(6.1124,6.7738), (5.9332,7.0834)	0.357721679522
(6.2871,7.0432), (6.1334,7.3667)	0.35815630666
(6.3857,6.8229), (6.0833333,7.0166667)	0.35912554253
(6.276,7.005), (6.2328,6.6478)	0.359802834897
(6.016667,7.083333), (5.664,7.012)	0.359808851723
(6.0168,7.0834), (5.664,7.012)	0.359952496866
(6.19721,6.9697), (5.853889,6.86)	0.360421141224
(6.166667,7.016667), (5.80897,7.06093)	0.360425244646
(6.1429,6.8914), (5.783,6.8667)	0.360746586955
(6.0666667,7.0166667), (5.72517,7.13325)	0.36084853048
(6.3739,6.8134), (6.116667,7.066667)	0.360988905062
(6.1665,6.7833), (5.978888732,7.093990671)	0.362941704585
(6.3857,6.8229), (6.116667,7.066667)	0.36304421959
(6.01671,6.91664), (5.72517,7.13325)	0.363201684605
(6.3823,6.8088), (6.0833333,7.0166667)	0.364128621064
(6.2328,6.6478), (5.9963,6.925)	0.364379047147
(5.783,6.8667), (5.4543,7.0247)	0.364702193577
(6.01671,6.91664), (5.664,7.012)	0.365373608379
(6.01735,6.9134), (5.72517,7.13325)	0.365654447395
(5.6027,7.322), (5.3999,7.0167)	0.366518662553
(6.01735,6.9134), (5.664,7.012)	0.366848991412
(6.3739,6.8134), (6.0666667,7.0166667)	0.368387909625
(6.22242,6.93223), (5.85916,7.00299)	0.370087564233
(6.1334,7.3667), (6.0833333,7.0)	0.370102100033
(6.3823,6.8088), (6.116667,7.066667)	0.370211129463
(6.3739,6.8134), (6.01735,6.9134)	0.370307848283
(6.0833333,7.0166667), (5.71795,7.08217)	0.371208348815
(6.3739,6.8134), (6.01671,6.91664)	0.371810696054
(5.95007,7.11665), (5.5834,7.05)	0.37267829478
(5.95007,7.11665), (5.5832,7.05)	0.372875072109
(6.3857,6.8229), (6.0666667,7.0166667)	0.373266366738
(6.1334,7.3667), (6.08624,6.99556)	0.374124264383
(6.1429,6.8914), (5.80897,7.06093)	0.374499220026
(6.0833333,7.0), (5.71795,7.08217)	0.37450883143
(6.1831,6.6336), (6.08624,6.99556)	0.374695744838
(6.2328,6.6478), (6.166667,7.016667)	0.374748498834
(6.22242,6.93223), (5.853889,6.86)	0.375542635211
(6.23032,7.06492), (5.85916,7.00299)	0.376291204388
(6.0833333,7.0166667), (5.72517,7.13325)	0.376659813765
(6.2328,6.6478), (6.08624,6.99556)	0.377381572417
(5.85916,7.00299), (5.4829,7.0337)	0.377511180894
(6.1665,6.7833), (5.85916,7.00299)	0.377785086656
(6.3823,6.8088), (6.0666667,7.0166667)	0.377932460947
(6.187,7.072), (5.80897,7.06093)	0.378192048832
(6.08624,6.99556), (5.71795,7.08217)	0.378336908324
(6.1124,6.7739), (5.95007,7.11665)	0.379247401309
(6.3857,6.8229), (6.01735,6.9134)	0.379304590666
(6.1124,6.7738), (5.95007,7.11665)	0.379337780085
(6.3823,6.8088), (6.01735,6.9134)	0.379644126123
(6.1831,6.6336), (6.0833333,7.0)	0.379739850989
(6.187,7.072), (6.16855,7.4515)	0.379948223446
(6.1665,6.7833), (5.9332,7.0834)	0.380116955686
(6.311,6.908), (5.978888732,7.093990671)	0.380644747805
(6.3857,6.8229), (6.01671,6.91664)	0.380710924062
(6.05,7.583333), (5.70003,7.73332)	0.380755959991
(6.3823,6.8088), (6.01671,6.91664)	0.38116336878
(6.0833333,7.0), (5.72517,7.13325)	0.382147238596
(6.1832,6.9834), (5.80897,7.06093)	0.38217665261
(6.2328,6.6478), (6.0833333,7.0)	0.382603102979
(6.276,7.005), (6.1831,6.6336)	0.382842487193
(6.1831,6.6336), (6.166667,7.016667)	0.383419313517
(6.3739,6.8134), (6.0038,6.9155)	0.383925018721
(6.2065,7.0679), (6.16855,7.4515)	0.385472648187
(6.1982,7.0668), (6.16855,7.4515)	0.385840916052
(6.08624,6.99556), (5.72517,7.13325)	0.386432505103
(6.1832,6.9834), (6.1334,7.3667)	0.386521577664
(6.16855,7.4515), (6.116667,7.066667)	0.388314670825
(6.276,7.005), (6.1334,7.3667)	0.388795125998
(6.116667,7.066667), (5.783,6.8667)	0.388999316166
(6.1982,7.0668), (5.80897,7.06093)	0.389274260387
(5.3999,7.0167), (5.0135,7.069)	0.389923389911
(5.3999,7.0167), (5.0131,7.0688)	0.39029303094
(6.2328,6.6478), (6.157,7.0311)	0.390723086085
(6.23032,7.06492), (6.16855,7.4515)	0.391483881277
(6.1665,6.7833), (5.783,6.8667)	0.392463769028
(6.3857,6.8229), (6.0038,6.9155)	0.392966118132
(6.3823,6.8088), (6.0038,6.9155)	0.393252005716
(6.3739,6.8134), (5.9963,6.925)	0.393746517445
(6.2687,7.0405), (6.2328,6.6478)	0.394337545765
(6.187,7.072), (5.853889,6.86)	0.394850526555
(6.1831,6.6336), (6.0833333,7.0166667)	0.395845286795
(6.26889,7.04225), (6.2328,6.6478)	0.39609757712
(6.116667,7.066667), (5.72517,7.13325)	0.397118618171
(6.1665,6.7833), (5.95007,7.11665)	0.397447062387
(6.2065,7.0679), (5.80897,7.06093)	0.397591098743
(5.978888732,7.093990671), (5.5834,7.05)	0.397927777711
(6.2328,6.6478), (6.0833333,7.0166667)	0.397998664291
(5.978888732,7.093990671), (5.5832,7.05)	0.398126552451
(6.16855,7.4515), (6.0168,7.0834)	0.398152825558
(6.16855,7.4515), (6.016667,7.083333)	0.398265471235
(6.1831,6.6336), (6.157,7.0311)	0.39835594636
(6.19721,6.9697), (5.80897,7.06093)	0.398814757124
(6.116667,7.066667), (5.71795,7.08217)	0.399018281659
(6.2871,7.0432), (6.2328,6.6478)	0.399111074765
(6.187,7.072), (6.145,7.469)	0.399215480662
(6.05314,6.86476), (5.71795,7.08217)	0.399524022056
(6.1831,6.6336), (5.853889,6.86)	0.399545795274
(5.522,6.923), (5.1335,7.0165)	0.399592917855
(6.16855,7.4515), (5.95007,7.11665)	0.399822501743
(6.1831,6.6336), (6.0666667,7.0166667)	0.400370840594
(6.1982,7.0668), (5.853889,6.86)	0.401642010653
(6.19721,6.9697), (6.1334,7.3667)	0.402095406713
(6.3857,6.8229), (5.9963,6.925)	0.402562752872
(6.145,7.469), (5.95007,7.11665)	0.402676330817
(6.0666667,7.0166667), (5.664,7.012)	0.402693741419
(6.3823,6.8088), (5.9963,6.925)	0.403110952468
(6.145,7.469), (6.116667,7.066667)	0.403329396124
(5.95007,7.11665), (5.6027,7.322)	0.403527619129
(6.2328,6.6478), (6.0666667,7.0166667)	0.404552735422
(6.16855,7.4515), (5.978888732,7.093990671)	0.40470275129
(5.85916,7.00299), (5.4543,7.0247)	0.405441664978
(6.1982,7.0668), (6.145,7.469)	0.405703192001
(6.2065,7.0679), (6.145,7.469)	0.405787456681
(6.145,7.469), (6.0168,7.0834)	0.406352802377
(6.145,7.469), (6.016667,7.083333)	0.406458354297
(5.6027,7.322), (5.522,6.923)	0.407079218335
(5.9332,7.0834), (5.6027,7.322)	0.407627538324
(5.80897,7.06093), (5.4244,7.1967)	0.407832781664
(6.157,7.0311), (5.783,6.8667)	0.408538076561
(5.85916,7.00299), (5.6027,7.322)	0.409315418351
(6.2065,7.0679), (5.853889,6.86)	0.409337180477
(5.853889,6.86), (5.4829,7.0337)	0.409639509961
(6.145,7.469), (5.978888732,7.093990671)	0.410152349979
(5.3999,7.0167), (4.990833,7.054444)	0.410804600784
(6.2687,7.0405), (5.85916,7.00299)	0.411254193535
(5.783,6.8667), (5.3999,7.0167)	0.411419019978
(5.80897,7.06093), (5.3999,7.0167)	0.411454198909
(6.26889,7.04225), (5.85916,7.00299)	0.411606633207
(6.166667,7.016667), (5.783,6.8667)	0.411935028831
(6.23032,7.06492), (6.145,7.469)	0.412989284122
(6.2687,7.0405), (6.1831,6.6336)	0.415806409282
(6.05314,6.86476), (5.664,7.012)	0.416064366655
(6.311,6.908), (5.9332,7.0834)	0.416530911218
(6.276,7.005), (5.85916,7.00299)	0.416844846076
(6.1832,6.9834), (5.783,6.8667)	0.416868000691
(6.311,6.908), (5.95007,7.11665)	0.416899613096
(6.2328,6.6478), (6.23032,7.06492)	0.417127372394
(6.26889,7.04225), (6.1831,6.6336)	0.417558075721
(6.1124,6.7739), (5.80897,7.06093)	0.417679285816
(6.1124,6.7738), (5.80897,7.06093)	0.417748012323
(6.0833333,7.0166667), (5.664,7.012)	0.419359266713
(6.0833333,7.0), (5.664,7.012)	0.419504965988
(6.2328,6.6478), (6.1982,7.0668)	0.420426164742
(6.16855,7.4515), (6.157,7.0311)	0.420558631465
(6.2328,6.6478), (6.2065,7.0679)	0.420922439411
(6.23032,7.06492), (5.80897,7.06093)	0.421368891353
(6.26889,7.04225), (6.16855,7.4515)	0.421371188028
(6.08624,6.99556), (5.664,7.012)	0.422559926164
(6.2871,7.0432), (6.1831,6.6336)	0.422596923794
(5.70003,7.73332), (5.6027,7.322)	0.422678685647
(6.2687,7.0405), (6.16855,7.4515)	0.423026030523
(6.05314,6.86476), (5.72517,7.13325)	0.423852805818
(6.2871,7.0432), (6.16855,7.4515)	0.425162313123
(6.2328,6.6478), (6.187,7.072)	0.426665302081
(6.19721,6.9697), (5.783,6.8667)	0.426824230919
(6.23032,7.06492), (5.853889,6.86)	0.428593635232
(6.2871,7.0432), (5.85916,7.00299)	0.429824950067
(5.4244,7.1967), (5.0135,7.069)	0.430286067634
(5.4244,7.1967), (5.0131,7.0688)	0.430727407997
(5.9963,6.925), (5.5834,7.05)	0.431406316597
(5.9963,6.925), (5.5832,7.05)	0.431597740958
(5.853889,6.86), (5.4543,7.0247)	0.432200716012
(6.22242,6.93223), (5.80897,7.06093)	0.433018004822
(6.1982,7.0668), (6.1831,6.6336)	0.433463089547
(6.23032,7.06492), (6.1831,6.6336)	0.43389707397
(6.1038,6.8834), (5.71795,7.08217)	0.434038863928
(6.2328,6.6478), (5.853889,6.86)	0.434283761982
(6.016667,7.083333), (5.5834,7.05)	0.434547330193
(6.2328,6.6478), (6.116667,7.066667)	0.434668192278
(6.0168,7.0834), (5.5834,7.05)	0.43468508141
(6.016667,7.083333), (5.5832,7.05)	0.434746741193
(6.16855,7.4515), (6.166667,7.016667)	0.434837077051
(6.0168,7.0834), (5.5832,7.05)	0.434884490411
(6.2065,7.0679), (6.1831,6.6336)	0.434929936886
(6.16855,7.4515), (5.9332,7.0834)	0.436906434491
(6.1094,6.88615), (5.71795,7.08217)	0.43778641242
(6.157,7.0311), (6.145,7.469)	0.438064390244
(6.1831,6.6336), (6.116667,7.066667)	0.438132822302
(6.187,7.072), (6.1831,6.6336)	0.438417346828
(5.978888732,7.093990671), (5.6027,7.322)	0.439893414584
(6.145,7.469), (5.9332,7.0834)	0.439939313997
(5.9332,7.0834), (5.522,6.923)	0.441376936416
(6.0038,6.9155), (5.5834,7.05)	0.441391447584
(6.0038,6.9155), (5.5832,7.05)	0.441581940301
(6.157,7.0311), (5.71795,7.08217)	0.442010234497
(5.4543,7.0247), (5.0135,7.069)	0.443020462281
(6.16855,7.4515), (6.0833333,7.0166667)	0.443104823657
(5.4543,7.0247), (5.0131,7.0688)	0.443398522776
(6.22242,6.93223), (6.1334,7.3667)	0.443496044289
(6.157,7.0311), (5.72517,7.13325)	0.443747418471
(6.22242,6.93223), (5.783,6.8667)	0.444279323512
(6.26889,7.04225), (6.145,7.469)	0.444369547336
(6.1334,7.3667), (5.80897,7.06093)	0.445813994621
(6.2687,7.0405), (6.145,7.469)	0.445997690577
(6.276,7.005), (5.853889,6.86)	0.446321292704
(6.16855,7.4515), (6.0666667,7.0166667)	0.446609679259
(6.3739,6.8134), (6.0168,7.0834)	0.44768338142
(6.3739,6.8134), (6.016667,7.083333)	0.447749082387
(6.2871,7.0432), (6.145,7.469)	0.448885341708
(5.5832,7.05), (5.1335,7.0165)	0.450946049988
(5.5834,7.05), (5.1335,7.0165)	0.451145497595
(6.3857,6.8229), (6.0168,7.0834)	0.451605425122
(6.3857,6.8229), (6.016667,7.083333)	0.451675439423
(6.2687,7.0405), (5.853889,6.86)	0.452380830408
(6.1665,6.7833), (5.80897,7.06093)	0.452665569488
(6.166667,7.016667), (6.145,7.469)	0.452851633295
(5.9332,7.0834), (5.4829,7.0337)	0.453034413704
(6.187,7.072), (5.783,6.8667)	0.453171148684
(6.26889,7.04225), (5.853889,6.86)	0.45325587972
(6.01671,6.91664), (5.5834,7.05)	0.453367892224
(6.166667,7.016667), (5.71795,7.08217)	0.453472809657
(6.01671,6.91664), (5.5832,7.05)	0.453559047644
(6.1038,6.8834), (5.72517,7.13325)	0.453636086968
(6.01735,6.9134), (5.5834,7.05)	0.454941933108
(6.01735,6.9134), (5.5832,7.05)	0.455132708669
(6.1334,7.3667), (5.85916,7.00299)	0.455513492336
(6.116667,7.066667), (5.664,7.012)	0.455956021759
(5.4244,7.1967), (4.990833,7.054444)	0.456308133858
(6.145,7.469), (6.0833333,7.0166667)	0.456517465359
(6.166667,7.016667), (5.72517,7.13325)	0.456630262793
(6.1094,6.88615), (5.72517,7.13325)	0.456827213397
(6.3823,6.8088), (6.0168,7.0834)	0.457160157932
(6.3823,6.8088), (6.016667,7.083333)	0.457226266501
(6.1038,6.8834), (5.664,7.012)	0.458216106221
(6.145,7.469), (6.0666667,7.0166667)	0.459065921386
(6.276,7.005), (6.16855,7.4515)	0.459246940654
(5.85916,7.00299), (5.3999,7.0167)	0.459464592433
(6.16855,7.4515), (6.0833333,7.0)	0.459471583407
(6.311,6.908), (5.853889,6.86)	0.459624266462
(6.2687,7.0405), (5.80897,7.06093)	0.460183721789
(6.26889,7.04225), (5.80897,7.06093)	0.460299194872
(6.1982,7.0668), (5.783,6.8667)	0.460902430022
(6.311,6.908), (5.85916,7.00299)	0.461716889121
(6.1334,7.3667), (5.9963,6.925)	0.462488162011
(6.1094,6.88615), (5.664,7.012)	0.462838397824
(6.1831,6.6336), (5.783,6.8667)	0.463050342835
(6.16855,7.4515), (6.08624,6.99556)	0.463310068637
(5.4543,7.0247), (4.990833,7.054444)	0.464420462108
(6.1334,7.3667), (6.01671,6.91664)	0.464941458358
(6.1429,6.8914), (5.71795,7.08217)	0.465806499955
(6.187,7.072), (5.72517,7.13325)	0.465873922215
(6.1334,7.3667), (6.01735,6.9134)	0.46791932264
(6.1832,6.9834), (6.16855,7.4515)	0.468329192449
(6.2065,7.0679), (5.783,6.8667)	0.468864255409
(6.187,7.072), (5.71795,7.08217)	0.469160240643
(6.1334,7.3667), (6.0038,6.9155)	0.469443926364
(5.95007,7.11665), (5.522,6.923)	0.469834276527
(6.1334,7.3667), (5.72517,7.13325)	0.470266557816
(6.2871,7.0432), (5.853889,6.86)	0.470355196124
(6.276,7.005), (5.80897,7.06093)	0.470367075591
(5.4829,7.0337), (5.0135,7.069)	0.470725450767
(5.4829,7.0337), (5.0131,7.0688)	0.471109382203
(6.145,7.469), (6.0833333,7.0)	0.473036765896
(5.9963,6.925), (5.522,6.923)	0.474304216722
(5.95007,7.11665), (5.4829,7.0337)	0.474477092598
(6.1429,6.8914), (6.1334,7.3667)	0.475394930558
(6.1832,6.9834), (5.71795,7.08217)	0.475618623899
(5.85916,7.00299), (5.4244,7.1967)	0.475961996067
(6.145,7.469), (6.08624,6.99556)	0.477072500989
(6.05,7.583333), (5.95007,7.11665)	0.477262011257
(6.1982,7.0668), (5.72517,7.13325)	0.477674558041
(6.016667,7.083333), (5.6027,7.322)	0.477839527434
(6.0168,7.0834), (5.6027,7.322)	0.477921301053
(6.2871,7.0432), (5.80897,7.06093)	0.478458618691
(6.1831,6.6336), (6.016667,7.083333)	0.479541150245
(6.1831,6.6336), (6.0168,7.0834)	0.47955784844
(5.853889,6.86), (5.3999,7.0167)	0.480271696148
(6.1982,7.0668), (5.71795,7.08217)	0.480495889056
(6.1334,7.3667), (6.1094,6.88615)	0.481148940038
(6.0038,6.9155), (5.522,6.923)	0.481858371308
(6.1832,6.9834), (5.72517,7.13325)	0.481919602631
(6.276,7.005), (6.145,7.469)	0.482137947065
(5.9332,7.0834), (5.4543,7.0247)	0.482484093002
(6.19721,6.9697), (6.16855,7.4515)	0.482651671084
(6.1429,6.8914), (5.72517,7.13325)	0.482690144295
(6.1334,7.3667), (6.1038,6.8834)	0.484205586502
(6.0666667,7.0166667), (5.5834,7.05)	0.484414917419
(6.3739,6.8134), (5.978888732,7.093990671)	0.484525568468
(6.0666667,7.0166667), (5.5832,7.05)	0.484614443551
(6.2065,7.0679), (5.72517,7.13325)	0.485746015321
(6.2328,6.6478), (6.016667,7.083333)	0.48621236901
(6.2328,6.6478), (6.0168,7.0834)	0.486213286532
(6.1832,6.9834), (6.145,7.469)	0.487100195032
(5.783,6.8667), (5.4244,7.1967)	0.487333520292
(5.978888732,7.093990671), (5.522,6.923)	0.487837189027
(6.2065,7.0679), (5.71795,7.08217)	0.488758360952
(6.3857,6.8229), (5.978888732,7.093990671)	0.488861493344
(6.23032,7.06492), (5.783,6.8667)	0.489271244608
(5.783,6.8667), (5.6027,7.322)	0.489700091893
(6.1831,6.6336), (5.85916,7.00299)	0.491310589851
(6.311,6.908), (6.1334,7.3667)	0.491881540617
(6.19721,6.9697), (5.71795,7.08217)	0.492280050886
(5.4829,7.0337), (4.990833,7.054444)	0.492504056861
(6.157,7.0311), (5.664,7.012)	0.493369851126
(6.1429,6.8914), (5.664,7.012)	0.493851769259
(6.3823,6.8088), (5.978888732,7.093990671)	0.49403883448
(6.05,7.583333), (5.978888732,7.093990671)	0.494482282178
(6.01671,6.91664), (5.522,6.923)	0.494750880444
(6.01735,6.9134), (5.522,6.923)	0.4954430164
(6.19721,6.9697), (5.72517,7.13325)	0.499570179354
(5.978888732,7.093990671), (5.4829,7.0337)	0.499639657434
(6.2328,6.6478), (5.783,6.8667)	0.500237193739
(6.1124,6.7739), (5.71795,7.08217)	0.500620809995
(6.1124,6.7738), (5.71795,7.08217)	0.500682393739
(6.05,7.583333), (6.0168,7.0834)	0.501034174971
(6.0833333,7.0166667), (5.5834,7.05)	0.501043324811
(6.05,7.583333), (6.016667,7.083333)	0.501109857106
(6.0833333,7.0166667), (5.5832,7.05)	0.501242881902
(6.19721,6.9697), (6.145,7.469)	0.502022284466
(6.0833333,7.0), (5.5834,7.05)	0.502427412119
(6.0833333,7.0), (5.5832,7.05)	0.502626419689
(6.166667,7.016667), (5.664,7.012)	0.502688664859
(6.1334,7.3667), (5.71795,7.08217)	0.50354346724
(6.1831,6.6336), (5.978888732,7.093990671)	0.503648500367
(5.95007,7.11665), (5.4543,7.0247)	0.504224846076
(6.05314,6.86476), (5.5834,7.05)	0.504945071468
(6.05314,6.86476), (5.5832,7.05)	0.505131132677
(6.08624,6.99556), (5.5834,7.05)	0.505778389416
(6.08624,6.99556), (5.5832,7.05)	0.505977227946
(6.1124,6.7739), (5.664,7.012)	0.507694957627
(6.1124,6.7738), (5.664,7.012)	0.507741863549
(6.1334,7.3667), (6.05314,6.86476)	0.508316270839
(6.23032,7.06492), (5.72517,7.13325)	0.509750440314
(6.276,7.005), (5.783,6.8667)	0.512031141631
(6.23032,7.06492), (5.71795,7.08217)	0.512660296298
(6.2328,6.6478), (5.978888732,7.093990671)	0.51337807404
(6.05,7.583333), (5.9332,7.0834)	0.513395797109
(6.1831,6.6336), (5.9332,7.0834)	0.514558111393
(6.2328,6.6478), (5.85916,7.00299)	0.515525737185
(6.2687,7.0405), (5.783,6.8667)	0.515859409142
(6.26889,7.04225), (5.783,6.8667)	0.51663032683
(6.3739,6.8134), (5.9332,7.0834)	0.516833135548
(6.145,7.469), (5.70003,7.73332)	0.517555178991
(6.05,7.583333), (5.6027,7.322)	0.51804654896
(6.1832,6.9834), (5.664,7.012)	0.519987115225
(6.016667,7.083333), (5.522,6.923)	0.520002030552
(6.0168,7.0834), (5.522,6.923)	0.520149209362
(6.116667,7.066667), (6.05,7.583333)	0.520949368408
(6.3739,6.8134), (5.95007,7.11665)	0.521145307376
(5.9332,7.0834), (5.4244,7.1967)	0.521262246859
(6.22242,6.93223), (6.16855,7.4515)	0.522056807062
(6.3739,6.8134), (5.853889,6.86)	0.52209481909
(6.3857,6.8229), (5.9332,7.0834)	0.522126900284
(5.9963,6.925), (5.4829,7.0337)	0.524781144859
(6.311,6.908), (5.80897,7.06093)	0.524806350762
(6.3857,6.8229), (5.95007,7.11665)	0.52541655798
(5.853889,6.86), (5.6027,7.322)	0.525870624509
(6.22242,6.93223), (5.71795,7.08217)	0.52628127888
(6.3823,6.8088), (5.9332,7.0834)	0.52639905965
(6.187,7.072), (5.664,7.012)	0.526430432251
(6.1124,6.7739), (5.72517,7.13325)	0.528279751079
(6.1124,6.7738), (5.72517,7.13325)	0.528347778835
(6.145,7.469), (5.80897,7.06093)	0.528618279858
(6.2328,6.6478), (5.9332,7.0834)	0.528684707553
(5.522,6.923), (5.0135,7.069)	0.52904465785
(5.978888732,7.093990671), (5.4543,7.0247)	0.529145098087
(6.187,7.072), (6.05,7.583333)	0.529367959825
(5.522,6.923), (5.0131,7.0688)	0.529374017118
(6.311,6.908), (5.783,6.8667)	0.529612773637
(5.664,7.012), (5.1335,7.0165)	0.530519085425
(6.3823,6.8088), (5.95007,7.11665)	0.530654685648
(6.3823,6.8088), (5.853889,6.86)	0.530885698546
(6.16855,7.4515), (5.80897,7.06093)	0.530888595941
(5.95007,7.11665), (5.4244,7.1967)	0.531730149042
(6.1334,7.3667), (5.6027,7.322)	0.532579177212
(6.3857,6.8229), (5.853889,6.86)	0.533103507511
(6.116667,7.066667), (5.5834,7.05)	0.533527395902
(6.116667,7.066667), (5.5832,7.05)	0.533727298326
(6.2871,7.0432), (5.783,6.8667)	0.534105850932
(6.0038,6.9155), (5.4829,7.0337)	0.534142349941
(6.05314,6.86476), (5.522,6.923)	0.534323494898
(6.19721,6.9697), (5.664,7.012)	0.534885215817
(6.016667,7.083333), (5.4829,7.0337)	0.536069626987
(6.0168,7.0834), (5.4829,7.0337)	0.536208261779
(6.1831,6.6336), (5.95007,7.11665)	0.53632106373
(6.22242,6.93223), (5.72517,7.13325)	0.536345600243
(6.1982,7.0668), (5.664,7.012)	0.537003426432
(6.1982,7.0668), (6.05,7.583333)	0.53737285016
(5.9332,7.0834), (5.3999,7.0167)	0.537454909737
(6.145,7.469), (5.72517,7.13325)	0.537573521855
(6.2065,7.0679), (6.05,7.583333)	0.538668197956
(6.1665,6.7833), (5.71795,7.08217)	0.538999424304
(6.22242,6.93223), (6.145,7.469)	0.542324523971
(6.16855,7.4515), (5.85916,7.00299)	0.544870069099
(6.2065,7.0679), (5.664,7.012)	0.545372404876
(5.853889,6.86), (5.4244,7.1967)	0.545735917016
(6.16855,7.4515), (5.72517,7.13325)	0.545773659038
(6.1038,6.8834), (5.5834,7.05)	0.546417166641
(6.01671,6.91664), (5.4829,7.0337)	0.546494427876
(6.1038,6.8834), (5.5832,7.05)	0.546607647221
(6.145,7.469), (5.85916,7.00299)	0.546689880737
(6.16855,7.4515), (5.70003,7.73332)	0.546748116412
(5.522,6.923), (4.990833,7.054444)	0.547189096223
(6.2328,6.6478), (5.95007,7.11665)	0.547500297169
(6.01735,6.9134), (5.4829,7.0337)	0.547821953284
(6.3739,6.8134), (5.85916,7.00299)	0.548545017022
(6.23032,7.06492), (6.05,7.583333)	0.548878256965
(6.1094,6.88615), (5.5834,7.05)	0.550929053962
(5.9963,6.925), (5.4543,7.0247)	0.551093540154
(6.1094,6.88615), (5.5832,7.05)	0.551120007349
(6.26889,7.04225), (5.72517,7.13325)	0.551282539538
(6.2687,7.0405), (5.72517,7.13325)	0.551386818305
(6.1665,6.7833), (5.664,7.012)	0.552095951805
(6.2687,7.0405), (5.71795,7.08217)	0.552324136174
(6.26889,7.04225), (5.71795,7.08217)	0.55238436799
(6.0666667,7.0166667), (5.522,6.923)	0.552661980579
(6.16855,7.4515), (5.9963,6.925)	0.553960569445
(6.05,7.583333), (5.72517,7.13325)	0.555057867063
(6.0666667,7.0166667), (5.6027,7.322)	0.555421932226
(6.16855,7.4515), (6.01671,6.91664)	0.55599514854
(6.3857,6.8229), (5.85916,7.00299)	0.556486100186
(6.3823,6.8088), (5.85916,7.00299)	0.55801901016
(6.16855,7.4515), (6.01735,6.9134)	0.55893921852
(5.9963,6.925), (5.6027,7.322)	0.559043790771
(5.95007,7.11665), (5.3999,7.0167)	0.559175313654
(5.6027,7.322), (5.1335,7.0165)	0.559891855629
(6.0038,6.9155), (5.4543,7.0247)	0.560245383738
(6.16855,7.4515), (6.1429,6.8914)	0.560687018309
(6.16855,7.4515), (6.0038,6.9155)	0.560748216671
(6.311,6.908), (6.16855,7.4515)	0.561857857914
(6.145,7.469), (5.6027,7.322)	0.561870349814
(6.157,7.0311), (6.05,7.583333)	0.562503587801
(6.1665,6.7833), (5.72517,7.13325)	0.563238112524
(6.276,7.005), (5.71795,7.08217)	0.563360463114
(5.978888732,7.093990671), (5.4244,7.1967)	0.563921058464
(6.145,7.469), (5.9963,6.925)	0.56395717036
(6.22242,6.93223), (5.664,7.012)	0.564088777853
(6.016667,7.083333), (5.4543,7.0247)	0.565415308758
(6.0168,7.0834), (5.4543,7.0247)	0.56555454202
(6.276,7.005), (5.72517,7.13325)	0.565563216095
(6.0833333,7.0), (5.522,6.923)	0.566589863736
(6.0666667,7.0166667), (6.05,7.583333)	0.566911346195
(6.145,7.469), (6.01671,6.91664)	0.567062513044
(6.1334,7.3667), (5.70003,7.73332)	0.567644062155
(6.0833333,7.0166667), (6.05,7.583333)	0.567645844206
(6.1831,6.6336), (5.80897,7.06093)	0.567964951207
(6.16855,7.4515), (6.1094,6.88615)	0.568435875891
(6.23032,7.06492), (5.664,7.012)	0.568787191136
(6.08624,6.99556), (5.522,6.923)	0.568886395689
(6.0833333,7.0166667), (5.522,6.923)	0.56909447755
(6.2871,7.0432), (5.72517,7.13325)	0.569099575997
(6.0833333,7.0166667), (5.6027,7.322)	0.569417942427
(5.5832,7.05), (5.0135,7.069)	0.570016745368
(6.145,7.469), (6.01735,6.9134)	0.570075330549
(5.5834,7.05), (5.0135,7.069)	0.570216634272
(5.5832,7.05), (5.0131,7.0688)	0.570409896478
(6.2871,7.0432), (5.71795,7.08217)	0.570482588165
(5.5834,7.05), (5.0131,7.0688)	0.570609787859
(6.0038,6.9155), (5.6027,7.322)	0.57107220209
(6.145,7.469), (6.0038,6.9155)	0.571226478728
(6.16855,7.4515), (6.1038,6.8834)	0.571778079765
(6.01671,6.91664), (5.4543,7.0247)	0.572697102926
(6.116667,7.066667), (5.6027,7.322)	0.573896347765
(6.157,7.0311), (5.5834,7.05)	0.573911291055
(6.01735,6.9134), (5.4543,7.0247)	0.573945112794
(6.157,7.0311), (5.5832,7.05)	0.574111182612
(6.05,7.583333), (5.80897,7.06093)	0.575326303335
(6.145,7.469), (5.71795,7.08217)	0.576202352824
(6.145,7.469), (6.1429,6.8914)	0.577603817508
(6.0833333,7.0), (5.6027,7.322)	0.578526031453
(6.166667,7.016667), (6.05,7.583333)	0.57855124617
(6.1334,7.3667), (5.853889,6.86)	0.578680645193
(6.01671,6.91664), (5.6027,7.322)	0.579414367875
(6.16855,7.4515), (5.6027,7.322)	0.580479519449
(6.1429,6.8914), (5.5834,7.05)	0.581544675842
(6.1429,6.8914), (5.5832,7.05)	0.581737096978
(6.01735,6.9134), (5.6027,7.322)	0.582141376729
(6.16855,7.4515), (5.71795,7.08217)	0.582619094177
(6.1038,6.8834), (5.522,6.923)	0.58314612234
(6.08624,6.99556), (5.6027,7.322)	0.583415808151
(6.26889,7.04225), (6.05,7.583333)	0.583681115841
(6.145,7.469), (6.1094,6.88615)	0.583936197285
(6.0666667,7.0166667), (5.4829,7.0337)	0.584015148209
(5.978888732,7.093990671), (5.3999,7.0167)	0.584124815092
(6.166667,7.016667), (5.5834,7.05)	0.584218693794
(6.0833333,7.0), (6.05,7.583333)	0.584284603406
(6.1665,6.7833), (6.1334,7.3667)	0.584338232533
(6.166667,7.016667), (5.5832,7.05)	0.584418368105
(6.311,6.908), (6.145,7.469)	0.585044442756
(6.2687,7.0405), (6.05,7.583333)	0.585232736515
(6.145,7.469), (6.1038,6.8834)	0.587047527889
(5.71795,7.08217), (5.1335,7.0165)	0.588127835934
(6.1334,7.3667), (5.664,7.012)	0.588343819548
(6.1094,6.88615), (5.522,6.923)	0.588554740445
(6.08624,6.99556), (6.05,7.583333)	0.588889155214
(6.2871,7.0432), (6.05,7.583333)	0.589881401376
(6.2328,6.6478), (5.80897,7.06093)	0.591868453121
(5.5832,7.05), (4.990833,7.054444)	0.592383669445
(5.5834,7.05), (4.990833,7.054444)	0.592583663819
(6.1334,7.3667), (6.1124,6.7739)	0.593171846938
(6.1334,7.3667), (6.1124,6.7738)	0.593271784261
(6.3739,6.8134), (5.783,6.8667)	0.593298997134
(6.05314,6.86476), (5.4829,7.0337)	0.594738918518
(6.1124,6.7739), (5.5834,7.05)	0.596717864656
(6.1124,6.7738), (5.5834,7.05)	0.596764141014
(6.1124,6.7739), (5.5832,7.05)	0.596895175052
(6.1124,6.7738), (5.5832,7.05)	0.596941437664
(6.16855,7.4515), (6.05314,6.86476)	0.597982688462
(6.3857,6.8229), (6.1334,7.3667)	0.59947788116
(5.72517,7.13325), (5.70003,7.73332)	0.600596390682
(6.0833333,7.0166667), (5.4829,7.0337)	0.600674854691
(6.05,7.583333), (5.71795,7.08217)	0.601183462072
(6.0833333,7.0), (5.4829,7.0337)	0.60137828174
(6.3823,6.8088), (5.783,6.8667)	0.602090441711
(6.016667,7.083333), (5.4244,7.1967)	0.603019299839
(5.72517,7.13325), (5.1335,7.0165)	0.603078727365
(6.0168,7.0834), (5.4244,7.1967)	0.603137339252
(5.70003,7.73332), (5.4244,7.1967)	0.603268531667
(6.3739,6.8134), (6.1334,7.3667)	0.603308494885
(5.9963,6.925), (5.3999,7.0167)	0.603408526622
(6.1832,6.9834), (5.5834,7.05)	0.60348620531
(6.1832,6.9834), (5.5832,7.05)	0.603684984077
(6.187,7.072), (5.5834,7.05)	0.604000794701
(6.187,7.072), (5.5832,7.05)	0.604200662032
(6.3857,6.8229), (5.783,6.8667)	0.604289442238
(6.08624,6.99556), (5.4829,7.0337)	0.604544303753
(6.2687,7.0405), (5.664,7.012)	0.605371241471
(6.26889,7.04225), (5.664,7.012)	0.605645915201
(6.1124,6.7739), (5.522,6.923)	0.608935932591
(6.1124,6.7738), (5.522,6.923)	0.608960425644
(6.1334,7.3667), (5.783,6.8667)	0.610557253663
(6.3823,6.8088), (6.1334,7.3667)	0.610903936802
(6.05,7.583333), (5.85916,7.00299)	0.610915626948
(6.145,7.469), (6.05314,6.86476)	0.611182654531
(6.116667,7.066667), (5.522,6.923)	0.611775324591
(6.276,7.005), (5.664,7.012)	0.61204003137
(6.0038,6.9155), (5.3999,7.0167)	0.612320708453
(6.0666667,7.0166667), (5.4543,7.0247)	0.612419389943
(6.1832,6.9834), (6.05,7.583333)	0.614541979436
(6.1982,7.0668), (5.5834,7.05)	0.615029495228
(6.1982,7.0668), (5.5832,7.05)	0.615229420623
(6.3739,6.8134), (5.80897,7.06093)	0.616779543921
(6.311,6.908), (5.71795,7.08217)	0.618096668329
(6.19721,6.9697), (5.5834,7.05)	0.619040229791
(6.19721,6.9697), (5.5832,7.05)	0.619238540548
(6.05314,6.86476), (5.4543,7.0247)	0.619830742381
(6.016667,7.083333), (5.3999,7.0167)	0.620355937328
(6.0168,7.0834), (5.3999,7.0167)	0.620495366623
(6.276,7.005), (6.05,7.583333)	0.620922747924
(6.1429,6.8914), (5.522,6.923)	0.621703603014
(6.2065,7.0679), (5.5834,7.05)	0.62335705659
(6.2065,7.0679), (5.5832,7.05)	0.623556974141
(6.2871,7.0432), (5.664,7.012)	0.623880637622
(6.3857,6.8229), (5.80897,7.06093)	0.623919685376
(6.01671,6.91664), (5.3999,7.0167)	0.624873250908
(6.157,7.0311), (5.6027,7.322)	0.625996245995
(6.01735,6.9134), (5.3999,7.0167)	0.626031462867
(6.3823,6.8088), (5.80897,7.06093)	0.626320066579
(6.311,6.908), (5.72517,7.13325)	0.627641897422
(6.0833333,7.0166667), (5.4543,7.0247)	0.629084594008
(6.0833333,7.0), (5.4543,7.0247)	0.629518055745
(6.19721,6.9697), (6.05,7.583333)	0.631043772483
(6.08624,6.99556), (5.4543,7.0247)	0.632611494679
(5.9963,6.925), (5.4244,7.1967)	0.633159142712
(6.116667,7.066667), (5.4829,7.0337)	0.634623851882
(6.1334,7.3667), (5.5834,7.05)	0.634664391628
(6.1334,7.3667), (5.5832,7.05)	0.634837719421
(6.187,7.072), (5.6027,7.322)	0.635536379761
(6.1038,6.8834), (5.4829,7.0337)	0.638832450647
(6.1665,6.7833), (5.5834,7.05)	0.641197707419
(5.6027,7.322), (5.0135,7.069)	0.641221989642
(6.166667,7.016667), (5.6027,7.322)	0.64131662849
(6.1665,6.7833), (5.5832,7.05)	0.641379591194
(5.6027,7.322), (5.0131,7.0688)	0.641668450214
(6.05314,6.86476), (5.6027,7.322)	0.641844693988
(6.1831,6.6336), (5.664,7.012)	0.64237945951
(6.1094,6.88615), (5.4829,7.0337)	0.643640623718
(6.0038,6.9155), (5.4244,7.1967)	0.644032452598
(6.157,7.0311), (5.522,6.923)	0.644135552504
(6.1831,6.6336), (5.71795,7.08217)	0.646203967335
(6.23032,7.06492), (5.5834,7.05)	0.647092028076
(6.23032,7.06492), (5.5832,7.05)	0.647291974923
(6.1982,7.0668), (5.6027,7.322)	0.647879070506
(6.22242,6.93223), (5.5834,7.05)	0.649781758208
(6.22242,6.93223), (5.5832,7.05)	0.649978446797
(5.71795,7.08217), (5.70003,7.73332)	0.651396537372
(6.166667,7.016667), (5.522,6.923)	0.651436142517
(5.664,7.012), (5.0135,7.069)	0.652992534414
(5.664,7.012), (5.0131,7.0688)	0.653373591447
(6.2065,7.0679), (5.6027,7.322)	0.655088734447
(6.01671,6.91664), (5.4244,7.1967)	0.655182981846
(6.311,6.908), (5.664,7.012)	0.655305272373
(6.01735,6.9134), (5.4244,7.1967)	0.657151879325
(6.1665,6.7833), (5.522,6.923)	0.659466708788
(6.05,7.583333), (5.9963,6.925)	0.660519514389
(6.145,7.469), (5.664,7.012)	0.663483232644
(6.116667,7.066667), (5.4543,7.0247)	0.663695164799
(6.1832,6.9834), (5.522,6.923)	0.663953010386
(6.1038,6.8834), (5.4543,7.0247)	0.664692364933
(6.3857,6.8229), (6.16855,7.4515)	0.665050436057
(5.95007,7.11665), (5.70003,7.73332)	0.665433610888
(6.1038,6.8834), (5.6027,7.322)	0.665936310769
(5.783,6.8667), (5.1335,7.0165)	0.666551040806
(6.0666667,7.0166667), (5.3999,7.0167)	0.666766700832
(6.0666667,7.0166667), (5.4244,7.1967)	0.667022115854
(6.05,7.583333), (6.01671,6.91664)	0.667523617821
(5.6027,7.322), (4.990833,7.054444)	0.667807935581
(6.16855,7.4515), (6.1665,6.7833)	0.668203144635
(6.1094,6.88615), (5.6027,7.322)	0.66836375762
(6.16855,7.4515), (5.664,7.012)	0.66912700775
(6.05,7.583333), (6.0038,6.9155)	0.66942912686
(6.1094,6.88615), (5.4543,7.0247)	0.669591003897
(6.16855,7.4515), (5.853889,6.86)	0.669987906548
(6.3739,6.8134), (6.16855,7.4515)	0.670328451209
(6.05314,6.86476), (5.3999,7.0167)	0.67067746436
(6.05,7.583333), (6.01735,6.9134)	0.670728146859
(6.1832,6.9834), (5.6027,7.322)	0.672034381561
(6.22242,6.93223), (6.05,7.583333)	0.673545672549
(6.2328,6.6478), (5.71795,7.08217)	0.67360806067
(6.157,7.0311), (5.4829,7.0337)	0.674105014074
(5.664,7.012), (4.990833,7.054444)	0.674503745746
(6.145,7.469), (5.853889,6.86)	0.675001195792
(6.1429,6.8914), (5.4829,7.0337)	0.675166120299
(6.2328,6.6478), (5.664,7.012)	0.675407343756
(6.19721,6.9697), (5.522,6.923)	0.676823044894
(5.80897,7.06093), (5.1335,7.0165)	0.676929646123
(6.3823,6.8088), (6.16855,7.4515)	0.677312595852
(6.1831,6.6336), (5.72517,7.13325)	0.677753648017
(6.23032,7.06492), (5.6027,7.322)	0.678230779897
(6.16855,7.4515), (6.1124,6.7739)	0.679922482714
(6.16855,7.4515), (6.1124,6.7738)	0.680022141184
(6.1124,6.7739), (5.4829,7.0337)	0.681003883983
(6.1124,6.7738), (5.4829,7.0337)	0.681042039818
(5.80897,7.06093), (5.70003,7.73332)	0.681158010817
(6.187,7.072), (5.522,6.923)	0.681488077665
(6.0833333,7.0166667), (5.4244,7.1967)	0.683084974917
(6.0833333,7.0166667), (5.3999,7.0167)	0.683433300811
(6.0833333,7.0), (5.3999,7.0167)	0.683637305557
(6.166667,7.016667), (5.4829,7.0337)	0.683979117648
(6.2687,7.0405), (5.5834,7.05)	0.685365843911
(6.26889,7.04225), (5.5834,7.05)	0.685533808503
(6.2687,7.0405), (5.5832,7.05)	0.685565824702
(6.26889,7.04225), (5.5832,7.05)	0.685733795725
(6.1665,6.7833), (6.145,7.469)	0.68603698151
(6.08624,6.99556), (5.3999,7.0167)	0.686665490031
(6.0833333,7.0), (5.4244,7.1967)	0.687665604672
(6.3857,6.8229), (6.145,7.469)	0.689479296281
(6.05,7.583333), (5.664,7.012)	0.689505182641
(5.9332,7.0834), (5.70003,7.73332)	0.690481176644
(6.1429,6.8914), (5.6027,7.322)	0.690820092354
(6.19721,6.9697), (5.6027,7.322)	0.691055301767
(6.1982,7.0668), (5.522,6.923)	0.691321112075
(6.08624,6.99556), (5.4244,7.1967)	0.691729343891
(5.70003,7.73332), (5.5834,7.05)	0.693201831576
(5.70003,7.73332), (5.5832,7.05)	0.693235509261
(6.276,7.005), (5.5834,7.05)	0.694060343198
(6.276,7.005), (5.5832,7.05)	0.694259922507
(6.3739,6.8134), (6.145,7.469)	0.694410951815
(6.145,7.469), (6.1124,6.7739)	0.69586404563
(6.145,7.469), (6.1124,6.7738)	0.695963935847
(5.978888732,7.093990671), (5.70003,7.73332)	0.697498518516
(6.1429,6.8914), (6.05,7.583333)	0.698141594871
(6.2065,7.0679), (5.522,6.923)	0.699668678733
(6.1094,6.88615), (6.05,7.583333)	0.699708864807
(6.16855,7.4515), (5.783,6.8667)	0.700456881257
(6.22242,6.93223), (5.522,6.923)	0.700480812942
(6.145,7.469), (5.5834,7.05)	0.700682210421
(6.145,7.469), (5.5832,7.05)	0.700842521541
(6.1429,6.8914), (5.4543,7.0247)	0.701383525612
(6.3823,6.8088), (6.145,7.469)	0.701552086448
(6.1038,6.8834), (6.05,7.583333)	0.701997610031
(6.1832,6.9834), (5.4829,7.0337)	0.702104109089
(6.2328,6.6478), (5.72517,7.13325)	0.702388723856
(6.145,7.469), (5.783,6.8667)	0.702715653732
(6.157,7.0311), (5.4543,7.0247)	0.702729144123
(6.2871,7.0432), (5.5834,7.05)	0.703732854143
(6.2871,7.0432), (5.5832,7.05)	0.703932844808
(6.1124,6.7739), (5.4543,7.0247)	0.70427001214
(6.1124,6.7738), (5.4543,7.0247)	0.704305629681
(6.116667,7.066667), (5.4244,7.1967)	0.704373608519
(5.71795,7.08217), (5.0135,7.069)	0.704573098692
(5.71795,7.08217), (5.0131,7.0688)	0.704976793519
(6.187,7.072), (5.4829,7.0337)	0.705140907904
(6.05,7.583333), (5.5834,7.05)	0.70863223811
(6.05,7.583333), (5.5832,7.05)	0.708763944405
(6.3739,6.8134), (5.71795,7.08217)	0.708877785941
(6.16855,7.4515), (5.5834,7.05)	0.7096497534
(6.16855,7.4515), (5.5832,7.05)	0.709814674757
(6.05314,6.86476), (5.4244,7.1967)	0.710983931745
(6.166667,7.016667), (5.4543,7.0247)	0.712412290586
(5.72517,7.13325), (5.0135,7.069)	0.714564378765
(5.72517,7.13325), (5.0131,7.0688)	0.714980760161
(6.1982,7.0668), (5.4829,7.0337)	0.716065429971
(6.3857,6.8229), (5.71795,7.08217)	0.71631766375
(6.1038,6.8834), (5.3999,7.0167)	0.716410566645
(6.19721,6.9697), (5.4829,7.0337)	0.717171371501
(6.3823,6.8088), (5.71795,7.08217)	0.718395489546
(6.116667,7.066667), (5.3999,7.0167)	0.718506529809
(6.05314,6.86476), (6.05,7.583333)	0.718579860509
(6.1094,6.88615), (5.3999,7.0167)	0.72141080703
(6.1831,6.6336), (5.522,6.923)	0.721668601229
(5.70003,7.73332), (5.664,7.012)	0.722219290313
(6.23032,7.06492), (5.522,6.923)	0.72239774972
(6.26889,7.04225), (5.6027,7.322)	0.722543547892
(6.0168,7.0834), (5.70003,7.73332)	0.723007081086
(6.016667,7.083333), (5.70003,7.73332)	0.723009052459
(6.2687,7.0405), (5.6027,7.322)	0.723047889147
(6.3739,6.8134), (5.72517,7.13325)	0.72329429377
(6.311,6.908), (6.05,7.583333)	0.724013577835
(6.2065,7.0679), (5.4829,7.0337)	0.724407758103
(6.2328,6.6478), (6.1334,7.3667)	0.72573932648
(5.85916,7.00299), (5.1335,7.0165)	0.725785750549
(5.71795,7.08217), (4.990833,7.054444)	0.727645423792
(6.1665,6.7833), (5.4829,7.0337)	0.728017252543
(6.1334,7.3667), (5.4244,7.1967)	0.729096015625
(6.3857,6.8229), (5.72517,7.13325)	0.729806140972
(6.1832,6.9834), (5.4543,7.0247)	0.730069106318
(6.1831,6.6336), (5.5834,7.05)	0.73008838506
(6.1831,6.6336), (5.5832,7.05)	0.730252675449
(6.1334,7.3667), (5.4829,7.0337)	0.730779891623
(6.22242,6.93223), (5.6027,7.322)	0.732102131741
(5.70003,7.73332), (5.4829,7.0337)	0.732539132948
(6.3823,6.8088), (5.72517,7.13325)	0.732862633377
(6.187,7.072), (5.4543,7.0247)	0.734225156202
(6.1831,6.6336), (6.1334,7.3667)	0.734782757011
(6.05,7.583333), (5.4244,7.1967)	0.735432142817
(6.3739,6.8134), (5.664,7.012)	0.737156679411
(5.853889,6.86), (5.1335,7.0165)	0.737192350287
(5.72517,7.13325), (4.990833,7.054444)	0.738553461305
(6.2871,7.0432), (5.6027,7.322)	0.739007983719
(6.311,6.908), (5.5834,7.05)	0.741327026352
(6.311,6.908), (5.5832,7.05)	0.741523323976
(6.276,7.005), (5.6027,7.322)	0.744192105575
(6.19721,6.9697), (5.4543,7.0247)	0.744943130782
(6.1982,7.0668), (5.4543,7.0247)	0.745090343515
(6.3857,6.8229), (5.664,7.012)	0.746062798965
(6.22242,6.93223), (5.4829,7.0337)	0.746448920757
(6.3823,6.8088), (5.664,7.012)	0.746488533067
(5.85916,7.00299), (5.70003,7.73332)	0.747465227151
(6.23032,7.06492), (5.4829,7.0337)	0.748071751104
(6.1038,6.8834), (5.4244,7.1967)	0.748158572764
(6.1124,6.7739), (5.6027,7.322)	0.748470239889
(6.1124,6.7738), (5.6027,7.322)	0.748543472351
(6.05,7.583333), (5.853889,6.86)	0.749446564613
(5.70003,7.73332), (5.4543,7.0247)	0.750017024673
(6.157,7.0311), (5.4244,7.1967)	0.751083297644
(6.1665,6.7833), (5.4543,7.0247)	0.751999202127
(6.1094,6.88615), (5.4244,7.1967)	0.752107906154
(6.1124,6.7739), (5.3999,7.0167)	0.752733744428
(6.1124,6.7738), (5.3999,7.0167)	0.75276600614
(6.2065,7.0679), (5.4543,7.0247)	0.753439499894
(6.1429,6.8914), (5.3999,7.0167)	0.753491267368
(6.1334,7.3667), (5.522,6.923)	0.755433418641
(6.2687,7.0405), (5.522,6.923)	0.755888311856
(6.26889,7.04225), (5.522,6.923)	0.756349941892
(6.157,7.0311), (5.3999,7.0167)	0.757236931218
(6.276,7.005), (5.522,6.923)	0.758445779209
(6.1334,7.3667), (5.4543,7.0247)	0.760355712808
(6.2328,6.6478), (5.522,6.923)	0.762214982797
(6.166667,7.016667), (5.4244,7.1967)	0.763788046763
(6.2328,6.6478), (5.5834,7.05)	0.763862029427
(6.2328,6.6478), (5.5832,7.05)	0.76403206739
(6.05,7.583333), (5.783,6.8667)	0.764756076595
(6.166667,7.016667), (5.3999,7.0167)	0.76676700071
(6.145,7.469), (5.4244,7.1967)	0.770332168613
(6.187,7.072), (5.4244,7.1967)	0.772728186363
(6.22242,6.93223), (5.4543,7.0247)	0.773665971399
(6.2871,7.0432), (5.522,6.923)	0.77448437686
(5.70003,7.73332), (5.3999,7.0167)	0.776931297671
(6.23032,7.06492), (5.4543,7.0247)	0.777061573365
(6.1665,6.7833), (5.6027,7.322)	0.779787233802
(6.1429,6.8914), (5.4244,7.1967)	0.780673004529
(6.1832,6.9834), (5.3999,7.0167)	0.784007512719
(6.1982,7.0668), (5.4244,7.1967)	0.784627586821
(6.2687,7.0405), (5.4829,7.0337)	0.785829421694
(6.26889,7.04225), (5.4829,7.0337)	0.786036502079
(6.116667,7.066667), (5.70003,7.73332)	0.78613778193
(6.16855,7.4515), (5.4244,7.1967)	0.786563578168
(6.1832,6.9834), (5.4244,7.1967)	0.788209572385
(6.187,7.072), (5.3999,7.0167)	0.789040239785
(6.311,6.908), (5.522,6.923)	0.78914257267
(6.05,7.583333), (5.4829,7.0337)	0.789746063421
(6.145,7.469), (5.4829,7.0337)	0.792377750823
(6.2065,7.0679), (5.4244,7.1967)	0.792634751951
(6.276,7.005), (5.4829,7.0337)	0.793619115193
(5.80897,7.06093), (5.0135,7.069)	0.795510933803
(5.783,6.8667), (5.0135,7.069)	0.795647874377
(5.80897,7.06093), (5.0131,7.0688)	0.795908910492
(5.783,6.8667), (5.0131,7.0688)	0.795983931999
(6.19721,6.9697), (5.3999,7.0167)	0.798694081673
(6.1982,7.0668), (5.3999,7.0167)	0.799870552027
(6.1665,6.7833), (5.3999,7.0167)	0.801343322178
(5.9332,7.0834), (5.1335,7.0165)	0.802493426764
(6.16855,7.4515), (5.4829,7.0337)	0.802915165195
(6.2871,7.0432), (5.4829,7.0337)	0.804256109706
(6.0666667,7.0166667), (5.70003,7.73332)	0.804993429903
(6.19721,6.9697), (5.4244,7.1967)	0.805459059233
(6.2328,6.6478), (6.16855,7.4515)	0.806264071195
(6.1831,6.6336), (5.4829,7.0337)	0.806449037447
(6.1124,6.7739), (5.4244,7.1967)	0.807529466955
(6.1124,6.7738), (5.4244,7.1967)	0.807581828671
(6.2065,7.0679), (5.3999,7.0167)	0.808223360217
(6.1665,6.7833), (6.05,7.583333)	0.808470810289
(6.1124,6.7739), (6.05,7.583333)	0.811834676205
(6.1124,6.7738), (6.05,7.583333)	0.811934380408
(6.0833333,7.0166667), (5.70003,7.73332)	0.812719737789
(6.1334,7.3667), (5.3999,7.0167)	0.81272519956
(5.783,6.8667), (4.990833,7.054444)	0.814110782035
(6.2687,7.0405), (5.4543,7.0247)	0.814553251789
(6.26889,7.04225), (5.4543,7.0247)	0.814779031763
(6.23032,7.06492), (5.4244,7.1967)	0.81662293306
(6.05,7.583333), (5.4543,7.0247)	0.816657405948
(6.1831,6.6336), (6.16855,7.4515)	0.81802940809
(5.80897,7.06093), (4.990833,7.054444)	0.818162709346
(6.311,6.908), (5.6027,7.322)	0.820417509564
(6.145,7.469), (5.4543,7.0247)	0.821260604193
(6.187,7.072), (5.70003,7.73332)	0.821269701925
(6.276,7.005), (5.4543,7.0247)	0.821936116739
(5.95007,7.11665), (5.1335,7.0165)	0.822688633324
(6.3739,6.8134), (5.5834,7.05)	0.825148356358
(6.3739,6.8134), (5.5832,7.05)	0.825339960259
(6.2328,6.6478), (6.145,7.469)	0.825880306098
(6.22242,6.93223), (5.3999,7.0167)	0.826846014261
(6.1831,6.6336), (5.4543,7.0247)	0.827108608346
(6.0833333,7.0), (5.70003,7.73332)	0.827453709999
(6.145,7.469), (5.522,6.923)	0.828399058425
(5.70003,7.73332), (5.522,6.923)	0.829646420652
(6.3857,6.8229), (6.05,7.583333)	0.831235729194
(6.23032,7.06492), (5.3999,7.0167)	0.831818817291
(6.16855,7.4515), (5.4543,7.0247)	0.832052463791
(6.1982,7.0668), (5.70003,7.73332)	0.832119137684
(6.08624,6.99556), (5.70003,7.73332)	0.832735241058
(6.2871,7.0432), (5.4543,7.0247)	0.833005456165
(6.3857,6.8229), (5.5834,7.05)	0.833822343188
(6.3857,6.8229), (5.5832,7.05)	0.834014784042
(6.3823,6.8088), (5.5834,7.05)	0.834517016004
(6.3823,6.8088), (5.5832,7.05)	0.834708482046
(6.16855,7.4515), (5.522,6.923)	0.835068351993
(6.3739,6.8134), (6.05,7.583333)	0.83528919213
(6.2065,7.0679), (5.70003,7.73332)	0.836238983365
(6.1831,6.6336), (6.145,7.469)	0.836268360038
(6.311,6.908), (5.4829,7.0337)	0.837585876194
(6.157,7.0311), (5.70003,7.73332)	0.837815319328
(6.22242,6.93223), (5.4244,7.1967)	0.840702266739
(6.3823,6.8088), (6.05,7.583333)	0.842807604432
(6.2328,6.6478), (5.4829,7.0337)	0.843367547396
(6.05,7.583333), (5.522,6.923)	0.845472454246
(5.85916,7.00299), (5.0135,7.069)	0.848232371287
(5.85916,7.00299), (5.0131,7.0688)	0.848615625416
(5.978888732,7.093990671), (5.1335,7.0165)	0.848932807874
(6.1665,6.7833), (5.4244,7.1967)	0.849477468801
(6.23032,7.06492), (5.70003,7.73332)	0.853209261612
(6.166667,7.016667), (5.70003,7.73332)	0.855185133277
(6.26889,7.04225), (5.4244,7.1967)	0.858497619449
(6.2687,7.0405), (5.4244,7.1967)	0.858627352231
(6.3739,6.8134), (5.522,6.923)	0.858921282773
(5.9963,6.925), (5.70003,7.73332)	0.860904835217
(6.05,7.583333), (5.3999,7.0167)	0.86238214655
(6.311,6.908), (5.4543,7.0247)	0.864611924507
(6.2328,6.6478), (5.4543,7.0247)	0.864936910994
(5.853889,6.86), (5.0135,7.069)	0.865987685433
(5.853889,6.86), (5.0131,7.0688)	0.866327641554
(5.9963,6.925), (5.1335,7.0165)	0.867638225299
(6.3823,6.8088), (5.522,6.923)	0.867846605109
(6.2687,7.0405), (5.3999,7.0167)	0.869125928735
(6.26889,7.04225), (5.3999,7.0167)	0.869365528762
(6.3857,6.8229), (5.522,6.923)	0.869481282145
(5.85916,7.00299), (4.990833,7.054444)	0.869850155512
(5.783,6.8667), (5.70003,7.73332)	0.870582704457
(6.145,7.469), (5.3999,7.0167)	0.871635990537
(6.1831,6.6336), (5.3999,7.0167)	0.871876051971
(6.0038,6.9155), (5.70003,7.73332)	0.872413758087
(6.276,7.005), (5.4244,7.1967)	0.872909760514
(6.01671,6.91664), (5.70003,7.73332)	0.875929474787
(6.0038,6.9155), (5.1335,7.0165)	0.876141021754
(6.276,7.005), (5.3999,7.0167)	0.87617812116
(6.2871,7.0432), (5.4244,7.1967)	0.876249701854
(6.01735,6.9134), (5.70003,7.73332)	0.879181886074
(6.16855,7.4515), (5.3999,7.0167)	0.883104672448
(5.853889,6.86), (4.990833,7.054444)	0.884688718291
(6.016667,7.083333), (5.1335,7.0165)	0.885692158584
(6.0168,7.0834), (5.1335,7.0165)	0.885829836933
(5.853889,6.86), (5.70003,7.73332)	0.886769651195
(6.2871,7.0432), (5.3999,7.0167)	0.88759567935
(6.01671,6.91664), (5.1335,7.0165)	0.888837400034
(6.01735,6.9134), (5.1335,7.0165)	0.889842925746
(6.1832,6.9834), (5.70003,7.73332)	0.892094869002
(6.26889,7.04225), (5.70003,7.73332)	0.895086277685
(6.2687,7.0405), (5.70003,7.73332)	0.896317533746
(6.1831,6.6336), (5.6027,7.322)	0.900421412451
(6.2871,7.0432), (5.70003,7.73332)	0.906044590128
(6.2328,6.6478), (5.3999,7.0167)	0.910938867323
(6.19721,6.9697), (5.70003,7.73332)	0.91120988625
(5.70003,7.73332), (5.1335,7.0165)	0.91366687217
(6.311,6.908), (5.3999,7.0167)	0.917561387592
(6.3739,6.8134), (5.4829,7.0337)	0.91783064342
(5.9332,7.0834), (5.0135,7.069)	0.919812725504
(5.9332,7.0834), (5.0131,7.0688)	0.920215827945
(6.2328,6.6478), (5.6027,7.322)	0.922806398981
(6.3739,6.8134), (5.6027,7.322)	0.92380917943
(6.3857,6.8229), (5.4829,7.0337)	0.927083858127
(6.3823,6.8088), (5.4829,7.0337)	0.92709242797
(6.3857,6.8229), (5.6027,7.322)	0.92854176535
(6.276,7.005), (5.70003,7.73332)	0.928542655617
(6.05314,6.86476), (5.1335,7.0165)	0.932074437585
(6.311,6.908), (5.4244,7.1967)	0.932420103816
(6.0666667,7.0166667), (5.1335,7.0165)	0.93316671489
(6.3823,6.8088), (5.6027,7.322)	0.933354380715
(6.05314,6.86476), (5.70003,7.73332)	0.937594339627
(5.95007,7.11665), (5.0135,7.069)	0.937781364392
(5.95007,7.11665), (5.0131,7.0688)	0.938191027137
(6.1094,6.88615), (5.70003,7.73332)	0.940893620873
(6.1038,6.8834), (5.70003,7.73332)	0.940953887978
(5.9332,7.0834), (4.990833,7.054444)	0.94281175885
(6.3739,6.8134), (5.4543,7.0247)	0.943563378899
(6.1831,6.6336), (5.4244,7.1967)	0.944831889809
(6.0833333,7.0166667), (5.1335,7.0165)	0.949833314628
(6.0833333,7.0), (5.1335,7.0165)	0.949976603811
(6.1429,6.8914), (5.70003,7.73332)	0.951295497361
(6.3823,6.8088), (5.4543,7.0247)	0.952783716276
(6.08624,6.99556), (5.1335,7.0165)	0.952970089352
(6.3857,6.8229), (5.4543,7.0247)	0.953010598052
(6.2328,6.6478), (6.05,7.583333)	0.9532249651
(5.70003,7.73332), (5.0135,7.069)	0.955324292217
(5.70003,7.73332), (5.0131,7.0688)	0.955750833272
(6.22242,6.93223), (5.70003,7.73332)	0.956366300222
(6.1831,6.6336), (6.05,7.583333)	0.959014275853
(5.95007,7.11665), (4.990833,7.054444)	0.961251896542
(5.978888732,7.093990671), (5.0135,7.069)	0.965712140086
(5.978888732,7.093990671), (5.0131,7.0688)	0.966117200325
(6.2328,6.6478), (5.4244,7.1967)	0.97713958573
(6.1038,6.8834), (5.1335,7.0165)	0.979386389532
(5.70003,7.73332), (4.990833,7.054444)	0.981749972338
(6.116667,7.066667), (5.1335,7.0165)	0.984446076623
(6.1094,6.88615), (5.1335,7.0165)	0.984566875585
(5.978888732,7.093990671), (4.990833,7.054444)	0.98884683785
(5.9963,6.925), (5.0135,7.069)	0.993293430966
(5.9963,6.925), (5.0131,7.0688)	0.993660243745
(6.3739,6.8134), (5.3999,7.0167)	0.994990899456
(6.0038,6.9155), (5.0135,7.069)	1.00212591025
(6.0038,6.9155), (5.0131,7.0688)	1.00249058848
(6.016667,7.083333), (5.0135,7.069)	1.00326938794
(6.0168,7.0834), (5.0135,7.069)	1.00340333366
(6.016667,7.083333), (5.0131,7.0688)	1.00367222318
(6.0168,7.0834), (5.0131,7.0688)	1.00380618149
(6.3823,6.8088), (5.3999,7.0167)	1.00415744283
(6.3857,6.8229), (5.3999,7.0167)	1.00466913957
(6.1124,6.7739), (5.1335,7.0165)	1.00851374309
(6.1124,6.7738), (5.1335,7.0165)	1.00853780296
(5.9963,6.925), (4.990833,7.054444)	1.0137650799
(6.01671,6.91664), (5.0135,7.069)	1.01471369051
(6.01671,6.91664), (5.0131,7.0688)	1.01507915834
(6.01735,6.9134), (5.0135,7.069)	1.01583767527
(6.01735,6.9134), (5.0131,7.0688)	1.01620235313
(6.1429,6.8914), (5.1335,7.0165)	1.0171225934
(6.0038,6.9155), (4.990833,7.054444)	1.0224517486
(6.157,7.0311), (5.1335,7.0165)	1.02360412758
(6.3739,6.8134), (5.4244,7.1967)	1.02394782094
(6.016667,7.083333), (4.990833,7.054444)	1.02624069783
(6.0168,7.0834), (4.990833,7.054444)	1.02637553314
(6.311,6.908), (5.70003,7.73332)	1.02685804438
(6.3857,6.8229), (5.4244,7.1967)	1.03141850381
(6.166667,7.016667), (5.1335,7.0165)	1.0331670135
(6.3823,6.8088), (5.4244,7.1967)	1.03345963637
(6.01671,6.91664), (4.990833,7.054444)	1.03509108853
(6.01735,6.9134), (4.990833,7.054444)	1.03616145519
(6.1124,6.7739), (5.70003,7.73332)	1.04428719867
(6.1124,6.7738), (5.70003,7.73332)	1.04437907261
(6.1832,6.9834), (5.1335,7.0165)	1.05022173849
(6.0666667,7.0166667), (5.0135,7.069)	1.05446615511
(6.0666667,7.0166667), (5.0131,7.0688)	1.05485575901
(6.187,7.072), (5.1335,7.0165)	1.05496089975
(6.1665,6.7833), (5.70003,7.73332)	1.05836301017
(6.1665,6.7833), (5.1335,7.0165)	1.05899539187
(6.1334,7.3667), (5.1335,7.0165)	1.05945271249
(6.05314,6.86476), (5.0135,7.069)	1.05951182495
(6.05314,6.86476), (5.0131,7.0688)	1.05986580434
(6.19721,6.9697), (5.1335,7.0165)	1.06473903098
(6.1982,7.0668), (5.1335,7.0165)	1.06588750814
(6.0833333,7.0166667), (5.0135,7.069)	1.07111253567
(6.0833333,7.0166667), (5.0131,7.0688)	1.07150230863
(6.0833333,7.0), (5.0135,7.069)	1.07205610384
(6.0833333,7.0), (5.0131,7.0688)	1.07244242569
(6.2065,7.0679), (5.1335,7.0165)	1.07423040359
(6.08624,6.99556), (5.0135,7.069)	1.07525092011
(6.08624,6.99556), (5.0131,7.0688)	1.07563634989
(6.0666667,7.0166667), (4.990833,7.054444)	1.07649676007
(6.05,7.583333), (5.1335,7.0165)	1.07762326436
(6.05314,6.86476), (4.990833,7.054444)	1.07910897601
(6.22242,6.93223), (5.1335,7.0165)	1.09217590126
(6.0833333,7.0166667), (4.990833,7.054444)	1.09315325087
(6.0833333,7.0), (4.990833,7.054444)	1.09385604841
(6.08624,6.99556), (4.990833,7.054444)	1.09698852369
(6.23032,7.06492), (5.1335,7.0165)	1.09788824969
(6.116667,7.066667), (5.0135,7.069)	1.10316946694
(6.116667,7.066667), (5.0131,7.0688)	1.10356906135
(6.1038,6.8834), (5.0135,7.069)	1.10598438054
(6.1038,6.8834), (5.0131,7.0688)	1.1063451767
(6.145,7.469), (5.1335,7.0165)	1.10810130403
(6.1094,6.88615), (5.0135,7.069)	1.11104947347
(6.1094,6.88615), (5.0131,7.0688)	1.11141113567
(6.1831,6.6336), (5.1335,7.0165)	1.11726119149
(6.16855,7.4515), (5.1335,7.0165)	1.12274373857
(6.116667,7.066667), (4.990833,7.054444)	1.12590034962
(6.1038,6.8834), (4.990833,7.054444)	1.12603356656
(6.1094,6.88615), (4.990833,7.054444)	1.13115648958
(6.2687,7.0405), (5.1335,7.0165)	1.13545367145
(6.26889,7.04225), (5.1335,7.0165)	1.13568196015
(6.1124,6.7739), (5.0135,7.069)	1.13783356428
(6.1124,6.7738), (5.0135,7.069)	1.13785950363
(6.1124,6.7739), (5.0131,7.0688)	1.13816804559
(6.1124,6.7738), (5.0131,7.0688)	1.13819395974
(6.3857,6.8229), (5.70003,7.73332)	1.13974028853
(6.3739,6.8134), (5.70003,7.73332)	1.14033047109
(6.276,7.005), (5.1335,7.0165)	1.142557876
(6.1429,6.8914), (5.0135,7.069)	1.14327867119
(6.1429,6.8914), (5.0131,7.0688)	1.14364277639
(6.157,7.0311), (5.0135,7.069)	1.14412790369
(6.157,7.0311), (5.0131,7.0688)	1.14452107888
(6.3823,6.8088), (5.70003,7.73332)	1.14901243827
(6.2871,7.0432), (5.1335,7.0165)	1.15390894355
(6.166667,7.016667), (5.0135,7.069)	1.15435387675
(6.166667,7.016667), (5.0131,7.0688)	1.15474441899
(6.1124,6.7739), (4.990833,7.054444)	1.15612173729
(6.1124,6.7738), (4.990833,7.054444)	1.15614600731
(6.05,7.583333), (5.0135,7.069)	1.15709579763
(6.05,7.583333), (5.0131,7.0688)	1.15754300917
(6.1334,7.3667), (5.0135,7.069)	1.15879303588
(6.1334,7.3667), (5.0131,7.0688)	1.1592309951
(6.2328,6.6478), (5.1335,7.0165)	1.15948272087
(6.1429,6.8914), (4.990833,7.054444)	1.16354704178
(6.157,7.0311), (4.990833,7.054444)	1.16640062338
(6.1832,6.9834), (5.0135,7.069)	1.17282797119
(6.1832,6.9834), (5.0131,7.0688)	1.17321232946
(6.187,7.072), (5.0135,7.069)	1.17350383468
(6.187,7.072), (5.0131,7.0688)	1.17390436152
(6.166667,7.016667), (4.990833,7.054444)	1.17644069008
(6.311,6.908), (5.1335,7.0165)	1.18248826633
(6.05,7.583333), (4.990833,7.054444)	1.18387427889
(6.1334,7.3667), (4.990833,7.054444)	1.18446745798
(6.1982,7.0668), (5.0135,7.069)	1.18470204271
(6.1982,7.0668), (5.0131,7.0688)	1.18510168762
(6.19721,6.9697), (5.0135,7.069)	1.18786777635
(6.1665,6.7833), (5.0135,7.069)	1.18786930678
(6.1665,6.7833), (5.0131,7.0688)	1.18820949752
(6.19721,6.9697), (5.0131,7.0688)	1.18824968003
(6.2065,7.0679), (5.0135,7.069)	1.19300050712
(6.2065,7.0679), (5.0131,7.0688)	1.19340033937
(6.1832,6.9834), (4.990833,7.054444)	1.19448160832
(6.187,7.072), (4.990833,7.054444)	1.19629582672
(6.145,7.469), (5.0135,7.069)	1.20012176466
(6.145,7.469), (5.0131,7.0688)	1.20056555423
(6.1831,6.6336), (5.70003,7.73332)	1.20114141686
(6.1665,6.7833), (4.990833,7.054444)	1.20652889051
(6.1982,7.0668), (4.990833,7.054444)	1.207430223
(6.2328,6.6478), (5.70003,7.73332)	1.20921360532
(6.19721,6.9697), (4.990833,7.054444)	1.20934983014
(6.2065,7.0679), (4.990833,7.054444)	1.21574146874
(6.22242,6.93223), (5.0135,7.069)	1.21663207228
(6.16855,7.4515), (5.0135,7.069)	1.21673610635
(6.23032,7.06492), (5.0135,7.069)	1.21682684011
(6.22242,6.93223), (5.0131,7.0688)	1.21700707775
(6.16855,7.4515), (5.0131,7.0688)	1.21717870196
(6.23032,7.06492), (5.0131,7.0688)	1.21722618391
(6.145,7.469), (4.990833,7.054444)	1.22635971111
(6.22242,6.93223), (4.990833,7.054444)	1.23763597248
(6.23032,7.06492), (4.990833,7.054444)	1.23953127018
(6.16855,7.4515), (4.990833,7.054444)	1.24284785844
(6.1831,6.6336), (5.0135,7.069)	1.24801334929
(6.1831,6.6336), (5.0131,7.0688)	1.248318485
(6.2687,7.0405), (5.0135,7.069)	1.25552351232
(6.26889,7.04225), (5.0135,7.069)	1.25567496375
(6.2687,7.0405), (5.0131,7.0688)	1.25591888671
(6.26889,7.04225), (5.0131,7.0688)	1.25607062962
(6.3739,6.8134), (5.1335,7.0165)	1.25691756691
(6.276,7.005), (5.0135,7.069)	1.26412113739
(6.1831,6.6336), (4.990833,7.054444)	1.26436160636
(6.276,7.005), (5.0131,7.0688)	1.26451051795
(6.3823,6.8088), (5.1335,7.0165)	1.2659544739
(6.3857,6.8229), (5.1335,7.0165)	1.26707766139
(6.2871,7.0432), (5.0135,7.069)	1.27386129543
(6.2871,7.0432), (5.0131,7.0688)	1.27425717969
(6.2687,7.0405), (4.990833,7.054444)	1.27794307574
(6.26889,7.04225), (4.990833,7.054444)	1.27811517043
(6.276,7.005), (4.990833,7.054444)	1.28611777339
(6.2328,6.6478), (5.0135,7.069)	1.29000074806
(6.2328,6.6478), (5.0131,7.0688)	1.29031356267
(6.2871,7.0432), (4.990833,7.054444)	1.29631576509
(6.2328,6.6478), (4.990833,7.054444)	1.30684405031
(6.311,6.908), (5.0135,7.069)	1.30745066829
(6.311,6.908), (5.0131,7.0688)	1.30782301937
(6.311,6.908), (4.990833,7.054444)	1.32826456439
(6.3739,6.8134), (5.0135,7.069)	1.38420356884
(6.3739,6.8134), (5.0131,7.0688)	1.38455978564
(6.3823,6.8088), (5.0135,7.069)	1.39331169521
(6.3823,6.8088), (5.0131,7.0688)	1.39366733477
(6.3857,6.8229), (5.0135,7.069)	1.39409398894
(6.3857,6.8229), (5.0131,7.0688)	1.39445242658
(6.3739,6.8134), (4.990833,7.054444)	1.40391471836
(6.3823,6.8088), (4.990833,7.054444)	1.41298315164
(6.3857,6.8229), (4.990833,7.054444)	1.41395423251
