Town1, Town2					Pythagorean distance	wordcount1, wordcount2 (freq >=3)	dist=0, dist=1 		%(dist=0), %(dist=1)
(6.1038,6.8834), (6.0833333,7.0)		0.118382624607		1863, 1490				494, 8876		.000188, .00320
(6.26889,7.04225), (6.0833333,7.0166667)	0.187312023516		623, 1591				295, 3847		.000298, .00388
(6.19721,6.9697), (5.978888732,7.093990671)	0.251221708773		1863, 2166				443, 7643		.000110, .00189
(6.1334,7.3667), (5.95007,7.11665)		0.310056271344		589, 174				39, 656			.000381, .00640
(6.1665,6.7833), (5.783,6.8667)			0.392463769028		1247, 879				301, 3668		.000275, .00335
(6.1429,6.8914), (5.72517,7.13325)		0.482690144295		674, 1095				141, 2811		.000191, .00381
(6.166667,7.016667), (5.5834,7.05)		0.584218693794		1354, 1314				380, 5996		.000214, .00337
(6.05,7.583333), (5.5832,7.05)			0.708763944405		654, 397				103, 1227		.000397, .00473
(6.01671,6.91664), (5.1335,7.0165)		0.888837400034		1032, 288				95, 1354		.000320, .00097
(6.276,7.005), (4.990833,7.054444)		1.28611777339		349, 456				33, 653			.000207, .00410
