146	5.3999,7.0167	433	m%a%a%
146	5.4543,7.0247	434	m%a%
146	5.4829,7.0337	410	m%ụ%
146	5.522,6.923	3357	m%ụ̀%
146	5.5834,7.05	434	m%a%
146	5.6027,7.322	633	m%m%a%
146	5.664,7.012	434	m%a%
146	5.71795,7.08217	121	n%a%

124	5.3999,7.0167	49	ē%
124	5.4244,7.1967	938	Ị%
124	5.5832,7.05	251	ō%
124	5.5834,7.05	733	A%
124	5.664,7.012	22	è%
124	5.72517,7.13325	733	A%

87	5.3999,7.0167	366	o%t%u%
87	5.4543,7.0247	1597	o%b%u%
87	5.522,6.923	158	o%l%u%
87	5.5834,7.05	366	o%t%u%
87	5.6027,7.322	7358	o%t%u%ù%
87	5.664,7.012	366	o%t%u%

73	5.3999,7.0167	446	k%ụ%
73	5.4244,7.1967	489	h%ụ%
73	5.4829,7.0337	5942	hw%ụ%
73	5.5834,7.05	630	h%u%
73	5.6027,7.322	488	h%ụ̀%
73	5.71795,7.08217	489	h%ụ%
73	5.72517,7.13325	488	h%ụ̀%

69	5.4244,7.1967	131	a%h%ụ%
69	5.4543,7.0247	669	a%h%u%
69	5.5834,7.05	31	ā%h%ụ̄%
69	5.6027,7.322	5820	a%h%ụ̄%
69	5.72517,7.13325	8511	a%nw%ụ̄%

63	5.4244,7.1967	8	e%
63	5.4543,7.0247	995	E%e%
63	5.5832,7.05	292	ị̀%
63	5.5834,7.05	938	Ị%
63	5.664,7.012	292	ị̀%
63	5.72517,7.13325	1582	ì%

55	5.4244,7.1967	645	n%ụ%
55	5.522,6.923	43	ọ%n%ụ̄%
55	5.5834,7.05	645	n%ụ%
55	5.664,7.012	819	n%ụ̀%
55	5.72517,7.13325	645	n%ụ%

52	5.6027,7.322	131	a%h%ụ%
52	5.664,7.012	127	a%h%à%
52	5.72517,7.13325	131	a%h%ụ%

47	5.5834,7.05	646	e%j%i%
47	5.71795,7.08217	28	e%j%ì%

42	5.4244,7.1967	410	m%ụ%
42	5.4829,7.0337	489	h%ụ%
42	5.522,6.923	488	h%ụ̀%

42	5.4829,7.0337	655	n%i%
42	5.5834,7.05	5838	n%ā%
42	5.664,7.012	27	n%ọ̀%
42	5.72517,7.13325	1666	n%e%

41	5.5832,7.05	317	à%w%ụ%
41	5.5834,7.05	2231	ọ%w%ụ%

40	5.3999,7.0167	28	e%j%ì%
40	5.4244,7.1967	705	é%j%ì%
40	5.5832,7.05	313	è%j%i%
40	5.5834,7.05	795	i%j%i%

38	5.3999,7.0167	482	i%h%ē%
38	5.4244,7.1967	676	i%h%i%
38	5.5832,7.05	6974	i%h%ì%
38	5.5834,7.05	676	i%h%i%

37	5.4543,7.0247	733	A%
37	5.4829,7.0337	4411	ā%
37	5.5834,7.05	734	E%
37	5.6027,7.322	292	ị̀%
37	5.664,7.012	49	ē%

37	5.4543,7.0247	4997	D%u%r%u%

35	5.4244,7.1967	636	n%g%a%

34	5.522,6.923	452	k%è%
34	5.5834,7.05	626	k%e%
34	5.72517,7.13325	1988	k%è%è%

31	5.5834,7.05	670	Y%a%

31	5.4244,7.1967	655	n%i%
31	5.4543,7.0247	1326	r%i%
31	5.5832,7.05	655	n%i%
31	5.5834,7.05	1666	n%e%
31	5.664,7.012	827	n%ù%
31	5.72517,7.13325	5838	n%ā%

30	5.6027,7.322	5941	a%z%ụ̀%
30	5.72517,7.13325	145	a%hw%ụ̀%

29	5.4543,7.0247	5003	e%s%i%
29	5.5834,7.05	722	e%sh%i%
29	5.664,7.012	307	è%sh%i%
29	5.72517,7.13325	646	e%j%i%

28	5.5834,7.05	662	n%n%a%

27	5.5834,7.05	874	E%e%e%

27	5.4244,7.1967	638	d%i%

26	5.4244,7.1967	675	w%e%
26	5.4829,7.0337	3134	ny%e%
26	5.5832,7.05	6130	ò%ny%e%
26	5.72517,7.13325	815	w%a%

26	5.5834,7.05	708	i%ch%e%

25	5.4244,7.1967	662	n%n%a%
25	5.4829,7.0337	1692	n%n%à%
25	5.72517,7.13325	662	n%n%a%

25	5.5834,7.05	788	o%l%e%e%

24	5.5834,7.05	697	u%n%u%

24	5.5834,7.05	747	n%r%i%
24	5.6027,7.322	9358	n%r%ī%
24	5.664,7.012	747	n%r%i%
24	5.72517,7.13325	9358	n%r%ī%

24	5.4244,7.1967	641	ọ%z%ọ%

23	5.6027,7.322	629	m%gb%e%
23	5.71795,7.08217	157	m̀%gb%e%
23	5.72517,7.13325	629	m%gb%e%

23	5.5834,7.05	878	ụ%f%ọ%d%ụ%
23	5.664,7.012	65	ụ̀%f%ọ%d%ụ%

23	5.5834,7.05	707	m%a%k%a%

23	5.5834,7.05	4824	I%h%e%

22	5.5834,7.05	656	ụ%m%ụ%

21	5.4244,7.1967	32	ǹ%g%à%
21	5.4829,7.0337	5813	ǹ%g%a%
21	5.6027,7.322	5801	ǹ%g%a%à%

21	5.522,6.923	789	h%ù%
21	5.5832,7.05	6983	h%ụ̄%
21	5.5834,7.05	488	h%ụ̀%

20	5.6027,7.322	646	e%j%i%
20	5.664,7.012	313	è%j%i%
20	5.71795,7.08217	646	e%j%i%
20	5.72517,7.13325	313	è%j%i%

20	5.5834,7.05	661	ụ%z%ọ%

20	5.4244,7.1967	646	e%j%i%

20	5.4244,7.1967	819	n%ụ̀%
20	5.4543,7.0247	969	n%ị%
20	5.522,6.923	716	n%u%
20	5.5832,7.05	819	n%ụ̀%
20	5.6027,7.322	6796	n%h%ụ̀%

20	5.3999,7.0167	61	a%ny%a%
20	5.4829,7.0337	127	a%h%à%
20	5.522,6.923	72	a%ny%à%
20	5.5834,7.05	1111	a%j%a%
20	5.664,7.012	710	a%gb%a%

20	5.3999,7.0167	14	ǹ%k%e%
20	5.4244,7.1967	30	ǹ%k%è%
20	5.6027,7.322	7363	ǹ%k%e%è%

19	5.4244,7.1967	650	n%i%l%e%

19	5.4244,7.1967	652	a%h%a%

19	5.5834,7.05	68	m%m%ā%
19	5.6027,7.322	149	m%m%à%
19	5.664,7.012	68	m%m%ā%
19	5.72517,7.13325	633	m%m%a%

19	5.6027,7.322	627	g%a%
19	5.72517,7.13325	632	k%a%

19	5.5832,7.05	7361	o%t%u%à%
19	5.5834,7.05	5249	o%t%u%a%

19	5.5834,7.05	684	n%e%w%

19	5.522,6.923	7543	i%j%è%
19	5.6027,7.322	482	i%h%ē%
19	5.664,7.012	5906	i%h%è%
19	5.72517,7.13325	482	i%h%ē%

18	5.5834,7.05	6628	s%ụ%
18	5.71795,7.08217	9929	s%o%
18	5.72517,7.13325	6628	s%ụ%

18	5.5832,7.05	687	m%a%r%a%
18	5.5834,7.05	741	m%a%n%a%

18	5.5834,7.05	756	H%a%

18	5.5834,7.05	668	m%m%
18	5.72517,7.13325	673	m%m%m%

18	5.4244,7.1967	87	i%k%e%
18	5.4829,7.0337	478	i%k%ē%

18	5.4244,7.1967	653	w%ụ%l%a%

18	5.4244,7.1967	663	w%è%
18	5.5832,7.05	8650	e%h%è%
18	5.5834,7.05	681	h%è%

18	5.3999,7.0167	40	m%m%a%d%ụ̀%
18	5.4244,7.1967	672	m%m%a%d%ụ%

17	5.72517,7.13325	777	s%i%

17	5.5834,7.05	636	n%g%a%
17	5.664,7.012	3262	n%kw%a%

17	5.4829,7.0337	5224	s%ị%
17	5.5832,7.05	6633	s%ị̄%
17	5.5834,7.05	777	s%i%
17	5.664,7.012	53	sh%i%

17	5.5834,7.05	1100	O%ny%e%

17	5.4244,7.1967	658	ǹ%d%ì%

17	5.4244,7.1967	703	n%ì%
17	5.4829,7.0337	5848	n%è%
17	5.5834,7.05	716	n%u%
17	5.6027,7.322	819	n%ụ̀%

17	5.4244,7.1967	657	g%i%

16	5.6027,7.322	652	a%h%a%
16	5.664,7.012	6478	à%t%a%
16	5.72517,7.13325	696	a%g%a%

16	5.5834,7.05	1034	ọ%g%ụ%
16	5.6027,7.322	7378	ọ%kh%ụ%
16	5.72517,7.13325	776	ọ%k%ụ%

16	5.5834,7.05	818	nw%o%k%e%

16	5.5834,7.05	699	a%b%ụ%ọ%

16	5.522,6.923	7353	ù%r%ì%

16	5.4244,7.1967	668	m%m%
16	5.4543,7.0247	5376	m%h%
16	5.6027,7.322	668	m%m%

15	5.6027,7.322	5807	n%n%ē%
15	5.72517,7.13325	648	n%n%e%

15	5.5834,7.05	5013	ọ%b%ụ%l%a%

15	5.5834,7.05	972	b%i%k%o%

15	5.4244,7.1967	666	á%h%ù%

15	5.3999,7.0167	340	y%e%
15	5.4244,7.1967	682	y%è%
15	5.4829,7.0337	2745	y%ị%
15	5.72517,7.13325	682	y%è%

15	5.3999,7.0167	30	ǹ%k%è%
15	5.4244,7.1967	695	ǹ%d%è%

15	5.4244,7.1967	743	d%ì%
15	5.6027,7.322	638	d%i%
15	5.72517,7.13325	657	g%i%

15	5.4244,7.1967	680	a%t%ọ%
15	5.4543,7.0247	1359	a%ch%ọ%

15	5.3999,7.0167	43	ọ%n%ụ̄%
15	5.4244,7.1967	282	ọ%n%ụ%
15	5.6027,7.322	43	ọ%n%ụ̄%

15	5.5834,7.05	564	b%ụ%
15	5.72517,7.13325	405	m̄%b%ụ̄%

14	5.5834,7.05	9912	H%m%m%

14	5.4543,7.0247	782	n%d%i%

14	5.4244,7.1967	671	a%n%a%-%

14	5.4244,7.1967	669	a%h%u%

13	5.4244,7.1967	673	m%m%m%

13	5.4244,7.1967	679	kw%à%
13	5.6027,7.322	965	kw%e%

13	5.5834,7.05	640	m%m%i%r%i%

13	5.5834,7.05	959	kw%u%r%u%

13	5.5834,7.05	690	a%n%ọ%
13	5.6027,7.322	5802	a%n%ụ̀%

13	5.5834,7.05	696	a%g%a%
13	5.71795,7.08217	652	a%h%a%

13	5.5834,7.05	790	kw%a%n%ụ%

13	5.522,6.923	3565	kw%a%a%
13	5.5832,7.05	1398	k%a%a%
13	5.5834,7.05	522	g%a%a%

13	5.3999,7.0167	24	ụ%kw%ụ̄%
13	5.4244,7.1967	1030	ụ%kw%a%
13	5.4829,7.0337	24	ụ%kw%ụ̄%
13	5.6027,7.322	13855	ụ%kw%à%

13	5.4543,7.0247	839	I%gb%o%

13	5.6027,7.322	307	è%sh%i%
13	5.664,7.012	5836	è%sh%ì%
13	5.71795,7.08217	307	è%sh%i%

13	5.4244,7.1967	425	m%e%r%e%

13	5.4244,7.1967	677	a%k%ụ%k%ọ%

13	5.6027,7.322	2073	o%f%e%

12	5.6027,7.322	6213	ụ%n%ụ%
12	5.664,7.012	5812	ụ%m%ụ̀%
12	5.72517,7.13325	656	ụ%m%ụ%

12	5.4244,7.1967	1552	a%n%ọ̀%
12	5.4543,7.0247	690	a%n%ọ%
12	5.522,6.923	5802	a%n%ụ̀%
12	5.5834,7.05	6213	ụ%n%ụ%
12	5.664,7.012	5992	ụ%n%ụ̀%

12	5.522,6.923	7355	o%nw%è%r̃%è%

12	5.4244,7.1967	85	l%e%e%

12	5.4543,7.0247	4998	E%e%m%

12	5.4244,7.1967	683	É%ny%í%ò%g%ù%g%ù%

12	5.4244,7.1967	681	h%è%

12	5.4244,7.1967	727	a%m%a%
12	5.4543,7.0247	729	a%n%a%

11	5.4244,7.1967	686	o%nw%e%

11	5.72517,7.13325	307	è%sh%i%

11	5.72517,7.13325	2171	ụ%l%ọ̀%

11	5.5834,7.05	689	o%b%i%

11	5.522,6.923	8085	n%d%ị%à%
11	5.5834,7.05	5026	n%d%ị%a%
11	5.6027,7.322	8085	n%d%ị%à%

11	5.5834,7.05	85	l%e%e%

11	5.5834,7.05	2117	e%z%i%o%kw%u%

11	5.5834,7.05	1236	O%l%e%e%

11	5.5834,7.05	9913	N%d%ị%

11	5.522,6.923	5846	à%ch%ọ%

11	5.5832,7.05	6119	è%j%e%
11	5.5834,7.05	785	e%j%e%
11	5.664,7.012	1328	e%d%e%

11	5.4244,7.1967	691	a%kw%a%

11	5.4543,7.0247	3565	kw%a%a%
11	5.522,6.923	7012	g%a%ā%
11	5.5832,7.05	522	g%a%a%

11	5.4244,7.1967	687	m%a%r%a%

11	5.4244,7.1967	740	n%o%
11	5.5834,7.05	819	n%ụ̀%
11	5.664,7.012	716	n%u%

11	5.4244,7.1967	684	n%e%w%

11	5.4244,7.1967	713	e%gb%e%
11	5.4543,7.0247	884	e%z%e%

11	5.4244,7.1967	690	a%n%ọ%

11	5.3999,7.0167	10	a%h%ụ̀%

10	5.72517,7.13325	516	g%ā%

10	5.6027,7.322	7069	e%sh%ì%
10	5.72517,7.13325	722	e%sh%i%

10	5.5834,7.05	77	nw%e%e%

10	5.5834,7.05	5031	u%b%i%
10	5.664,7.012	922	u%b%e%

10	5.4829,7.0337	6663	r%ī%
10	5.5832,7.05	202	r%ụ̀%
10	5.5834,7.05	2960	r%ụ%
10	5.6027,7.322	645	n%ụ%
10	5.664,7.012	2960	r%ụ%
10	5.72517,7.13325	819	n%ụ̀%

10	5.5834,7.05	1235	n%n%ọ%

10	5.5834,7.05	650	n%i%l%e%

10	5.5834,7.05	754	e%r%i%

10	5.5834,7.05	1624	B%i%k%o%

10	5.5832,7.05	9098	à%r%ụ%
10	5.5834,7.05	1086	a%r%ụ%

10	5.3999,7.0167	128	g%à%
10	5.4829,7.0337	627	g%a%
10	5.5834,7.05	944	gb%a%

10	5.4829,7.0337	5786	è%m%e%
10	5.522,6.923	6418	è%r%e%

10	5.4829,7.0337	6647	r%ị̄%k%à%
10	5.5832,7.05	5980	r%ị%k%à%

10	5.4244,7.1967	354	sh%i%r%i%

10	5.4543,7.0247	4999	l%ọ%ọ%l%ọ%

10	5.6027,7.322	747	n%r%i%
10	5.71795,7.08217	9358	n%r%ī%
10	5.72517,7.13325	747	n%r%i%

10	5.4244,7.1967	693	m%b%e%

10	5.4244,7.1967	698	a%ny%i%

10	5.4244,7.1967	694	N%n%e%

9	5.6027,7.322	372	o%kw%u%
9	5.72517,7.13325	642	u%kw%u%

9	5.6027,7.322	28	e%j%ì%
9	5.72517,7.13325	6971	i%j%ì%

9	5.72517,7.13325	880	e%gw%u%

9	5.5834,7.05	710	a%gb%a%
9	5.664,7.012	915	a%kp%a%

9	5.6027,7.322	431	m%a%r̃%a%
9	5.72517,7.13325	687	m%a%r%a%

9	5.5834,7.05	1873	n%kw%ụ%
9	5.71795,7.08217	6089	n%kw%ụ̄%
9	5.72517,7.13325	1873	n%kw%ụ%

9	5.5834,7.05	1453	n%kw%u%
9	5.6027,7.322	6089	n%kw%ụ̄%
9	5.71795,7.08217	1873	n%kw%ụ%

9	5.5834,7.05	782	n%d%i%

9	5.5834,7.05	635	b%i%a%

9	5.5834,7.05	797	N%n%a%

9	5.5832,7.05	8618	ọ%b%à%a%z%ụ̀%

9	5.5832,7.05	827	n%ù%
9	5.5834,7.05	740	n%o%
9	5.664,7.012	126	n%ụ̄%

9	5.5834,7.05	440	kw%u%o%

9	5.4244,7.1967	708	i%ch%e%

9	5.4244,7.1967	709	ó%ny%é%

9	5.4244,7.1967	706	u%r%i%

9	5.4244,7.1967	848	o%k%e%
9	5.4543,7.0247	686	o%nw%e%

9	5.4244,7.1967	712	m%m%ụ%t%a%

9	5.4244,7.1967	702	j%i%r%i%

9	5.4244,7.1967	711	h%ụ%r%ụ%

9	5.4244,7.1967	704	Nw%a%

9	5.3999,7.0167	16	ọ%w%ụ̄%

9	5.3999,7.0167	292	ị̀%
9	5.4244,7.1967	58	i%
9	5.4829,7.0337	1582	ì%

9	5.5834,7.05	5099	s%u%o%
9	5.72517,7.13325	360	r%u%o%

9	5.72517,7.13325	77	nw%e%e%

8	5.72517,7.13325	2231	ọ%w%ụ%

8	5.4244,7.1967	78	k%ē%
8	5.6027,7.322	452	k%è%

8	5.71795,7.08217	87	i%k%e%
8	5.72517,7.13325	163	i%kh%e%

8	5.664,7.012	5983	à%kp%ụ%
8	5.71795,7.08217	5898	à%hw%ụ%

8	5.664,7.012	2112	n%i%i%l%e%
8	5.72517,7.13325	650	n%i%l%e%

8	5.5834,7.05	1794	g%ị%n%ị%
8	5.664,7.012	9614	g%ị%n%ị̄%

8	5.664,7.012	69	e%w%ū%
8	5.71795,7.08217	139	e%w%u%

8	5.5832,7.05	6647	r%ị̄%k%à%
8	5.5834,7.05	5980	r%ị%k%à%
8	5.6027,7.322	6647	r%ị̄%k%à%

8	5.5834,7.05	6647	r%ị̄%k%à%
8	5.6027,7.322	7130	d%ị̄%k%à%
8	5.664,7.012	5980	r%ị%k%à%
8	5.72517,7.13325	7130	d%ị̄%k%à%

8	5.5834,7.05	764	ọ%j%ọ%ọ%

8	5.4829,7.0337	48	o%t%ù%
8	5.5832,7.05	1488	ò%t%ù%
8	5.664,7.012	6358	ò%t%u%
8	5.71795,7.08217	366	o%t%u%

8	5.5834,7.05	667	nw%a%ny%ị%

8	5.5834,7.05	753	g%a%-%e%m%e%

8	5.5834,7.05	9917	e%z%i%n%a%ụ%l%ọ%

8	5.5834,7.05	5622	a%s%ị%

8	5.5834,7.05	950	a%k%ụ%

8	5.5832,7.05	246	nw%a%
8	5.5834,7.05	704	Nw%a%

8	5.5834,7.05	852	N%d%e%

8	5.5834,7.05	1303	M%gb%e%

8	5.5834,7.05	839	I%gb%o%

8	5.5834,7.05	9916	E%e%e%e%

8	5.5834,7.05	995	E%e%
8	5.72517,7.13325	833	e%ch%e%

8	5.4244,7.1967	804	I%
8	5.4829,7.0337	58	i%

8	5.4829,7.0337	516	g%ā%
8	5.5832,7.05	627	g%a%

8	5.4244,7.1967	752	n%ọ̀%ọ̀%
8	5.4829,7.0337	5860	n%ọ̀%ọ%

8	5.3999,7.0167	121	n%a%
8	5.4543,7.0247	2995	r%a%
8	5.4829,7.0337	121	n%a%

8	5.4244,7.1967	723	ọ́%nw%á%

8	5.4244,7.1967	720	o%l%o%

8	5.522,6.923	871	j%e%
8	5.72517,7.13325	3134	ny%e%

8	5.3999,7.0167	63	n%d%e%
8	5.4244,7.1967	782	n%d%i%

8	5.4244,7.1967	781	kp%à%
8	5.4543,7.0247	718	kp%a%

8	5.4244,7.1967	718	kp%a%

8	5.4244,7.1967	737	i%r%i%
8	5.4829,7.0337	5979	ì%r%i%

8	5.4244,7.1967	722	e%sh%i%

8	5.4244,7.1967	719	e%ny%i%

8	5.4244,7.1967	755	e%kw%e%
8	5.4543,7.0247	966	e%k%e%

8	5.4244,7.1967	721	e%b%u%r%u%

8	5.3999,7.0167	186	a%n%ụ%
8	5.4244,7.1967	732	a%z%ụ%

8	5.4244,7.1967	717	a%sh%ị%

8	5.3999,7.0167	307	è%sh%i%
8	5.4543,7.0247	722	e%sh%i%
8	5.4829,7.0337	307	è%sh%i%
8	5.5832,7.05	5836	è%sh%ì%

8	5.3999,7.0167	104	w%è%r%e%
8	5.4244,7.1967	347	w%è%r%è%
8	5.522,6.923	5948	e%w%è%r%e%
8	5.5832,7.05	104	w%è%r%e%

8	5.4244,7.1967	186	a%n%ụ%
8	5.4829,7.0337	790	kw%a%n%ụ%
8	5.72517,7.13325	186	a%n%ụ%

7	5.72517,7.13325	156	ụ̄%f%ọ̄%d%ụ̄%

7	5.71795,7.08217	79	ọ̀%z%ọ%
7	5.72517,7.13325	641	ọ%z%ọ%

7	5.72517,7.13325	3027	o%t%e%

7	5.6027,7.322	7383	e%d%è%
7	5.72517,7.13325	1328	e%d%e%

7	5.5834,7.05	13379	a%kp%ụ̄%
7	5.6027,7.322	5664	a%kp%ụ%
7	5.72517,7.13325	13379	a%kp%ụ̄%

7	5.5834,7.05	3575	kp%ọ%ọ%
7	5.664,7.012	736	kp%ọ%

7	5.5834,7.05	1060	e%b%i%r%i%
7	5.664,7.012	916	e%j%i%r%i%

7	5.5834,7.05	7485	à%s%ụ%
7	5.6027,7.322	7817	à%n%ụ%
7	5.664,7.012	7485	à%s%ụ%

7	5.5834,7.05	5927	m%m%i%r%ī%
7	5.6027,7.322	14660	m̀%m%i%r%ī%
7	5.664,7.012	640	m%m%i%r%i%

7	5.6027,7.322	410	m%ụ%
7	5.72517,7.13325	564	b%ụ%

7	5.6027,7.322	7650	ụ̀%z%ọ̀%
7	5.72517,7.13325	257	ụ%z%ọ̀%

7	5.5832,7.05	8861	ụ̀%t%ụ%
7	5.5834,7.05	9923	ụ%t%ụ%

7	5.5834,7.05	7407	ọ̄%w%ụ̄%l%à%
7	5.6027,7.322	6233	ọ̄%w%ụ̄%n%à%
7	5.664,7.012	7407	ọ̄%w%ụ̄%l%à%
7	5.72517,7.13325	6233	ọ̄%w%ụ̄%n%à%

7	5.5834,7.05	9918	o%l%e%e%kw%a%n%ụ%

7	5.5834,7.05	9919	o%k%e%ny%e%

7	5.5834,7.05	953	nw%a%n%n%e%

7	5.5834,7.05	1054	n%ọ%r%ọ%
7	5.6027,7.322	5805	n%ọ̀%r%ọ%

7	5.5834,7.05	3235	n%z%e%
7	5.71795,7.08217	63	n%d%e%

7	5.5832,7.05	5934	i%h̃%e%
7	5.5834,7.05	3739	i%nw%e%

7	5.5834,7.05	1041	g%ụ%

7	5.5834,7.05	698	a%ny%i%

7	5.5834,7.05	691	a%kw%a%

7	5.5832,7.05	692	d%ị%
7	5.5834,7.05	9926	G%ị%

7	5.5834,7.05	9920	D%ị%k%a%

7	5.5834,7.05	897	A%ny%ị%

7	5.5832,7.05	5376	m%h%

7	5.5834,7.05	433	m%a%a%

7	5.4829,7.0337	55	e%b%e%

7	5.522,6.923	2183	ọ̄%

7	5.522,6.923	5980	r%ị%k%à%
7	5.5832,7.05	7133	d%ị%k%à%

7	5.4829,7.0337	6358	ò%t%u%
7	5.522,6.923	366	o%t%u%

7	5.5832,7.05	5801	ǹ%g%a%à%
7	5.71795,7.08217	32	ǹ%g%à%

7	5.4829,7.0337	5922	i%r%ī%
7	5.522,6.923	473	i%m%ī%
7	5.5832,7.05	5922	i%r%ī%
7	5.5834,7.05	473	i%m%ī%

7	5.4543,7.0247	5026	n%d%ị%a%
7	5.4829,7.0337	130	n%d%ị%ị%
7	5.5832,7.05	8085	n%d%ị%à%

7	5.3999,7.0167	474	i%m%e%e%
7	5.4829,7.0337	426	m%e%e%

7	5.4543,7.0247	656	ụ%m%ụ%

7	5.4829,7.0337	5794	ǝ%
7	5.5834,7.05	1582	ì%

7	5.4244,7.1967	744	é%b%é%

7	5.4244,7.1967	742	á%s%á%à%

7	5.6027,7.322	2960	r%ụ%
7	5.71795,7.08217	202	r%ụ̀%
7	5.72517,7.13325	2960	r%ụ%

7	5.4244,7.1967	730	p%ụ%t%a%

7	5.4244,7.1967	983	o%sh%e%
7	5.4543,7.0247	848	o%k%e%

7	5.4244,7.1967	736	kp%ọ%

7	5.4244,7.1967	726	i%f%o%

7	5.4244,7.1967	735	a%h%i%a%

7	5.4244,7.1967	731	a%gw%a%

7	5.4244,7.1967	739	a%gb%a%r%a%

7	5.4244,7.1967	725	a%g%ụ%

7	5.4244,7.1967	734	E%

7	5.4244,7.1967	733	A%

7	5.5834,7.05	5859	à%l%a%
7	5.664,7.012	644	a%l%a%

6	5.72517,7.13325	16795	n%n%n%

6	5.72517,7.13325	873	e%r%u%o%

6	5.72517,7.13325	644	a%l%a%

6	5.5834,7.05	2102	a%t%ụ%

6	5.664,7.012	5845	ọ%k%ụ̄%
6	5.71795,7.08217	776	ọ%k%ụ%

6	5.6027,7.322	6478	à%t%a%
6	5.72517,7.13325	5834	à%kp%a%

6	5.664,7.012	48	o%t%ù%

6	5.72517,7.13325	790	kw%a%n%ụ%

6	5.72517,7.13325	755	e%kw%e%

6	5.664,7.012	7488	ì%t%è%

6	5.5834,7.05	343	w%ụ̀%
6	5.664,7.012	1329	w%u%

6	5.664,7.012	652	a%h%a%
6	5.71795,7.08217	127	a%h%à%
6	5.72517,7.13325	652	a%h%a%

6	5.5834,7.05	929	a%j%ụ%
6	5.664,7.012	725	a%g%ụ%

6	5.5834,7.05	1186	ụ%m%ụ%nw%a%ny%ị%

6	5.5834,7.05	1478	ọ%w%ụ%l%a%

6	5.5834,7.05	9922	ọ%n%ụ%m%a%r%a%

6	5.522,6.923	6286	ọ%h%ụ%r̃%ụ̄%
6	5.5832,7.05	8756	ọ%h%ụ%r%ụ̄%
6	5.5834,7.05	1122	ọ%h%ụ%r%ụ%

6	5.5834,7.05	290	ọ%ch%a%

6	5.5834,7.05	344	w%ụ%r%ụ%kw%a%n%ụ%

6	5.5834,7.05	924	u%gb%u%a%

6	5.5834,7.05	9924	u%gb%o%

6	5.5834,7.05	3023	o%w%u%

6	5.5834,7.05	1376	o%g%e%

6	5.5834,7.05	9925	nw%e%gh%ị%
6	5.664,7.012	11665	nw%e%gh%ị̄%

6	5.5834,7.05	5063	l%e%kw%a%

6	5.5834,7.05	6040	ī%k%ē%
6	5.664,7.012	478	i%k%ē%
6	5.72517,7.13325	6040	ī%k%ē%

6	5.5834,7.05	875	i%j%e%

6	5.5834,7.05	798	e%w%e%r%e%

6	5.5834,7.05	966	e%k%e%

6	5.5834,7.05	4231	d%ị%r%ị%

6	5.5834,7.05	869	ch%ọ%r%ọ%

6	5.5832,7.05	5941	a%z%ụ̀%
6	5.5834,7.05	732	a%z%ụ%

6	5.522,6.923	5874	a%h%ị%ā%
6	5.5832,7.05	5677	a%h%ị%a%
6	5.5834,7.05	735	a%h%i%a%
6	5.664,7.012	5677	a%h%ị%a%

6	5.5834,7.05	619	a%ch%a%
6	5.664,7.012	4738	a%b%a%
6	5.71795,7.08217	4725	a%b%ị%a%

6	5.5834,7.05	654	a%b%i%a%

6	5.5834,7.05	4794	N%k%e%

6	5.5834,7.05	9921	H%m%

6	5.5832,7.05	8620	ọ̀%ch%ị%ch%ị%

6	5.5834,7.05	2267	ọ%f%ọ%

6	5.5832,7.05	7941	r̃%ụ%ọ%
6	5.5834,7.05	3191	n%ụ%ọ%
6	5.664,7.012	7932	s%ụ%ọ%

6	5.522,6.923	63	n%d%e%
6	5.5832,7.05	1666	n%e%

6	5.5834,7.05	186	a%n%ụ%

6	5.522,6.923	7357	ù%r%i%

6	5.522,6.923	392	n%ọ̄%
6	5.5832,7.05	66	n%ọ%
6	5.72517,7.13325	740	n%o%

6	5.522,6.923	1634	d%e%e%

6	5.4829,7.0337	6256	ọ̀%kw%à%
6	5.522,6.923	5869	a%kw%à%

6	5.4543,7.0247	25	ị%
6	5.4829,7.0337	938	Ị%
6	5.522,6.923	1582	ì%

6	5.4244,7.1967	2745	y%ị%
6	5.522,6.923	2750	y%i%
6	5.5832,7.05	638	d%i%
6	5.5834,7.05	5793	d%ī%
6	5.72517,7.13325	663	w%è%

6	5.4829,7.0337	527	ē%zh%ī%
6	5.522,6.923	5981	ē%r%ī%

6	5.4829,7.0337	5836	è%sh%ì%
6	5.522,6.923	7069	e%sh%ì%
6	5.71795,7.08217	5836	è%sh%ì%
6	5.72517,7.13325	7069	e%sh%ì%

6	5.4543,7.0247	5000	o%nw%e%r%e%

6	5.4244,7.1967	765	m%b%u%
6	5.4543,7.0247	3463	m%b%ọ%

6	5.4829,7.0337	5809	à%b%ị%a%
6	5.5832,7.05	4725	a%b%ị%a%

6	5.4244,7.1967	749	Ọ́%

6	5.4244,7.1967	745	ụ%m%ụ%a%k%a%

6	5.3999,7.0167	26	ọ%
6	5.4244,7.1967	2183	ọ̄%

6	5.4244,7.1967	751	ọ%k%ụ%k%ọ%

6	5.4244,7.1967	759	ú%kw%ú%

6	5.4244,7.1967	777	s%i%
6	5.4829,7.0337	724	ch%i%

6	5.4244,7.1967	1099	p%ụ%r%ụ%
6	5.4543,7.0247	1164	b%ụ%r%ụ%

6	5.4244,7.1967	791	nw%ụ%r%ụ%
6	5.4829,7.0337	711	h%ụ%r%ụ%

6	5.4244,7.1967	762	nw%a%ny%i%

6	5.4244,7.1967	760	m%b%ụ%

6	5.6027,7.322	3570	kp%ọ̄%

6	5.4244,7.1967	80	i%h%u%
6	5.4543,7.0247	676	i%h%i%

6	5.4244,7.1967	753	g%a%-%e%m%e%

6	5.4244,7.1967	754	e%r%i%

6	5.4244,7.1967	784	e%l%e%
6	5.4543,7.0247	2034	e%r%e%

6	5.4244,7.1967	779	e%h%i%
6	5.4543,7.0247	1113	e%z%i%

6	5.4244,7.1967	771	e%e%e%
6	5.4543,7.0247	874	E%e%e%

6	5.4244,7.1967	1634	d%e%e%
6	5.4543,7.0247	426	m%e%e%

6	5.4244,7.1967	4275	d%a%a%
6	5.4543,7.0247	403	n%a%a%

6	5.4244,7.1967	763	b%i%a%r%a%

6	5.4244,7.1967	778	t%a%a%
6	5.4543,7.0247	826	b%a%a%

6	5.4244,7.1967	758	a%r%ị%

6	5.4244,7.1967	746	a%b%a%l%i%

6	5.4244,7.1967	761	N%a%

6	5.3999,7.0167	23	à%b%ụ%ọ̄%

6	5.3999,7.0167	392	n%ọ̄%
6	5.4543,7.0247	740	n%o%
6	5.4829,7.0337	66	n%ọ%

5	5.72517,7.13325	6353	ù%gb%u%

5	5.72517,7.13325	324	à%m%a%

5	5.6027,7.322	2845	u%l%ò%
5	5.72517,7.13325	2846	u%l%o%

5	5.6027,7.322	48	o%t%ù%
5	5.72517,7.13325	1937	o%t%ū%

5	5.72517,7.13325	667	nw%a%ny%ị%

5	5.72517,7.13325	16796	nw%a%a%ny%ị%

5	5.4244,7.1967	773	m%ụ%r%ụ%

5	5.4244,7.1967	820	gb%u%o%
5	5.72517,7.13325	440	kw%u%o%

5	5.72517,7.13325	5414	k%ụ%ọ%

5	5.72517,7.13325	726	i%f%o%

5	5.72517,7.13325	884	e%z%e%

5	5.5834,7.05	550	e%ē%
5	5.6027,7.322	83	e%e%
5	5.72517,7.13325	550	e%ē%

5	5.72517,7.13325	942	b%i%d%o%

5	5.5834,7.05	16	ọ%w%ụ̄%
5	5.6027,7.322	7212	a%w%ụ̄%
5	5.72517,7.13325	573	ā%w%ụ̄%

5	5.72517,7.13325	1413	a%s%i%

5	5.72517,7.13325	2260	ọ%h%ị%a%

5	5.72517,7.13325	686	o%nw%e%

5	5.71795,7.08217	164	(%th%e%n%)%

5	5.5834,7.05	40	m%m%a%d%ụ̀%

5	5.5834,7.05	631	n%n%u%

5	5.5834,7.05	6019	m%b%à%
5	5.72517,7.13325	8152	m%b%è%

5	5.72517,7.13325	7383	e%d%è%

5	5.72517,7.13325	858	e%ch%i%

5	5.5834,7.05	1727	ụ%m%ụ%n%n%a%

5	5.5834,7.05	796	ụ%gw%ọ%

5	5.5834,7.05	2951	s%i%t%e%

5	5.5834,7.05	1021	p%ụ%t%a%r%a%

5	5.664,7.012	2073	o%f%e%

5	5.5834,7.05	1040	ny%e%r%e%

5	5.5834,7.05	829	nw%u%ny%e%

5	5.5834,7.05	8042	n%à%-%è%m%e%
5	5.6027,7.322	7367	g%à%-%è%m%e%
5	5.664,7.012	8042	n%à%-%è%m%e%

5	5.5834,7.05	1015	n%s%o%gb%u%

5	5.5834,7.05	3269	n%k%e%a%

5	5.5834,7.05	151	m%kp%ụ%r%ụ̄%
5	5.6027,7.322	84	m%kp%ụ%r%ụ%
5	5.664,7.012	151	m%kp%ụ%r%ụ̄%

5	5.5834,7.05	1013	m%h%m%

5	5.5834,7.05	3487	m%a%a%r%a%

5	5.5834,7.05	718	kp%a%
5	5.664,7.012	944	gb%a%

5	5.522,6.923	6796	n%h%ụ̀%
5	5.5832,7.05	488	h%ụ̀%
5	5.5834,7.05	6983	h%ụ̄%

5	5.5834,7.05	1113	e%z%i%
5	5.664,7.012	646	e%j%i%

5	5.5834,7.05	139	e%w%u%

5	5.5834,7.05	833	e%ch%e%

5	5.5834,7.05	2044	a%s%ụ%
5	5.71795,7.08217	6050	a%s%ụ̄%

5	5.5834,7.05	4520	a%n%a%gh%ị%

5	5.5834,7.05	990	a%k%ụ%k%ụ%

5	5.5834,7.05	999	a%k%ọ%

5	5.5834,7.05	1443	a%j%ụ%j%ụ%

5	5.5834,7.05	9927	a%g%a%gh%ị%

5	5.5834,7.05	4707	a%d%ị%

5	5.5834,7.05	9928	N%'%i%h%i%

5	5.5834,7.05	806	Ch%i%n%e%k%e%

5	5.5832,7.05	8621	ọ%b%à%a%zh̃%ụ̀%

5	5.5834,7.05	769	o%sh%i%

5	5.5832,7.05	2102	a%t%ụ%
5	5.664,7.012	2044	a%s%ụ%
5	5.71795,7.08217	7485	à%s%ụ%

5	5.4829,7.0337	251	ō%
5	5.5832,7.05	2183	ọ̄%

5	5.522,6.923	951	o%g%o%l%o%g%o%

5	5.5834,7.05	778	t%a%a%

5	5.4829,7.0337	27	n%ọ̀%

5	5.5834,7.05	861	gw%a%

5	5.5832,7.05	811	ọ%r%ụ%
5	5.72517,7.13325	281	ọ%r̃%ụ%

5	5.5834,7.05	313	è%j%i%
5	5.6027,7.322	312	è%j%ì%

5	5.4829,7.0337	5799	à%ṭ%ọ%
5	5.522,6.923	7804	à%t%ọ%

5	5.4829,7.0337	360	r%u%o%
5	5.522,6.923	820	gb%u%o%

5	5.4829,7.0337	5795	nw%o%k%ò%

5	5.4829,7.0337	5796	m̀%gb%è%d%è%

5	5.4829,7.0337	633	m%m%a%
5	5.522,6.923	149	m%m%à%

5	5.4829,7.0337	74	i%h%ì%n%à%

5	5.4244,7.1967	826	b%a%a%
5	5.4543,7.0247	2762	y%a%a%

5	5.4829,7.0337	5806	b%ị%à%
5	5.5832,7.05	7166	b%ị%ā%

5	5.3999,7.0167	143	h%
5	5.4829,7.0337	660	!%

5	5.4543,7.0247	5001	b%a%ny%e%r%e%

5	5.4244,7.1967	764	ọ%j%ọ%ọ%

5	5.4244,7.1967	775	é%m%é%

5	5.4244,7.1967	767	w%ụ́%

5	5.4244,7.1967	787	r%u%r%u%

5	5.4244,7.1967	769	o%sh%i%

5	5.3999,7.0167	38	o%b%ì%
5	5.4244,7.1967	1597	o%b%u%

5	5.4244,7.1967	887	nw%à%
5	5.4829,7.0337	5907	nw%ē%
5	5.6027,7.322	165	nw%ā%

5	5.4244,7.1967	772	nw%e%

5	5.4244,7.1967	1873	n%kw%ụ%
5	5.4543,7.0247	1027	n%d%ụ%

5	5.4543,7.0247	636	n%g%a%

5	5.4244,7.1967	823	i%t%e%
5	5.4543,7.0247	5447	i%kp%e%

5	5.4244,7.1967	780	e%t%i%t%i%

5	5.4244,7.1967	774	e%dz%i%

5	5.4244,7.1967	851	a%sh%i%
5	5.4543,7.0247	1413	a%s%i%

5	5.4244,7.1967	786	a%p%ụ%t%a%

5	5.4244,7.1967	816	a%kw%ụ%
5	5.6027,7.322	15125	a%kw%ụ̄%

5	5.4829,7.0337	2103	–%

5	5.4244,7.1967	609	a%kp%ọ̀%
5	5.4543,7.0247	651	a%kp%ọ%

4	5.6027,7.322	6083	ọ%k%à%
4	5.72517,7.13325	261	ụ%k%à%

4	5.72517,7.13325	1109	ọ%g%a%

4	5.6027,7.322	309	è%nw%e%
4	5.72517,7.13325	6434	è%kw%e%

4	5.72517,7.13325	7800	è%b%u%

4	5.6027,7.322	95	a%k%a%
4	5.72517,7.13325	135	à%k%a%

4	5.72517,7.13325	678	w%e%r%e%

4	5.72517,7.13325	675	w%e%

4	5.72517,7.13325	1362	u%

4	5.72517,7.13325	7932	s%ụ%ọ%

4	5.5834,7.05	75	r%ị̄%
4	5.6027,7.322	1326	r%i%
4	5.72517,7.13325	2995	r%a%

4	5.72517,7.13325	637	o%u%t%

4	5.6027,7.322	8708	o%th%u%
4	5.72517,7.13325	3081	o%f%u%

4	5.72517,7.13325	829	nw%u%ny%e%

4	5.72517,7.13325	818	nw%o%k%e%

4	5.6027,7.322	969	n%ị%
4	5.72517,7.13325	655	n%i%

4	5.72517,7.13325	879	l%a%a%

4	5.6027,7.322	77	nw%e%e%

4	5.6027,7.322	489	h%ụ%
4	5.72517,7.13325	1041	g%ụ%

4	5.72517,7.13325	1127	g%a%w%a%

4	5.72517,7.13325	836	e%kw%u%

4	5.6027,7.322	7354	e%h%ù%
4	5.72517,7.13325	896	e%h%u%

4	5.6027,7.322	1118	s%a%a%
4	5.72517,7.13325	560	ch%a%a%

4	5.72517,7.13325	680	a%t%ọ%

4	5.71795,7.08217	173	a%m%ụ̀%
4	5.72517,7.13325	4529	a%m%ụ%

4	5.72517,7.13325	13413	a%k%ị%r%ị%k%a%

4	5.71795,7.08217	38	o%b%ì%
4	5.72517,7.13325	689	o%b%i%

4	5.664,7.012	15191	ọ%b%ụ%l%à%

4	5.664,7.012	5978	o%f%ē%

4	5.664,7.012	7521	nw%ē%r̃%ē%

4	5.664,7.012	14660	m̀%m%i%r%ī%

4	5.6027,7.322	6198	ụ̄%gb%ā%

4	5.5834,7.05	6612	t%i%i%
4	5.6027,7.322	7430	è%t%i%i%
4	5.664,7.012	6612	t%i%i%
4	5.72517,7.13325	7430	è%t%i%i%

4	5.6027,7.322	791	nw%ụ%r%ụ%
4	5.72517,7.13325	773	m%ụ%r%ụ%

4	5.6027,7.322	5907	nw%ē%
4	5.71795,7.08217	772	nw%e%
4	5.72517,7.13325	5907	nw%ē%

4	5.4244,7.1967	27	n%ọ̀%
4	5.6027,7.322	66	n%ọ%

4	5.6027,7.322	7535	n%a%ā%n%ị̄%

4	5.72517,7.13325	965	kw%e%

4	5.6027,7.322	13853	g%à%-%è%r%i%

4	5.6027,7.322	13854	a%m%a%ì%gb%ò%

4	5.72517,7.13325	7541	à%gw%ọ%

4	5.72517,7.13325	6213	ụ%n%ụ%

4	5.664,7.012	62	ụ%kw%ụ%

4	5.5834,7.05	2249	ọ%n%a%

4	5.5834,7.05	6287	ọ%gw%ụ%

4	5.6027,7.322	5933	u%lw%ò%

4	5.5834,7.05	766	u%d%o%

4	5.5834,7.05	5899	t%ụ%r%ụ%

4	5.5834,7.05	9929	s%o%

4	5.5832,7.05	167	p%ụ̀%ọ%
4	5.5834,7.05	1444	p%ụ%ọ%

4	5.5834,7.05	5048	o%r%i%r%i%
4	5.664,7.012	76	e%r%i%r%i%

4	5.4829,7.0337	125	h%e%
4	5.5832,7.05	681	h%è%
4	5.664,7.012	1204	nw%è%

4	5.5834,7.05	882	nw%e%kw%e%r%e%

4	5.5834,7.05	3305	n%ch%e%

4	5.5834,7.05	1396	n%a%n%ị%

4	5.5834,7.05	3320	n%a%gh%ị%

4	5.5834,7.05	1200	m%e%g%e%

4	5.5834,7.05	1791	k%e%r%e%

4	5.5834,7.05	1298	k%e%e%

4	5.5832,7.05	783	sh%i%e%
4	5.5834,7.05	5427	j%i%e%

4	5.5834,7.05	961	i%w%e%

4	5.5834,7.05	1155	i%s%e%
4	5.664,7.012	5950	ì%s%e%

4	5.5832,7.05	7771	è%m%i%
4	5.5834,7.05	195	i%m%i%

4	5.5834,7.05	9932	h%a%p%ụ%

4	5.5834,7.05	3922	g%a%n%a%

4	5.5834,7.05	941	g%a%-%e%j%i%

4	5.5834,7.05	4063	e%s%o%

4	5.5834,7.05	9933	e%h%i%h%i%e%

4	5.5834,7.05	880	e%gw%u%

4	5.5834,7.05	841	e%gb%u%

4	5.5834,7.05	1418	d%i%k%a%

4	5.5834,7.05	1164	b%ụ%r%ụ%
4	5.664,7.012	773	m%ụ%r%ụ%

4	5.5834,7.05	9759	b%ù%
4	5.6027,7.322	561	b%ụ̄%
4	5.72517,7.13325	876	b%u%

4	5.5834,7.05	1715	a%d%ị%gh%ị%

4	5.5834,7.05	948	a%b%a%l%ị%

4	5.5834,7.05	4812	M%a%n%a%

4	5.5834,7.05	1196	M%a%

4	5.5834,7.05	2260	ọ%h%ị%a%

4	5.4829,7.0337	737	i%r%i%
4	5.5832,7.05	5937	i%r̃%i%
4	5.664,7.012	5979	ì%r%i%

4	5.5832,7.05	308	è%r%i%
4	5.5834,7.05	307	è%sh%i%

4	5.6027,7.322	5841	o%g%è%
4	5.71795,7.08217	6184	o%gb%è%
4	5.72517,7.13325	6713	o%gɦ%è%

4	5.664,7.012	645	n%ụ%
4	5.71795,7.08217	410	m%ụ%

4	5.522,6.923	85	l%e%e%

4	5.5834,7.05	1323	gh%a%r%a%

4	5.5834,7.05	784	e%l%e%

4	5.4829,7.0337	5823	ì%gb%ò%
4	5.522,6.923	5916	ì%gb%o%

4	5.4543,7.0247	790	kw%a%n%ụ%
4	5.5832,7.05	186	a%n%ụ%
4	5.5834,7.05	7817	à%n%ụ%

4	5.522,6.923	7364	à%gb%ọ%gh%ọ%b%ị%à%

4	5.522,6.923	7361	o%t%u%à%

4	5.72517,7.13325	8085	n%d%ị%à%

4	5.4543,7.0247	885	d%ị%k%a%
4	5.4829,7.0337	7133	d%ị%k%à%

4	5.522,6.923	7444	a%g%ā%h%ā%
4	5.5832,7.05	5828	a%g%ā%ā%

4	5.4829,7.0337	5798	è%w%è%r%e%

4	5.4829,7.0337	5808	à%sh%ị%

4	5.522,6.923	6675	ō%t%ū%

4	5.4829,7.0337	124	o%nw%è%r%è%

4	5.522,6.923	6176	o%kh%è%ny%è%

4	5.4829,7.0337	5805	n%ọ̀%r%ọ%

4	5.4829,7.0337	5800	m%ụ̄%r%ụ̄%

4	5.3999,7.0167	246	nw%a%
4	5.4543,7.0247	704	Nw%a%
4	5.4829,7.0337	665	kw%a%
4	5.5832,7.05	861	gw%a%

4	5.4829,7.0337	5857	ī%r%ī%
4	5.522,6.923	6951	ī%sh%ī%

4	5.5834,7.05	481	i%j%ī%
4	5.664,7.012	795	i%j%i%
4	5.71795,7.08217	481	i%j%ī%

4	5.4543,7.0247	5002	a%g%a%a%

4	5.4244,7.1967	799	ụ%t%ọ%

4	5.4244,7.1967	796	ụ%gw%ọ%

4	5.4244,7.1967	2231	ọ%w%ụ%
4	5.4829,7.0337	16	ọ%w%ụ̄%

4	5.4244,7.1967	834	w%e%t%e%

4	5.4244,7.1967	815	w%a%

4	5.4244,7.1967	809	o%o%o%

4	5.4244,7.1967	829	nw%u%ny%e%

4	5.4244,7.1967	818	nw%o%k%e%

4	5.6027,7.322	5860	n%ọ̀%ọ%
4	5.72517,7.13325	5805	n%ọ̀%r%ọ%

4	5.4244,7.1967	827	n%ù%

4	5.4244,7.1967	850	m%a%kw%a%n%ụ%

4	5.4244,7.1967	837	l%ụ%r%ụ%

4	5.4244,7.1967	792	l%a%m%a%

4	5.4244,7.1967	802	kw%e%r%e%

4	5.4244,7.1967	838	kp%ọ%r%ọ%

4	5.3999,7.0167	450	k%è%r%è%
4	5.4244,7.1967	1988	k%è%è%
4	5.5834,7.05	6923	k%è%e%
4	5.6027,7.322	1988	k%è%è%

4	5.4244,7.1967	810	j%e%r%e%

4	5.4244,7.1967	793	j%e%m%e%

4	5.4244,7.1967	1012	i%kw%u%
4	5.4543,7.0247	372	o%kw%u%

4	5.4543,7.0247	708	i%ch%e%

4	5.4244,7.1967	832	h%ì%

4	5.4244,7.1967	812	h%i%

4	5.4244,7.1967	831	g%á%

4	5.3999,7.0167	125	h%e%
4	5.4244,7.1967	1540	g%e%
4	5.6027,7.322	125	h%e%

4	5.4244,7.1967	814	e%j%e%m%e%

4	5.4244,7.1967	830	e%h%

4	5.4244,7.1967	833	e%ch%e%

4	5.4244,7.1967	4428	a%y%i%
4	5.4543,7.0247	698	a%ny%i%

4	5.4244,7.1967	854	a%m%ụ%t%a%

4	5.4244,7.1967	821	a%m%a%r%a%

4	5.4543,7.0247	644	a%l%a%

4	5.3999,7.0167	398	n%k%e%
4	5.4244,7.1967	4794	N%k%e%
4	5.6027,7.322	398	n%k%e%

4	5.4244,7.1967	846	N%d%e%w%o%

4	5.4244,7.1967	852	N%d%e%

4	5.4244,7.1967	839	I%gb%o%

4	5.3999,7.0167	42	ọ̄%z%ọ̄%

4	5.3999,7.0167	35	ọ%ọ̄%

4	5.3999,7.0167	47	à%h%ụ%
4	5.4244,7.1967	2662	à%h%ụ̀%

4	5.3999,7.0167	39	r%ị̀%

4	5.3999,7.0167	44	m̄%m%ā%d%ụ̀%

4	5.3999,7.0167	461	j%ī%
4	5.4244,7.1967	1105	j%è%
4	5.6027,7.322	682	y%è%

4	5.3999,7.0167	31	ā%h%ụ̄%

4	5.3999,7.0167	45	a%k%ā%

3	5.72517,7.13325	7398	ụ%k%ụ̀%t%ụ̀%

3	5.6027,7.322	5149	ọ%w%ụ%r%ụ%
3	5.72517,7.13325	1122	ọ%h%ụ%r%ụ%

3	5.72517,7.13325	8679	à%r̃%ụ%

3	5.72517,7.13325	9098	à%r%ụ%

3	5.4244,7.1967	90	à%kp%ọ̀%
3	5.72517,7.13325	5983	à%kp%ụ%

3	5.72517,7.13325	2818	w%e%e%

3	5.72517,7.13325	5966	s%ụ̀%

3	5.6027,7.322	7361	o%t%u%à%
3	5.72517,7.13325	5249	o%t%u%a%

3	5.72517,7.13325	5000	o%nw%e%r%e%

3	5.6027,7.322	6787	n%n%ụ̄%
3	5.72517,7.13325	1235	n%n%ọ%

3	5.72517,7.13325	425	m%e%r%e%

3	5.72517,7.13325	760	m%b%ụ%

3	5.72517,7.13325	693	m%b%e%

3	5.72517,7.13325	741	m%a%n%a%

3	5.72517,7.13325	707	m%a%k%a%

3	5.72517,7.13325	802	kw%e%r%e%

3	5.72517,7.13325	1298	k%e%e%

3	5.6027,7.322	163	i%kh%e%
3	5.72517,7.13325	5447	i%kp%e%

3	5.6027,7.322	8762	gw%à%r%à%
3	5.72517,7.13325	497	gb%à%r%à%

3	5.72517,7.13325	7375	gb%ā%r%ā%

3	5.72517,7.13325	3873	g%ụ%ọ%

3	5.4244,7.1967	1635	g%ị̀%
3	5.71795,7.08217	34	g%ị̄%
3	5.72517,7.13325	7009	g%ī%

3	5.72517,7.13325	1540	g%e%

3	5.6027,7.322	527	ē%zh%ī%
3	5.72517,7.13325	5981	ē%r%ī%

3	5.72517,7.13325	6026	e%zh%i%

3	5.6027,7.322	5948	e%w%è%r%e%
3	5.72517,7.13325	798	e%w%e%r%e%

3	5.72517,7.13325	1213	e%r%u%

3	5.72517,7.13325	784	e%l%e%

3	5.72517,7.13325	4175	e%g%o%

3	5.71795,7.08217	561	b%ụ̄%
3	5.72517,7.13325	2014	b%ì%

3	5.4244,7.1967	2014	b%ì%
3	5.72517,7.13325	894	b%i%

3	5.4244,7.1967	981	m%e%
3	5.72517,7.13325	4403	b%e%

3	5.6027,7.322	1552	a%n%ọ̀%
3	5.72517,7.13325	690	a%n%ọ%

3	5.6027,7.322	648	n%n%e%
3	5.72517,7.13325	694	N%n%e%

3	5.72517,7.13325	6524	à%gw%a%

3	5.71795,7.08217	5813	ǹ%g%a%
3	5.72517,7.13325	5801	ǹ%g%a%à%

3	5.71795,7.08217	1666	n%e%
3	5.72517,7.13325	5848	n%è%

3	5.72517,7.13325	481	i%j%ī%

3	5.6027,7.322	789	h%ù%
3	5.72517,7.13325	6983	h%ụ̄%

3	5.72517,7.13325	8523	a%n%à%-%à%kp%ọ%

3	5.5834,7.05	65	ụ̀%f%ọ%d%ụ%
3	5.664,7.012	878	ụ%f%ọ%d%ụ%

3	5.5834,7.05	1362	u%

3	5.664,7.012	7666	ọ̄%b%ụ̄%l%à%

3	5.5834,7.05	5955	ọ̀%w%ụ%
3	5.664,7.012	2231	ọ%w%ụ%

3	5.5834,7.05	281	ọ%r̃%ụ%
3	5.664,7.012	1136	ọ%nw%ụ%

3	5.664,7.012	6091	è%t%e%

3	5.664,7.012	6418	è%r%e%
3	5.71795,7.08217	5786	è%m%e%

3	5.6027,7.322	2673	à%g%à%
3	5.664,7.012	135	à%k%a%
3	5.71795,7.08217	5834	à%kp%a%

3	5.664,7.012	14019	n%g%ụ̀%

3	5.664,7.012	718	kp%a%
3	5.72517,7.13325	861	gw%a%

3	5.5834,7.05	8307	g%à%-%è%j%i%
3	5.664,7.012	13853	g%à%-%è%r%i%

3	5.664,7.012	7069	e%sh%ì%
3	5.71795,7.08217	15213	u%sh%ì%

3	5.71795,7.08217	7428	ọ%b%à%
3	5.72517,7.13325	6083	ọ%k%à%

3	5.664,7.012	690	a%n%ọ%
3	5.71795,7.08217	138	a%f%ọ%

3	5.6027,7.322	5892	ụ̀%gb%a%

3	5.6027,7.322	13858	ụ%kp%ọ̄%

3	5.6027,7.322	8658	ò%t%u%ù%

3	5.6027,7.322	5837	è%zh%i%
3	5.71795,7.08217	313	è%j%i%
3	5.72517,7.13325	5837	è%zh%i%

3	5.6027,7.322	8717	b%à%t%a%
3	5.72517,7.13325	6478	à%t%a%

3	5.5834,7.05	7843	à%k%ụ̀%
3	5.72517,7.13325	7815	à%p%ụ̀%

3	5.6027,7.322	6005	à%l%ụ%
3	5.71795,7.08217	186	a%n%ụ%
3	5.72517,7.13325	7817	à%n%ụ%

3	5.6027,7.322	1330	z%a%a%
3	5.72517,7.13325	1118	s%a%a%

3	5.72517,7.13325	2845	u%l%ò%

3	5.72517,7.13325	1191	r%u%

3	5.72517,7.13325	1326	r%i%

3	5.6027,7.322	9353	n%à%-%à%kp%ị%

3	5.71795,7.08217	636	n%g%a%
3	5.72517,7.13325	659	n%gw%a%

3	5.5832,7.05	3357	m%ụ̀%
3	5.5834,7.05	6100	m%ụ̄%

3	5.6027,7.322	9674	e%zh%i%gb%o%
3	5.71795,7.08217	1119	e%z%i%gb%o%
3	5.72517,7.13325	9674	e%zh%i%gb%o%

3	5.72517,7.13325	771	e%e%e%

3	5.71795,7.08217	5802	a%n%ụ̀%
3	5.72517,7.13325	5941	a%z%ụ̀%

3	5.5832,7.05	1086	a%r%ụ%
3	5.5834,7.05	9098	à%r%ụ%
3	5.6027,7.322	1086	a%r%ụ%

3	5.6027,7.322	60	a%k%à%
3	5.72517,7.13325	4604	a%k%ị%

3	5.72517,7.13325	2044	a%s%ụ%

3	5.5834,7.05	1001	ụ%t%ụ%t%ụ%

3	5.5834,7.05	934	ụ%m%ụ%n%n%e%

3	5.5834,7.05	745	ụ%m%ụ%a%k%a%

3	5.5834,7.05	1052	ụ%k%a%

3	5.5834,7.05	1361	ọ%d%ụ%

3	5.5834,7.05	5032	ọ%b%ụ%

3	5.5834,7.05	2732	z%u%o%
3	5.664,7.012	360	r%u%o%

3	5.5834,7.05	1296	y%ọ%

3	5.5834,7.05	2750	y%i%

3	5.5834,7.05	1050	y%a%n%ụ%

3	5.5834,7.05	653	w%ụ%l%a%

3	5.5834,7.05	1079	u%r%u%

3	5.5834,7.05	914	s%ọ%s%ọ%

3	5.72517,7.13325	124	o%nw%è%r%è%

3	5.5834,7.05	5000	o%nw%e%r%e%

3	5.5832,7.05	4099	e%m%u%m%e%
3	5.5834,7.05	918	o%m%u%m%e%

3	5.5834,7.05	951	o%g%o%l%o%g%o%

3	5.5834,7.05	791	nw%ụ%r%ụ%

3	5.5834,7.05	1071	nw%e%t%e%

3	5.5834,7.05	693	m%b%e%
3	5.6027,7.322	8152	m%b%è%

3	5.5834,7.05	792	l%a%m%a%

3	5.5832,7.05	455	k%a%r%a%
3	5.5834,7.05	1395	kw%a%r%a%

3	5.5834,7.05	1398	k%a%a%
3	5.664,7.012	522	g%a%a%

3	5.5834,7.05	810	j%e%r%e%

3	5.5832,7.05	7431	i%hw%u%
3	5.5834,7.05	1012	i%kw%u%

3	5.5834,7.05	1179	i%gb%u%

3	5.6027,7.322	5871	h%e%è%
3	5.72517,7.13325	1483	h%e%e%

3	5.5834,7.05	956	gb%a%m%a%

3	5.5834,7.05	1127	g%a%w%a%

3	5.5834,7.05	978	g%a%-%e%sh%i%

3	5.5834,7.05	1088	g%a%-%a%n%ọ%

3	5.5834,7.05	780	e%t%i%t%i%

3	5.5834,7.05	1213	e%r%u%

3	5.72517,7.13325	8758	m̀%b%ụ%

3	5.5834,7.05	876	b%u%

3	5.5834,7.05	917	b%e%k%e%e%

3	5.6027,7.322	7475	t%a%à%
3	5.72517,7.13325	584	a%à%

3	5.5834,7.05	786	a%p%ụ%t%a%

3	5.664,7.012	13379	a%kp%ụ̄%

3	5.5834,7.05	915	a%kp%a%

3	5.5834,7.05	669	a%h%u%
3	5.664,7.012	5820	a%h%ụ̄%

3	5.5834,7.05	1359	a%ch%ọ%

3	5.5834,7.05	4738	a%b%a%

3	5.5834,7.05	846	N%d%e%w%o%

3	5.5834,7.05	761	N%a%

3	5.5834,7.05	993	E%z%e%

3	5.5832,7.05	8625	è%l%e%ē%

3	5.522,6.923	5808	à%sh%ị%
3	5.5832,7.05	8636	à%ch%ị%

3	5.4829,7.0337	642	u%kw%u%
3	5.5832,7.05	955	u%gw%u%

3	5.5832,7.05	353	sh%ī%

3	5.4543,7.0247	5427	j%i%e%
3	5.4829,7.0337	783	sh%i%e%

3	5.4829,7.0337	954	m%u%
3	5.5832,7.05	6100	m%ụ̄%
3	5.5834,7.05	3357	m%ụ̀%

3	5.4244,7.1967	488	h%ụ̀%

3	5.5834,7.05	4275	d%a%a%

3	5.5832,7.05	8631	ch%ọ%ọ̀%ch%ị̀%

3	5.522,6.923	7373	ụ%m%ụ̀%a%zh%ị̀%

3	5.522,6.923	7378	ọ%kh%ụ%

3	5.522,6.923	7372	è%d%e%

3	5.522,6.923	7377	t%i%i%g%e%

3	5.4829,7.0337	5841	o%g%è%
3	5.522,6.923	6692	o%s%è%

3	5.522,6.923	124	o%nw%è%r%è%
3	5.5832,7.05	122	o%nw%è%è%

3	5.5832,7.05	9353	n%à%-%à%kp%ị%
3	5.5834,7.05	8051	n%à%-%à%kp%ọ%
3	5.664,7.012	8523	a%n%à%-%à%kp%ọ%

3	5.5832,7.05	5811	n%ị̄%

3	5.522,6.923	70	i%ch%è%
3	5.5832,7.05	7543	i%j%è%

3	5.522,6.923	728	i%b%e%

3	5.522,6.923	7375	gb%ā%r%ā%

3	5.4829,7.0337	1552	a%n%ọ̀%

3	5.5834,7.05	112	à%z%ụ%
3	5.664,7.012	732	a%z%ụ%
3	5.71795,7.08217	112	à%z%ụ%

3	5.522,6.923	7683	ọ̀%d%ọ%
3	5.5832,7.05	7667	ọ̀%ḍ%ọ%

3	5.4829,7.0337	5816	ò%k%è%

3	5.4829,7.0337	5815	à%n%ọ%

3	5.4829,7.0337	5849	nw%o%k%è%
3	5.522,6.923	178	nw%o%k%ē%

3	5.5832,7.05	8632	n%n%ā%

3	5.4244,7.1967	1027	n%d%ụ%
3	5.4829,7.0337	5901	n%d%ụ̀%

3	5.3999,7.0167	410	m%ụ%
3	5.4829,7.0337	6100	m%ụ̄%
3	5.522,6.923	8119	m%ọ̀%

3	5.3999,7.0167	201	m%gb%a%
3	5.4244,7.1967	944	gb%a%

3	5.4244,7.1967	507	gb%a%a%
3	5.5832,7.05	3720	j%a%a%

3	5.5832,7.05	161	i%m%ē%

3	5.4829,7.0337	308	è%r%i%

3	5.4543,7.0247	732	a%z%ụ%

3	5.5832,7.05	7212	a%w%ụ̄%

3	5.4829,7.0337	72	a%ny%à%
3	5.522,6.923	1790	a%n%à%

3	5.4829,7.0337	5820	a%h%ụ̄%

3	5.4829,7.0337	622	-%-%

3	5.3999,7.0167	280	ọ%s%ọ%
3	5.4543,7.0247	2267	ọ%f%ọ%
3	5.4829,7.0337	6264	ọ̀%f%ọ%

3	5.4543,7.0247	5013	ọ%b%ụ%l%a%

3	5.4543,7.0247	5012	u%s%o%r%o%

3	5.4244,7.1967	1029	l%ụ%ọ%
3	5.4543,7.0247	5100	t%ụ%ọ%

3	5.3999,7.0167	53	sh%i%

3	5.4543,7.0247	5004	o%g%o%

3	5.4543,7.0247	965	kw%e%
3	5.4829,7.0337	626	k%e%

3	5.4244,7.1967	893	r%i%e%

3	5.4244,7.1967	858	e%ch%i%

3	5.4543,7.0247	5010	e%nw%e%r%e%

3	5.4244,7.1967	1111	a%j%a%
3	5.4543,7.0247	1024	a%r%a%

3	5.4543,7.0247	5005	E%e%e%m%

3	5.4244,7.1967	934	ụ%m%ụ%n%n%e%

3	5.4244,7.1967	878	ụ%f%ọ%d%ụ%

3	5.6027,7.322	8732	ò%b%ò%d%o%
3	5.72517,7.13325	1517	ò%b%ò%d%ò%

3	5.4244,7.1967	931	w%ụ%kw%a%

3	5.4244,7.1967	922	u%b%e%

3	5.4244,7.1967	870	t%u%p%u%

3	5.4244,7.1967	914	s%ọ%s%ọ%

3	5.3999,7.0167	102	r%ị%
3	5.4244,7.1967	1326	r%i%

3	5.4244,7.1967	3027	o%t%e%
3	5.4543,7.0247	1281	o%ch%e%

3	5.4244,7.1967	918	o%m%u%m%e%

3	5.4244,7.1967	882	nw%e%kw%e%r%e%

3	5.4244,7.1967	856	nw%a%t%a%

3	5.4244,7.1967	860	n%ọ̀%r%ọ̀%

3	5.4543,7.0247	716	n%u%
3	5.4829,7.0337	827	n%ù%

3	5.4244,7.1967	859	n%g%a%h%ụ%

3	5.4829,7.0337	871	j%e%

3	5.4244,7.1967	997	n%a%r%a%
3	5.4543,7.0247	857	gb%a%r%a%

3	5.4244,7.1967	872	m%gb%o%

3	5.4244,7.1967	895	m%e%r%e%n%ụ%

3	5.6027,7.322	981	m%e%
3	5.71795,7.08217	8119	m%ọ̀%
3	5.72517,7.13325	981	m%e%

3	5.4244,7.1967	901	l%a%r%u%o%

3	5.4244,7.1967	879	l%a%a%

3	5.4244,7.1967	881	k%a%m%a%

3	5.4244,7.1967	857	gb%a%r%a%

3	5.4244,7.1967	910	g%a%-%

3	5.4244,7.1967	884	e%z%e%

3	5.4244,7.1967	873	e%r%u%o%

3	5.4244,7.1967	1213	e%r%u%
3	5.4543,7.0247	545	e%l%u%

3	5.72517,7.13325	1482	e%k%u%

3	5.4244,7.1967	896	e%h%u%

3	5.4244,7.1967	862	e%b%e%h%u%

3	5.4244,7.1967	885	d%ị%k%a%

3	5.4244,7.1967	869	ch%ọ%r%ọ%

3	5.4244,7.1967	907	ch%e%

3	5.4244,7.1967	894	b%i%

3	5.4244,7.1967	928	a%w%ụ%

3	5.4244,7.1967	903	a%n%ọ%r%ọ%

3	5.4543,7.0247	691	a%kw%a%
3	5.4829,7.0337	5869	a%kw%à%

3	5.4244,7.1967	915	a%kp%a%

3	5.4244,7.1967	877	a%k%ọ%r%ọ%

3	5.4244,7.1967	929	a%j%ụ%

3	5.4244,7.1967	889	a%h%ù%

3	5.4244,7.1967	926	a%gw%ọ%

3	5.3999,7.0167	95	a%k%a%
3	5.4543,7.0247	710	a%gb%a%

3	5.4244,7.1967	911	a%d%a%

3	5.4244,7.1967	874	E%e%e%

3	5.4244,7.1967	897	A%ny%ị%

3	5.4543,7.0247	811	ọ%r%ụ%
3	5.4829,7.0337	281	ọ%r̃%ụ%

3	5.3999,7.0167	286	ọ%j%ọ%ọ̄%
3	5.4543,7.0247	764	ọ%j%ọ%ọ%

3	5.3999,7.0167	56	à%y%ị%

3	5.4244,7.1967	863	sh%ì%

3	5.6027,7.322	38	o%b%ì%

3	5.3999,7.0167	50	nw%e%kw%a%n%ụ%

3	5.3999,7.0167	470	ī%h%ē%
3	5.4244,7.1967	482	i%h%ē%
3	5.4829,7.0337	470	ī%h%ē%

3	5.3999,7.0167	51	i%r%e%

3	5.71795,7.08217	545	e%l%u%
3	5.72517,7.13325	139	e%w%u%

3	5.3999,7.0167	64	ch%i%n%ē%ē%k%è%

3	5.4244,7.1967	876	b%u%

3	5.3999,7.0167	60	a%k%à%

2	5.664,7.012	7650	ụ̀%z%ọ̀%
2	5.71795,7.08217	257	ụ%z%ọ̀%

2	5.72517,7.13325	661	ụ%z%ọ%

2	5.4244,7.1967	1160	ọ%t%ụ%t%ụ%
2	5.72517,7.13325	1001	ụ%t%ụ%t%ụ%

2	5.72517,7.13325	664	ụ%l%ọ%

2	5.72517,7.13325	7683	ọ̀%d%ọ%

2	5.72517,7.13325	1478	ọ%w%ụ%l%a%

2	5.72517,7.13325	280	ọ%s%ọ%

2	5.6027,7.322	8756	ọ%h%ụ%r%ụ̄%
2	5.72517,7.13325	6286	ọ%h%ụ%r̃%ụ̄%

2	5.72517,7.13325	5909	ọ%h%ị%ā%

2	5.72517,7.13325	1361	ọ%d%ụ%

2	5.72517,7.13325	5013	ọ%b%ụ%l%a%

2	5.72517,7.13325	6380	ò%g%ì%r%ì%

2	5.72517,7.13325	5950	ì%s%e%

2	5.72517,7.13325	6418	è%r%e%

2	5.72517,7.13325	10542	è%b%i%d%o%

2	5.72517,7.13325	8628	à%t%ụ%

2	5.72517,7.13325	6494	à%n%a%

2	5.72517,7.13325	5185	z%ụ%t%a%

2	5.6027,7.322	403	n%a%a%

2	5.72517,7.13325	5193	w%ụ%ụ%

2	5.72517,7.13325	7462	w%ụ%s%a%

2	5.72517,7.13325	963	w%ọ%ọ%

2	5.71795,7.08217	689	o%b%i%
2	5.72517,7.13325	5031	u%b%i%

2	5.72517,7.13325	870	t%u%p%u%

2	5.6027,7.322	7941	r̃%ụ%ọ%
2	5.72517,7.13325	2956	r%ụ%ọ%

2	5.72517,7.13325	1532	r%u%t%e%

2	5.6027,7.322	434	m%a%

2	5.71795,7.08217	36	o%ny%e%
2	5.72517,7.13325	7981	o%ny%ē%

2	5.72517,7.13325	3073	o%j%i%

2	5.72517,7.13325	1390	nw%ụ%ọ%

2	5.6027,7.322	5838	n%ā%
2	5.72517,7.13325	165	nw%ā%

2	5.72517,7.13325	3191	n%ụ%ọ%

2	5.5834,7.05	5805	n%ọ̀%r%ọ%
2	5.72517,7.13325	1054	n%ọ%r%ọ%

2	5.5834,7.05	43	ọ%n%ụ̄%
2	5.6027,7.322	126	n%ụ̄%

2	5.72517,7.13325	7514	n%à%-%à%g%a%

2	5.72517,7.13325	1137	n%sh%i%

2	5.6027,7.322	5825	n%s%ò%gb%u%
2	5.72517,7.13325	1015	n%s%o%gb%u%

2	5.72517,7.13325	1692	n%n%à%

2	5.72517,7.13325	3262	n%kw%a%

2	5.72517,7.13325	5026	n%d%ị%a%

2	5.72517,7.13325	782	n%d%i%

2	5.6027,7.322	687	m%a%r%a%
2	5.72517,7.13325	997	n%a%r%a%

2	5.72517,7.13325	1009	m%ụ%ọ%

2	5.72517,7.13325	672	m%m%a%d%ụ%

2	5.72517,7.13325	6019	m%b%à%

2	5.72517,7.13325	6046	m%ā%r%ā%

2	5.4829,7.0337	6799	n%e%e%
2	5.72517,7.13325	5913	l%è%e%

2	5.72517,7.13325	6894	kp%ọ̄%ọ̄%

2	5.6027,7.322	392	n%ọ̄%
2	5.72517,7.13325	3570	kp%ọ̄%

2	5.72517,7.13325	1619	kp%a%r%a%

2	5.6027,7.322	3575	kp%ọ%ọ%
2	5.72517,7.13325	3622	k%ọ%ọ%

2	5.5834,7.05	456	k%a%m%à%
2	5.72517,7.13325	881	k%a%m%a%

2	5.72517,7.13325	702	j%i%r%i%

2	5.71795,7.08217	12	j%ì%

2	5.72517,7.13325	737	i%r%i%

2	5.72517,7.13325	795	i%j%i%

2	5.72517,7.13325	676	i%h%i%

2	5.72517,7.13325	5469	h%a%a%

2	5.72517,7.13325	518	g%a%r%a%

2	5.72517,7.13325	1846	e%t%o%

2	5.72517,7.13325	4063	e%s%o%

2	5.71795,7.08217	713	e%gb%e%
2	5.72517,7.13325	2034	e%r%e%

2	5.72517,7.13325	1172	e%ny%e%

2	5.6027,7.322	4095	e%nw%e%e%
2	5.72517,7.13325	1628	e%l%e%e%

2	5.72517,7.13325	1420	d%o%w%e%

2	5.72517,7.13325	4275	d%a%a%

2	5.72517,7.13325	1489	b%u%t%e%

2	5.6027,7.322	564	b%ụ%
2	5.72517,7.13325	446	k%ụ%

2	5.72517,7.13325	1343	b%i%r%i%

2	5.6027,7.322	1646	b%i%e%
2	5.72517,7.13325	635	b%i%a%

2	5.72517,7.13325	4418	a%z%a%

2	5.72517,7.13325	928	a%w%ụ%

2	5.72517,7.13325	2102	a%t%ụ%

2	5.6027,7.322	4604	a%k%ị%
2	5.72517,7.13325	5622	a%s%ị%

2	5.71795,7.08217	729	a%n%a%
2	5.72517,7.13325	1024	a%r%a%

2	5.72517,7.13325	5946	a%p%ụ̀%t%a%

2	5.72517,7.13325	691	a%kw%a%

2	5.6027,7.322	1111	a%j%a%
2	5.72517,7.13325	915	a%kp%a%

2	5.72517,7.13325	990	a%k%ụ%k%ụ%

2	5.4543,7.0247	950	a%k%ụ%

2	5.72517,7.13325	1126	a%gw%ụ%

2	5.72517,7.13325	731	a%gw%a%

2	5.72517,7.13325	4707	a%d%ị%

2	5.71795,7.08217	8726	ọ̀%k%ụ%k%ọ̀%

2	5.664,7.012	3575	kp%ọ%ọ%
2	5.71795,7.08217	2225	ọ%ọ%

2	5.664,7.012	7363	ǹ%k%e%è%
2	5.71795,7.08217	86	ǹ%k%e%à%

2	5.71795,7.08217	6756	nw%ē%ē%

2	5.71795,7.08217	5321	nw%e%kw%e%

2	5.664,7.012	740	n%o%

2	5.664,7.012	5847	n%ch%à%
2	5.71795,7.08217	6782	n%t%à%

2	5.664,7.012	1027	n%d%ụ%

2	5.664,7.012	7009	g%ī%
2	5.71795,7.08217	461	j%ī%

2	5.71795,7.08217	473	i%m%ī%

2	5.72517,7.13325	1119	e%z%i%gb%o%

2	5.664,7.012	5786	è%m%e%

2	5.5834,7.05	13220	a%y%ị̀%
2	5.71795,7.08217	4428	a%y%i%

2	5.72517,7.13325	6050	a%s%ụ̄%

2	5.72517,7.13325	608	a%kp%ọ̀%r%ọ̀%

2	5.664,7.012	13858	ụ%kp%ọ̄%

2	5.664,7.012	6236	ọ̄%k%ụ̄%

2	5.664,7.012	6106	ṅ%ụ̄%

2	5.664,7.012	6345	ṅ%ụ%

2	5.664,7.012	6130	ò%ny%e%
2	5.71795,7.08217	5797	è%ny%e%

2	5.664,7.012	6380	ò%g%ì%r%ì%

2	5.5834,7.05	584	a%à%
2	5.664,7.012	5787	à%à%

2	5.664,7.012	7541	à%gw%ọ%

2	5.664,7.012	2673	à%g%à%

2	5.664,7.012	7941	r̃%ụ%ọ%

2	5.5834,7.05	1191	r%u%

2	5.664,7.012	6692	o%s%è%

2	5.664,7.012	686	o%nw%e%
2	5.71795,7.08217	179	ò%nw%e%

2	5.6027,7.322	6713	o%gɦ%è%
2	5.72517,7.13325	6184	o%gb%è%

2	5.71795,7.08217	7363	ǹ%k%e%è%

2	5.664,7.012	44	m̄%m%ā%d%ụ̀%
2	5.71795,7.08217	242	m%m%ā%d%ụ̀%

2	5.5834,7.05	5877	w%è%e%
2	5.664,7.012	5913	l%è%e%

2	5.4543,7.0247	754	e%r%i%
2	5.5832,7.05	5979	ì%r%i%

2	5.664,7.012	13865	i%kw%è%

2	5.664,7.012	7412	i%kh%è%

2	5.664,7.012	183	i%gw%è%

2	5.664,7.012	7425	i%b%ù%

2	5.5834,7.05	1845	z%ụ%r%ụ%

2	5.71795,7.08217	96	e%z%ē%

2	5.5834,7.05	5979	ì%r%i%
2	5.664,7.012	754	e%r%i%

2	5.5834,7.05	1482	e%k%u%
2	5.664,7.012	966	e%k%e%

2	5.664,7.012	724	ch%i%
2	5.71795,7.08217	464	j%i%

2	5.664,7.012	5854	b%à%a%
2	5.71795,7.08217	826	b%a%a%

2	5.664,7.012	5941	a%z%ụ̀%

2	5.5834,7.05	5812	ụ%m%ụ̀%

2	5.664,7.012	15125	a%kw%ụ̄%

2	5.664,7.012	5869	a%kw%à%

2	5.664,7.012	7405	a%k%ị̄%
2	5.71795,7.08217	4604	a%k%ị%

2	5.72517,7.13325	13855	ụ%kw%à%

2	5.72517,7.13325	285	ọ%kw%a%

2	5.6027,7.322	5960	à%g%a%
2	5.72517,7.13325	2673	à%g%à%

2	5.6027,7.322	5905	à%b%ụ̀%ọ%

2	5.6027,7.322	1029	l%ụ%ọ%
2	5.72517,7.13325	7941	r̃%ụ%ọ%

2	5.72517,7.13325	6663	r%ī%

2	5.72517,7.13325	1376	o%g%e%

2	5.72517,7.13325	1281	o%ch%e%

2	5.72517,7.13325	5860	n%ọ̀%ọ%

2	5.4244,7.1967	1692	n%n%à%
2	5.6027,7.322	5847	n%ch%à%

2	5.72517,7.13325	6880	kw%ụ%ọ%

2	5.72517,7.13325	3720	j%a%a%

2	5.6027,7.322	5981	ē%r%ī%
2	5.72517,7.13325	5857	ī%r%ī%

2	5.6027,7.322	529	ē%j%ī%
2	5.72517,7.13325	527	ē%zh%ī%

2	5.4244,7.1967	564	b%ụ%
2	5.6027,7.322	9759	b%ù%

2	5.5834,7.05	4411	ā%

2	5.5834,7.05	5992	ụ%n%ụ̀%

2	5.72517,7.13325	15125	a%kw%ụ̄%

2	5.71795,7.08217	2171	ụ%l%ọ̀%

2	5.5834,7.05	1160	ọ%t%ụ%t%ụ%

2	5.5832,7.05	2267	ọ%f%ọ%
2	5.5834,7.05	280	ọ%s%ọ%

2	5.5834,7.05	2245	ọ%n%ọ%d%ụ%

2	5.5834,7.05	1109	ọ%g%a%

2	5.5834,7.05	5015	ọ%d%ị%

2	5.5834,7.05	1120	ị%h%ụ%n%a%

2	5.5832,7.05	6870	l%è%kw%e%
2	5.5834,7.05	6434	è%kw%e%

2	5.5834,7.05	6494	à%n%a%

2	5.664,7.012	1845	z%ụ%r%ụ%

2	5.5834,7.05	2818	w%e%e%

2	5.5834,7.05	5012	u%s%o%r%o%

2	5.5834,7.05	701	u%gb%u%u%

2	5.5834,7.05	922	u%b%e%

2	5.5834,7.05	1226	t%i%ny%e%

2	5.5834,7.05	5228	s%i%r%i%

2	5.5834,7.05	787	r%u%r%u%

2	5.5834,7.05	1099	p%ụ%r%ụ%

2	5.5834,7.05	983	o%sh%e%

2	5.5834,7.05	3047	o%m%e%n%a%l%a%

2	5.5834,7.05	720	o%l%o%

2	5.5834,7.05	970	o%ch%i%e%

2	5.5834,7.05	1597	o%b%u%

2	5.5834,7.05	3246	n%t%a%k%ị%r%ị%

2	5.664,7.012	631	n%n%u%

2	5.4829,7.0337	408	m̀%m%à%

2	5.5834,7.05	773	m%ụ%r%ụ%

2	5.664,7.012	5896	m%à%ọ̀%w%ụ̀%

2	5.5834,7.05	954	m%u%

2	5.5834,7.05	673	m%m%m%

2	5.5834,7.05	1769	m%m%a%n%ụ%

2	5.5834,7.05	765	m%b%u%

2	5.5834,7.05	802	kw%e%r%e%

2	5.5834,7.05	3565	kw%a%a%

2	5.5832,7.05	6179	k%e%è%
2	5.5834,7.05	1988	k%è%è%

2	5.664,7.012	6923	k%è%e%

2	5.5834,7.05	1321	i%z%u%

2	5.5834,7.05	789	h%ù%

2	5.5834,7.05	1121	gb%a%k%ọ%ọ%

2	5.5834,7.05	1048	g%a%-%e%r%i%

2	5.5834,7.05	6026	e%zh%i%

2	5.5834,7.05	96	e%z%ē%

2	5.5834,7.05	5003	e%s%i%

2	5.5834,7.05	1190	e%ny%e%r%e%

2	5.5834,7.05	1628	e%l%e%e%

2	5.5834,7.05	4149	e%k%e%l%e%

2	5.5834,7.05	1888	e%f%e%r%e%

2	5.4829,7.0337	7098	e%kw%ē%
2	5.664,7.012	550	e%ē%

2	5.5834,7.05	1611	e%b%u%

2	5.5834,7.05	1408	e%b%i%d%o%

2	5.5834,7.05	996	e%b%e%r%e%

2	5.5834,7.05	4248	d%u%r%u%
2	5.6027,7.322	757	b%u%r%u%

2	5.5834,7.05	4330	ch%e%e%

2	5.5834,7.05	1466	b%a%r%a%

2	5.5834,7.05	977	a%t%ụ%r%ụ%

2	5.5834,7.05	851	a%sh%i%

2	5.5834,7.05	903	a%n%ọ%r%ọ%

2	5.5834,7.05	4529	a%m%ụ%

2	5.5834,7.05	939	a%m%a%r%a%l%a%

2	5.5834,7.05	821	a%m%a%r%a%

2	5.5834,7.05	1291	a%h%ụ%h%ụ%

2	5.5834,7.05	739	a%gb%a%r%a%

2	5.6027,7.322	223	a%f%ọ̀%
2	5.664,7.012	138	a%f%ọ%

2	5.5834,7.05	911	a%d%a%

2	5.5834,7.05	746	a%b%a%l%i%

2	5.5834,7.05	694	N%n%e%

2	5.5834,7.05	1588	E%b%e%

2	5.5834,7.05	1691	Ch%u%kw%u%

2	5.5834,7.05	8861	ụ̀%t%ụ%

2	5.5832,7.05	8658	ò%t%u%ù%

2	5.5832,7.05	6370	ò%m%e%n%à%à%l%à%
2	5.5834,7.05	7742	ò%m%e%n%à%à%l%a%

2	5.5832,7.05	2386	ò%k%ù%

2	5.4829,7.0337	135	à%k%a%
2	5.5832,7.05	6501	à%kw%a%

2	5.4244,7.1967	3134	ny%e%
2	5.4543,7.0247	1540	g%e%

2	5.522,6.923	6031	nw%a%à%y%ị̀%
2	5.5832,7.05	389	nw%a%à%ny%ị̀%

2	5.5834,7.05	6787	n%n%ụ̄%

2	5.4829,7.0337	41	n%a%-%
2	5.5832,7.05	6802	n%ā%-%

2	5.664,7.012	425	m%e%r%e%

2	5.5834,7.05	5414	k%ụ%ọ%

2	5.4829,7.0337	1123	a%a%

2	5.5834,7.05	518	g%a%r%a%

2	5.522,6.923	6119	è%j%e%
2	5.5832,7.05	785	e%j%e%

2	5.522,6.923	6647	r%ị̄%k%à%
2	5.5832,7.05	7130	d%ị̄%k%à%

2	5.522,6.923	863	sh%ì%
2	5.5832,7.05	2014	b%ì%

2	5.664,7.012	757	b%u%r%u%

2	5.4829,7.0337	889	a%h%ù%
2	5.5834,7.05	5820	a%h%ụ̄%

2	5.5834,7.05	5677	a%h%ị%a%

2	5.4829,7.0337	257	ụ%z%ọ̀%
2	5.522,6.923	7650	ụ̀%z%ọ̀%

2	5.522,6.923	7398	ụ%k%ụ̀%t%ụ̀%

2	5.522,6.923	7407	ọ̄%w%ụ̄%l%à%

2	5.522,6.923	1160	ọ%t%ụ%t%ụ%
2	5.5832,7.05	6127	ọ̀%t%ụ%t%ụ%

2	5.4829,7.0337	758	a%r%ị%
2	5.522,6.923	1033	ọ%r%ị%

2	5.522,6.923	5909	ọ%h%ị%ā%
2	5.5832,7.05	2260	ọ%h%ị%a%

2	5.522,6.923	7428	ọ%b%à%

2	5.522,6.923	7430	è%t%i%i%

2	5.4829,7.0337	5859	à%l%a%

2	5.5832,7.05	5960	à%g%a%

2	5.522,6.923	344	w%ụ%r%ụ%kw%a%n%ụ%

2	5.522,6.923	7422	w%ị%ị%g%a%

2	5.522,6.923	675	w%e%

2	5.4829,7.0337	863	sh%ì%
2	5.522,6.923	628	sh%ị%

2	5.5834,7.05	7981	o%ny%ē%

2	5.522,6.923	372	o%kw%u%
2	5.5832,7.05	8742	o%kw%ū%

2	5.4829,7.0337	6176	o%kh%è%ny%è%
2	5.522,6.923	203	o%k%è%ny%è%

2	5.522,6.923	3073	o%j%i%
2	5.5832,7.05	769	o%sh%i%

2	5.522,6.923	140	nw%è%r%è%
2	5.5832,7.05	7534	nw%è%r̃%è%

2	5.522,6.923	5849	nw%o%k%è%
2	5.5832,7.05	178	nw%o%k%ē%

2	5.4829,7.0337	178	nw%o%k%ē%

2	5.522,6.923	7396	nw%a%t%à%

2	5.4829,7.0337	7006	g%à%à%
2	5.522,6.923	114	n%à%à%

2	5.522,6.923	7403	n%t%à%k%ị%r%ị%

2	5.522,6.923	631	n%n%u%
2	5.5832,7.05	6787	n%n%ụ̄%

2	5.522,6.923	782	n%d%i%

2	5.522,6.923	40	m%m%a%d%ụ̀%
2	5.5832,7.05	242	m%m%ā%d%ụ̀%

2	5.522,6.923	151	m%kp%ụ%r%ụ̄%

2	5.4829,7.0337	3575	kp%ọ%ọ%
2	5.522,6.923	3622	k%ọ%ọ%

2	5.522,6.923	7412	i%kh%è%

2	5.4829,7.0337	6971	i%j%ì%
2	5.522,6.923	481	i%j%ī%

2	5.522,6.923	6974	i%h%ì%
2	5.5832,7.05	80	i%h%u%

2	5.522,6.923	7425	i%b%ù%

2	5.522,6.923	6985	h%ụ%ụ%
2	5.5832,7.05	5193	w%ụ%ụ%

2	5.522,6.923	630	h%u%

2	5.4829,7.0337	1466	b%a%r%a%

2	5.4829,7.0337	7069	e%sh%ì%
2	5.522,6.923	722	e%sh%i%

2	5.4829,7.0337	896	e%h%u%
2	5.522,6.923	8393	e%h%ụ̀%

2	5.522,6.923	7383	e%d%è%

2	5.522,6.923	1611	e%b%u%
2	5.5832,7.05	7800	è%b%u%

2	5.4244,7.1967	560	ch%a%a%
2	5.4829,7.0337	3720	j%a%a%

2	5.522,6.923	91	a%ny%ā%

2	5.522,6.923	8523	a%n%à%-%à%kp%ọ%
2	5.5832,7.05	8051	n%à%-%à%kp%ọ%

2	5.522,6.923	7405	a%k%ị̄%

2	5.4829,7.0337	60	a%k%à%
2	5.522,6.923	4604	a%k%ị%

2	5.4829,7.0337	6213	ụ%n%ụ%
2	5.5832,7.05	5992	ụ%n%ụ̀%

2	5.5834,7.05	261	ụ%k%à%

2	5.4829,7.0337	42	ọ̄%z%ọ̄%

2	5.4829,7.0337	5835	ọ̀%w%ụ%ụ̄%

2	5.4829,7.0337	5845	ọ%k%ụ̄%

2	5.4829,7.0337	5842	ị%n%ọ̀%

2	5.5834,7.05	1488	ò%t%ù%

2	5.4829,7.0337	5851	ì%h%e%

2	5.4829,7.0337	6418	è%r%e%
2	5.522,6.923	308	è%r%i%

2	5.4829,7.0337	309	è%nw%e%

2	5.522,6.923	6162	à%n%a%ā%

2	5.4543,7.0247	5664	a%kp%ụ%
2	5.4829,7.0337	5983	à%kp%ụ%

2	5.4829,7.0337	5834	à%kp%a%

2	5.4829,7.0337	6537	à%f%ọ̀%
2	5.522,6.923	223	a%f%ọ̀%

2	5.4543,7.0247	702	j%i%r%i%

2	5.4543,7.0247	2915	sh%ụ%
2	5.4829,7.0337	6628	s%ụ%

2	5.4543,7.0247	818	nw%o%k%e%

2	5.4829,7.0337	108	nw%ē%r%ē%

2	5.5834,7.05	5907	nw%ē%

2	5.4829,7.0337	772	nw%e%
2	5.5834,7.05	1204	nw%è%

2	5.522,6.923	5807	n%n%ē%

2	5.522,6.923	6089	n%kw%ụ̄%

2	5.4829,7.0337	5847	n%ch%à%

2	5.4829,7.0337	5843	m%m%ī%r%ī%

2	5.4829,7.0337	242	m%m%ā%d%ụ̀%
2	5.522,6.923	44	m̄%m%ā%d%ụ̀%

2	5.4829,7.0337	3622	k%ọ%ọ%
2	5.5832,7.05	9597	gw%ọ%ọ%

2	5.4829,7.0337	1988	k%è%è%
2	5.5832,7.05	6923	k%è%e%

2	5.4829,7.0337	5856	i%l%ē%

2	5.4829,7.0337	5871	h%e%è%

2	5.5834,7.05	7121	e%b%ē%
2	5.664,7.012	96	e%z%ē%

2	5.5832,7.05	5840	e%b%e%è%

2	5.4244,7.1967	1118	s%a%a%

2	5.4829,7.0337	5854	b%à%a%

2	5.4829,7.0337	581	ā%f%ọ̄%

2	5.5832,7.05	5869	a%kw%à%

2	5.4244,7.1967	950	a%k%ụ%

2	5.4829,7.0337	915	a%kp%a%
2	5.522,6.923	5834	à%kp%a%

2	5.4829,7.0337	613	a%h%ị%h%ị%a%

2	5.4829,7.0337	4707	a%d%ị%
2	5.5832,7.05	5904	à%d%ị%

2	5.4829,7.0337	1359	a%ch%ọ%
2	5.522,6.923	138	a%f%ọ%

2	5.4829,7.0337	5831	a%b%ụ̀%

2	5.4829,7.0337	5862	(%b%e%f%o%r%e%)%

2	5.4244,7.1967	1361	ọ%d%ụ%
2	5.4543,7.0247	776	ọ%k%ụ%

2	5.4543,7.0247	5015	ọ%d%ị%

2	5.4543,7.0247	5032	ọ%b%ụ%

2	5.3999,7.0167	99	w%ụ%r%ụ%

2	5.4244,7.1967	77	nw%e%e%
2	5.4543,7.0247	2818	w%e%e%

2	5.4543,7.0247	5031	u%b%i%

2	5.3999,7.0167	360	r%u%o%
2	5.4543,7.0247	5099	s%u%o%

2	5.4543,7.0247	1099	p%ụ%r%ụ%
2	5.4829,7.0337	5899	t%ụ%r%ụ%

2	5.4244,7.1967	1281	o%ch%e%
2	5.4543,7.0247	2073	o%f%e%

2	5.4543,7.0247	1453	n%kw%u%
2	5.4829,7.0337	6089	n%kw%ụ̄%

2	5.4244,7.1967	3565	kw%a%a%
2	5.4543,7.0247	1398	k%a%a%

2	5.4543,7.0247	3622	k%ọ%ọ%
2	5.5832,7.05	5414	k%ụ%ọ%

2	5.4543,7.0247	5018	i%h%e%e%

2	5.3999,7.0167	83	e%e%

2	5.4244,7.1967	966	e%k%e%

2	5.4829,7.0337	643	e%m%e%

2	5.4244,7.1967	4725	a%b%ị%a%
2	5.4543,7.0247	654	a%b%i%a%

2	5.4244,7.1967	2103	–%
2	5.4829,7.0337	649	?%

2	5.4244,7.1967	1001	ụ%t%ụ%t%ụ%

2	5.4244,7.1967	1033	ọ%r%ị%

2	5.4244,7.1967	2249	ọ%n%a%
2	5.4829,7.0337	284	ọ%m%a%

2	5.4244,7.1967	987	ọ%k%ụ%k%ụ%

2	5.4244,7.1967	1034	ọ%g%ụ%

2	5.4244,7.1967	433	m%a%a%

2	5.4244,7.1967	1050	y%a%n%ụ%

2	5.72517,7.13325	1411	w%ụ%n%ụ%

2	5.4244,7.1967	963	w%ọ%ọ%

2	5.4829,7.0337	2135	w%a%r%a%

2	5.4244,7.1967	951	o%g%o%l%o%g%o%

2	5.4244,7.1967	970	o%ch%i%e%

2	5.4244,7.1967	1071	nw%e%t%e%

2	5.4244,7.1967	953	nw%a%n%n%e%

2	5.4244,7.1967	1023	n%ọ%ọ%

2	5.4244,7.1967	1054	n%ọ%r%ọ%

2	5.4244,7.1967	1015	n%s%o%gb%u%

2	5.4244,7.1967	3357	m%ụ̀%
2	5.4543,7.0247	410	m%ụ%

2	5.4244,7.1967	954	m%u%

2	5.4244,7.1967	1002	m%m%ụ%ọ%

2	5.4829,7.0337	40	m%m%a%d%ụ̀%

2	5.4244,7.1967	1644	m%kp%a%
2	5.4543,7.0247	201	m%gb%a%

2	5.4244,7.1967	1013	m%h%m%

2	5.4543,7.0247	765	m%b%u%

2	5.4244,7.1967	1082	kw%ọ%

2	5.6027,7.322	679	kw%à%
2	5.72517,7.13325	781	kp%à%

2	5.4244,7.1967	965	kw%e%

2	5.4829,7.0337	3692	j%è%r%è%

2	5.4244,7.1967	961	i%w%e%

2	5.4244,7.1967	956	gb%a%m%a%

2	5.4244,7.1967	1041	g%ụ%

2	5.4244,7.1967	978	g%a%-%e%sh%i%

2	5.4244,7.1967	1048	g%a%-%e%r%i%

2	5.4244,7.1967	941	g%a%-%e%j%i%

2	5.4244,7.1967	1088	g%a%-%a%n%ọ%

2	5.4244,7.1967	1119	e%z%i%gb%o%

2	5.4244,7.1967	1113	e%z%i%

2	5.4244,7.1967	1846	e%t%o%
2	5.4543,7.0247	5046	e%t%u%

2	5.4244,7.1967	1078	e%kw%e%r%e%

2	5.4244,7.1967	1060	e%b%i%r%i%

2	5.4543,7.0247	1418	d%i%k%a%

2	5.4244,7.1967	1006	ch%a%

2	5.4244,7.1967	972	b%i%k%o%

2	5.4244,7.1967	977	a%t%ụ%r%ụ%

2	5.4244,7.1967	1024	a%r%a%

2	5.4244,7.1967	939	a%m%a%r%a%l%a%

2	5.4244,7.1967	975	a%kp%ọ%r%ọ%

2	5.4244,7.1967	999	a%k%ọ%

2	5.4244,7.1967	948	a%b%a%l%ị%

2	5.4244,7.1967	995	E%e%

2	5.3999,7.0167	65	ụ̀%f%ọ%d%ụ%

2	5.3999,7.0167	105	ụ̀%d%ị%

2	5.3999,7.0167	79	ọ̀%z%ọ%

2	5.4244,7.1967	280	ọ%s%ọ%

2	5.3999,7.0167	107	y%ē%
2	5.4244,7.1967	2	y%ā%

2	5.3999,7.0167	202	r%ụ̀%
2	5.4244,7.1967	2960	r%ụ%

2	5.3999,7.0167	75	r%ị̄%

2	5.3999,7.0167	116	ə%
2	5.4543,7.0247	1362	u%

2	5.3999,7.0167	86	ǹ%k%e%à%

2	5.3999,7.0167	92	n%t%ị̀%

2	5.3999,7.0167	68	m%m%ā%

2	5.3999,7.0167	74	i%h%ì%n%à%

2	5.3999,7.0167	80	i%h%u%

2	5.3999,7.0167	70	i%ch%è%

2	5.3999,7.0167	94	g%à%-%à%hw%ụ%

2	5.3999,7.0167	101	g%à%-%

2	5.3999,7.0167	96	e%z%ē%

2	5.3999,7.0167	69	e%w%ū%

2	5.3999,7.0167	76	e%r%i%r%i%

2	5.3999,7.0167	82	e%nw%è%r%è%

2	5.4543,7.0247	638	d%i%

2	5.3999,7.0167	560	ch%a%a%
2	5.4543,7.0247	4275	d%a%a%

2	5.3999,7.0167	93	ā%hw%ụ̄%

2	5.3999,7.0167	91	a%ny%ā%

2	5.4244,7.1967	619	a%ch%a%

1	5.72517,7.13325	8861	ụ̀%t%ụ%

1	5.72517,7.13325	849	ụ%w%a%

1	5.72517,7.13325	799	ụ%t%ọ%

1	5.72517,7.13325	5943	ụ%m%ụ̀%a%k%ā%

1	5.72517,7.13325	1186	ụ%m%ụ%nw%a%ny%ị%

1	5.72517,7.13325	745	ụ%m%ụ%a%k%a%

1	5.72517,7.13325	24	ụ%kw%ụ̄%

1	5.72517,7.13325	1030	ụ%kw%a%

1	5.72517,7.13325	796	ụ%gw%ọ%

1	5.72517,7.13325	878	ụ%f%ọ%d%ụ%

1	5.72517,7.13325	1309	ụ%d%ị%

1	5.6027,7.322	4411	ā%

1	5.72517,7.13325	8726	ọ̀%k%ụ%k%ọ̀%

1	5.72517,7.13325	1136	ọ%nw%ụ%

1	5.72517,7.13325	9922	ọ%n%ụ%m%a%r%a%

1	5.72517,7.13325	6279	ọ%n%ọ̀%d%ụ̀%

1	5.72517,7.13325	2249	ọ%n%a%

1	5.72517,7.13325	987	ọ%k%ụ%k%ụ%

1	5.72517,7.13325	751	ọ%k%ụ%k%ọ%

1	5.72517,7.13325	6287	ọ%gw%ụ%

1	5.72517,7.13325	5015	ọ%d%ị%

1	5.72517,7.13325	15191	ọ%b%ụ%l%à%

1	5.72517,7.13325	1979	ọ%b%a%r%a%

1	5.72517,7.13325	5842	ị%n%ọ̀%

1	5.72517,7.13325	294	ị%m%à%

1	5.72517,7.13325	6078	ị%gb%ā%

1	5.72517,7.13325	5794	ǝ%

1	5.72517,7.13325	6351	ù%gb%ò%r%ò%

1	5.72517,7.13325	6370	ò%m%e%n%à%à%l%à%

1	5.72517,7.13325	7742	ò%m%e%n%à%à%l%a%

1	5.72517,7.13325	2386	ò%k%ù%

1	5.72517,7.13325	5816	ò%k%è%

1	5.72517,7.13325	8627	ì%w%u%

1	5.72517,7.13325	2539	è%m%è%

1	5.72517,7.13325	8625	è%l%e%ē%

1	5.72517,7.13325	6445	è%j%e%e%

1	5.72517,7.13325	6485	à%p%ụ̀%t%a%

1	5.72517,7.13325	5965	à%n%d%ị̀%ị̀%

1	5.72517,7.13325	7820	à%n%a%-%

1	5.72517,7.13325	6501	à%kw%a%

1	5.72517,7.13325	7843	à%k%ụ̀%

1	5.6027,7.322	134	à%gb%a%

1	5.72517,7.13325	5810	à%g%a%ā%

1	5.72517,7.13325	8636	à%ch%ị%

1	5.72517,7.13325	5905	à%b%ụ̀%ọ%

1	5.72517,7.13325	1296	y%ọ%

1	5.71795,7.08217	115	y%à%

1	5.72517,7.13325	2745	y%ị%

1	5.72517,7.13325	342	w%ụ̄%r%ụ̄%

1	5.72517,7.13325	653	w%ụ%l%a%

1	5.72517,7.13325	1329	w%u%

1	5.72517,7.13325	834	w%e%t%e%

1	5.72517,7.13325	1079	u%r%u%

1	5.72517,7.13325	706	u%r%i%

1	5.72517,7.13325	697	u%n%u%

1	5.72517,7.13325	169	u%kw%ù%

1	5.72517,7.13325	924	u%gb%u%a%

1	5.72517,7.13325	808	u%gb%u%

1	5.72517,7.13325	9924	u%gb%o%

1	5.72517,7.13325	5100	t%ụ%ọ%

1	5.72517,7.13325	5899	t%ụ%r%ụ%

1	5.72517,7.13325	628	sh%ị%

1	5.72517,7.13325	353	sh%ī%

1	5.72517,7.13325	1287	sh%a%

1	5.72517,7.13325	6633	s%ị̄%

1	5.72517,7.13325	356	s%o%ō%

1	5.72517,7.13325	5228	s%i%r%i%

1	5.72517,7.13325	5954	s%a%ch%a%a%

1	5.72517,7.13325	75	r%ị̄%

1	5.72517,7.13325	787	r%u%r%u%

1	5.72517,7.13325	167	p%ụ̀%ọ%

1	5.72517,7.13325	1444	p%ụ%ọ%

1	5.72517,7.13325	730	p%ụ%t%a%

1	5.72517,7.13325	110	ō%ō%

1	5.72517,7.13325	7399	o%sh%i%è%

1	5.72517,7.13325	769	o%sh%i%

1	5.72517,7.13325	5048	o%r%i%r%i%

1	5.72517,7.13325	788	o%l%e%e%

1	5.72517,7.13325	8742	o%kw%ū%

1	5.72517,7.13325	6709	o%k%è%e%

1	5.72517,7.13325	1152	o%h%u%

1	5.72517,7.13325	951	o%g%o%l%o%g%o%

1	5.72517,7.13325	5004	o%g%o%

1	5.72517,7.13325	962	o%b%o%d%o%

1	5.72517,7.13325	381	ǹ%k%è%e%

1	5.72517,7.13325	791	nw%ụ%r%ụ%

1	5.72517,7.13325	384	nw%è%kw%à%r%à%

1	5.72517,7.13325	887	nw%à%

1	5.72517,7.13325	7521	nw%ē%r̃%ē%

1	5.72517,7.13325	9316	nw%e%kw%e%e%

1	5.72517,7.13325	5321	nw%e%kw%e%

1	5.72517,7.13325	50	nw%e%kw%a%n%ụ%

1	5.72517,7.13325	762	nw%a%ny%i%

1	5.72517,7.13325	1023	n%ọ%ọ%

1	5.72517,7.13325	8038	n%à%-%è%sh%i%

1	5.72517,7.13325	9347	n%à%-%è%nw%e%

1	5.72517,7.13325	6780	n%z%ū%

1	5.72517,7.13325	396	n%t%ị%

1	5.72517,7.13325	3246	n%t%a%k%ị%r%ị%

1	5.72517,7.13325	5051	n%o%w%

1	5.6027,7.322	5866	n%n%ụ̀%

1	5.72517,7.13325	631	n%n%u%

1	5.72517,7.13325	5807	n%n%ē%

1	5.72517,7.13325	8632	n%n%ā%

1	5.72517,7.13325	8787	n%e%-%

1	5.72517,7.13325	1007	n%d%e%e%w%o%

1	5.72517,7.13325	5847	n%ch%à%

1	5.72517,7.13325	7535	n%a%ā%n%ị̄%

1	5.72517,7.13325	14660	m̀%m%i%r%ī%

1	5.72517,7.13325	5800	m%ụ̄%r%ụ̄%

1	5.72517,7.13325	1140	m%ụ%t%a%

1	5.72517,7.13325	954	m%u%

1	5.72517,7.13325	1002	m%m%ụ%ọ%

1	5.72517,7.13325	895	m%e%r%e%n%ụ%

1	5.72517,7.13325	1200	m%e%g%e%

1	5.72517,7.13325	1047	m%b%a%

1	5.72517,7.13325	430	m%ā%r̃%ā%

1	5.72517,7.13325	837	l%ụ%r%ụ%

1	5.72517,7.13325	901	l%a%r%u%o%

1	5.72517,7.13325	1431	l%a%

1	5.72517,7.13325	1082	kw%ọ%

1	5.72517,7.13325	679	kw%à%

1	5.72517,7.13325	1395	kw%a%r%a%

1	5.72517,7.13325	1432	kp%a%a%

1	5.4244,7.1967	3621	k%ọ̀%

1	5.72517,7.13325	9512	k%ọ%w%a%

1	5.72517,7.13325	249	k%ọ%r%ọ%

1	5.72517,7.13325	1791	k%e%r%e%

1	5.72517,7.13325	5038	k%a%r%ị%a%

1	5.72517,7.13325	455	k%a%r%a%

1	5.72517,7.13325	1398	k%a%a%

1	5.72517,7.13325	5427	j%i%e%

1	5.72517,7.13325	8633	i%w%u%

1	5.72517,7.13325	961	i%w%e%

1	5.72517,7.13325	823	i%t%e%

1	5.72517,7.13325	985	i%s%i%

1	5.72517,7.13325	1155	i%s%e%

1	5.6027,7.322	1515	e%m%e%e%

1	5.72517,7.13325	875	i%j%e%

1	5.72517,7.13325	6974	i%h%ì%

1	5.72517,7.13325	5018	i%h%e%e%

1	5.72517,7.13325	2043	i%g%a%

1	5.72517,7.13325	711	h%ụ%r%ụ%

1	5.72517,7.13325	9932	h%a%p%ụ%

1	5.72517,7.13325	1323	gh%a%r%a%

1	5.72517,7.13325	857	gb%a%r%a%

1	5.72517,7.13325	1121	gb%a%k%ọ%ọ%

1	5.72517,7.13325	817	g%ì%

1	5.72517,7.13325	512	g%à%-%à%gb%a%

1	5.72517,7.13325	3922	g%a%n%a%

1	5.72517,7.13325	1286	g%a%kw%a%

1	5.72517,7.13325	9915	g%a%gh%ị%

1	5.72517,7.13325	7012	g%a%ā%

1	5.72517,7.13325	2117	e%z%i%o%kw%u%

1	5.72517,7.13325	1113	e%z%i%

1	5.72517,7.13325	96	e%z%ē%

1	5.72517,7.13325	906	e%w%e%

1	5.72517,7.13325	5115	e%sh%i%e%

1	5.72517,7.13325	5003	e%s%i%

1	5.72517,7.13325	754	e%r%i%

1	5.72517,7.13325	1190	e%ny%e%r%e%

1	5.72517,7.13325	5010	e%nw%e%r%e%

1	5.72517,7.13325	888	e%nw%e%

1	5.72517,7.13325	4099	e%m%u%m%e%

1	5.72517,7.13325	1010	e%m%e%r%e%

1	5.72517,7.13325	4123	e%m%e%ch%a%a%

1	5.72517,7.13325	4136	e%kw%u%o%

1	5.72517,7.13325	7098	e%kw%ē%

1	5.72517,7.13325	1078	e%kw%e%r%e%

1	5.72517,7.13325	966	e%k%e%

1	5.72517,7.13325	916	e%j%i%r%i%

1	5.6027,7.322	7705	ọ%h%ụ̀%

1	5.72517,7.13325	9933	e%h%i%h%i%e%

1	5.72517,7.13325	551	e%e%m%

1	5.72517,7.13325	721	e%b%u%r%u%

1	5.72517,7.13325	1611	e%b%u%

1	5.72517,7.13325	1060	e%b%i%r%i%

1	5.72517,7.13325	7121	e%b%ē%

1	5.72517,7.13325	4231	d%ị%r%ị%

1	5.72517,7.13325	9750	d%à%a%

1	5.72517,7.13325	220	d%u%m̀%

1	5.72517,7.13325	1634	d%e%e%

1	5.72517,7.13325	869	ch%ọ%r%ọ%

1	5.72517,7.13325	907	ch%e%

1	5.72517,7.13325	1164	b%ụ%r%ụ%

1	5.72517,7.13325	9757	b%ọ̀%t%ụ̀%

1	5.6027,7.322	7166	b%ị%ā%

1	5.72517,7.13325	5593	b%ị%a%r%a%

1	5.72517,7.13325	7501	b%ị%a%kw%a%

1	5.72517,7.13325	9759	b%ù%

1	5.72517,7.13325	972	b%i%k%o%

1	5.72517,7.13325	1466	b%a%r%a%

1	5.72517,7.13325	142	ā%ny%ā%

1	5.6027,7.322	186	a%n%ụ%

1	5.72517,7.13325	851	a%sh%i%

1	5.72517,7.13325	8645	a%s%ụ̀%s%ụ%

1	5.72517,7.13325	758	a%r%ị%

1	5.72517,7.13325	786	a%p%ụ%t%a%

1	5.71795,7.08217	91	a%ny%ā%

1	5.72517,7.13325	903	a%n%ọ%r%ọ%

1	5.72517,7.13325	671	a%n%a%-%

1	5.72517,7.13325	854	a%m%ụ%t%a%

1	5.72517,7.13325	610	a%kp%ọ%ọ%

1	5.72517,7.13325	975	a%kp%ọ%r%ọ%

1	5.72517,7.13325	877	a%k%ọ%r%ọ%

1	5.72517,7.13325	999	a%k%ọ%

1	5.72517,7.13325	929	a%j%ụ%

1	5.72517,7.13325	1198	a%h%ụ%r%ụ%

1	5.72517,7.13325	1291	a%h%ụ%h%ụ%

1	5.72517,7.13325	669	a%h%u%

1	5.72517,7.13325	1195	a%h%a%a%

1	5.72517,7.13325	4650	a%gb%à%r%à%

1	5.72517,7.13325	739	a%gb%a%r%a%

1	5.72517,7.13325	710	a%gb%a%

1	5.72517,7.13325	725	a%g%ụ%

1	5.72517,7.13325	7444	a%g%ā%h%ā%

1	5.72517,7.13325	5002	a%g%a%a%

1	5.72517,7.13325	911	a%d%a%

1	5.72517,7.13325	746	a%b%a%l%i%

1	5.72517,7.13325	715	N%d%e%e%w%o%

1	5.72517,7.13325	164	(%th%e%n%)%

1	5.71795,7.08217	5992	ụ%n%ụ̀%

1	5.71795,7.08217	2183	ọ̄%

1	5.71795,7.08217	6127	ọ̀%t%ụ%t%ụ%

1	5.71795,7.08217	35	ọ%ọ̄%

1	5.664,7.012	811	ọ%r%ụ%

1	5.71795,7.08217	292	ị̀%

1	5.664,7.012	9011	ò%l%e%

1	5.71795,7.08217	5851	ì%h%e%

1	5.71795,7.08217	1582	ì%

1	5.71795,7.08217	5910	è%è%

1	5.664,7.012	15213	u%sh%ì%

1	5.71795,7.08217	56	à%y%ị%

1	5.71795,7.08217	6481	à%s%a%

1	5.71795,7.08217	7817	à%n%ụ%

1	5.71795,7.08217	133	à%kp%à%

1	5.71795,7.08217	5882	à%gw%à%

1	5.72517,7.13325	5881	à%g%ụ%

1	5.71795,7.08217	5904	à%d%ị%

1	5.71795,7.08217	7381	w%è%t%e%

1	5.71795,7.08217	347	w%è%r%è%

1	5.71795,7.08217	863	sh%ì%

1	5.71795,7.08217	353	sh%ī%

1	5.72517,7.13325	9929	s%o%

1	5.71795,7.08217	2951	s%i%t%e%

1	5.71795,7.08217	8814	r%ụ̄%

1	5.71795,7.08217	6675	ō%t%ū%

1	5.71795,7.08217	48	o%t%ù%

1	5.71795,7.08217	930	o%sh%i%sh%i%

1	5.6027,7.322	7980	o%ō%

1	5.71795,7.08217	848	o%k%e%

1	5.71795,7.08217	8630	ǹ%z%è%

1	5.71795,7.08217	384	nw%è%kw%à%r%à%

1	5.71795,7.08217	1204	nw%è%

1	5.71795,7.08217	882	nw%e%kw%e%r%e%

1	5.72517,7.13325	772	nw%e%

1	5.71795,7.08217	6031	nw%a%à%y%ị̀%

1	5.71795,7.08217	389	nw%a%à%ny%ị̀%

1	5.71795,7.08217	645	n%ụ%

1	5.71795,7.08217	7441	n%à%-%

1	5.71795,7.08217	92	n%t%ị̀%

1	5.71795,7.08217	7403	n%t%à%k%ị%r%ị%

1	5.664,7.012	5907	nw%ē%

1	5.71795,7.08217	8085	n%d%ị%à%

1	5.664,7.012	410	m%ụ%

1	5.71795,7.08217	1014	m%à%n%à%

1	5.72517,7.13325	242	m%m%ā%d%ụ̀%

1	5.71795,7.08217	426	m%e%e%

1	5.71795,7.08217	434	m%a%

1	5.71795,7.08217	9512	k%ọ%w%a%

1	5.72517,7.13325	3641	k%ọ%

1	5.71795,7.08217	6951	ī%sh%ī%

1	5.71795,7.08217	12275	ī%h%e%

1	5.71795,7.08217	474	i%m%e%e%

1	5.71795,7.08217	5856	i%l%ē%

1	5.71795,7.08217	7543	i%j%è%

1	5.71795,7.08217	482	i%h%ē%

1	5.71795,7.08217	129	h%à%

1	5.71795,7.08217	820	gb%u%o%

1	5.6027,7.322	545	e%l%u%

1	5.71795,7.08217	1482	e%k%u%

1	5.71795,7.08217	779	e%h%i%

1	5.71795,7.08217	830	e%h%

1	5.72517,7.13325	713	e%gb%e%

1	5.71795,7.08217	858	e%ch%i%

1	5.71795,7.08217	7130	d%ị̄%k%à%

1	5.71795,7.08217	553	d%ị̄%

1	5.664,7.012	564	b%ụ%

1	5.71795,7.08217	9759	b%ù%

1	5.664,7.012	7428	ọ%b%à%

1	5.72517,7.13325	826	b%a%a%

1	5.71795,7.08217	8643	ā%y%ị̄%

1	5.71795,7.08217	575	ā%ny%ị̄%

1	5.71795,7.08217	111	ā%k%ā%

1	5.664,7.012	698	a%ny%i%

1	5.664,7.012	186	a%n%ụ%

1	5.71795,7.08217	13854	a%m%a%ì%gb%ò%

1	5.71795,7.08217	1195	a%h%a%a%

1	5.72517,7.13325	699	a%b%ụ%ọ%

1	5.664,7.012	156	ụ̄%f%ọ̄%d%ụ̄%

1	5.664,7.012	13878	ụ̀%kp%a%k%ā%

1	5.664,7.012	799	ụ%t%ọ%

1	5.664,7.012	5943	ụ%m%ụ̀%a%k%ā%

1	5.664,7.012	13855	ụ%kw%à%

1	5.664,7.012	7398	ụ%k%ụ̀%t%ụ̀%

1	5.664,7.012	261	ụ%k%à%

1	5.664,7.012	42	ọ̄%z%ọ̄%

1	5.664,7.012	6233	ọ̄%w%ụ̄%n%à%

1	5.664,7.012	5835	ọ̀%w%ụ%ụ̄%

1	5.664,7.012	13909	ọ̀%k%ụ̀%

1	5.664,7.012	1160	ọ%t%ụ%t%ụ%

1	5.664,7.012	6279	ọ%n%ọ̀%d%ụ̀%

1	5.664,7.012	286	ọ%j%ọ%ọ̄%

1	5.664,7.012	290	ọ%ch%a%

1	5.72517,7.13325	7428	ọ%b%à%

1	5.664,7.012	6078	ị%gb%ā%

1	5.664,7.012	2386	ò%k%ù%

1	5.5834,7.05	116	ə%

1	5.664,7.012	5910	è%è%

1	5.664,7.012	5837	è%zh%i%

1	5.72517,7.13325	5797	è%ny%e%

1	5.664,7.012	7559	è%k%è%t%è%

1	5.664,7.012	14269	è%gh%u%

1	5.664,7.012	316	à%ṅ%a%ā%

1	5.664,7.012	317	à%w%ụ%

1	5.664,7.012	6481	à%s%a%

1	5.664,7.012	7815	à%p%ụ̀%

1	5.664,7.012	322	à%ny%ị%

1	5.664,7.012	6162	à%n%a%ā%

1	5.664,7.012	6005	à%l%ụ%

1	5.5834,7.05	6501	à%kw%a%

1	5.664,7.012	5882	à%gw%à%

1	5.664,7.012	5905	à%b%ụ̀%ọ%

1	5.664,7.012	5814	à%b%à%l%ị̀%

1	5.664,7.012	5185	z%ụ%t%a%

1	5.664,7.012	2732	z%u%o%

1	5.664,7.012	10154	y%ị̄%

1	5.664,7.012	2745	y%ị%

1	5.664,7.012	2750	y%i%

1	5.664,7.012	7462	w%ụ%s%a%

1	5.664,7.012	7381	w%è%t%e%

1	5.664,7.012	2818	w%e%e%

1	5.664,7.012	675	w%e%

1	5.664,7.012	2135	w%a%r%a%

1	5.5834,7.05	6596	u%b%ì%

1	5.664,7.012	706	u%r%i%

1	5.664,7.012	169	u%kw%ù%

1	5.664,7.012	924	u%gb%u%a%

1	5.664,7.012	1226	t%i%ny%e%

1	5.664,7.012	7377	t%i%i%g%e%

1	5.664,7.012	1849	t%e%e%

1	5.664,7.012	1066	sh%i%t%e%

1	5.664,7.012	5966	s%ụ̀%

1	5.664,7.012	5224	s%ị%

1	5.664,7.012	1118	s%a%a%

1	5.664,7.012	8814	r%ụ̄%

1	5.664,7.012	202	r%ụ̀%

1	5.664,7.012	2956	r%ụ%ọ%

1	5.664,7.012	13856	r%ụ%k%à%

1	5.664,7.012	6681	o%y%ī%

1	5.664,7.012	9255	o%th%u%à%

1	5.664,7.012	1937	o%t%ū%

1	5.664,7.012	7358	o%t%u%ù%

1	5.664,7.012	7361	o%t%u%à%

1	5.664,7.012	983	o%sh%e%

1	5.664,7.012	6709	o%k%è%e%

1	5.664,7.012	381	ǹ%k%è%e%

1	5.664,7.012	1390	nw%ụ%ọ%

1	5.664,7.012	791	nw%ụ%r%ụ%

1	5.664,7.012	384	nw%è%kw%à%r%à%

1	5.664,7.012	7370	nw%o%kh%è%

1	5.664,7.012	5849	nw%o%k%è%

1	5.664,7.012	9316	nw%e%kw%e%e%

1	5.664,7.012	6031	nw%a%à%y%ị̀%

1	5.664,7.012	389	nw%a%à%ny%ị̀%

1	5.664,7.012	5860	n%ọ̀%ọ%

1	5.664,7.012	860	n%ọ̀%r%ọ̀%

1	5.664,7.012	1023	n%ọ%ọ%

1	5.71795,7.08217	392	n%ọ̄%

1	5.664,7.012	9353	n%à%-%à%kp%ị%

1	5.664,7.012	7514	n%à%-%à%g%a%

1	5.664,7.012	8064	n%t%ụ%

1	5.664,7.012	92	n%t%ị̀%

1	5.664,7.012	7403	n%t%à%k%ị%r%ị%

1	5.664,7.012	3246	n%t%a%k%ị%r%ị%

1	5.664,7.012	5825	n%s%ò%gb%u%

1	5.664,7.012	5337	n%n%u%kw%u%

1	5.664,7.012	7578	n%gw%ọ̀%

1	5.664,7.012	8757	n%e%-%è%sh%ì%

1	5.71795,7.08217	5847	n%ch%à%

1	5.664,7.012	8086	n%ā%ā%

1	5.664,7.012	9421	m̀%m%a%

1	5.664,7.012	8109	m̀%gb%è%è%

1	5.664,7.012	8758	m̀%b%ụ%

1	5.664,7.012	3354	m%ụ̀%r%ụ̀%

1	5.664,7.012	6834	m%à%k%à%n%à%

1	5.664,7.012	3460	m%e%ch%a%a%

1	5.664,7.012	431	m%a%r̃%a%

1	5.664,7.012	1029	l%ụ%ọ%

1	5.664,7.012	6870	l%è%kw%e%

1	5.664,7.012	802	kw%e%r%e%

1	5.664,7.012	450	k%è%r%è%

1	5.664,7.012	78	k%ē%

1	5.664,7.012	1298	k%e%e%

1	5.664,7.012	1398	k%a%a%

1	5.664,7.012	13863	j%i%a%kw%ụ̄%

1	5.664,7.012	5857	ī%r%ī%

1	5.664,7.012	823	i%t%e%

1	5.664,7.012	1155	i%s%e%

1	5.664,7.012	5937	i%r̃%i%

1	5.664,7.012	5922	i%r%ī%

1	5.664,7.012	195	i%m%i%

1	5.664,7.012	474	i%m%e%e%

1	5.664,7.012	1012	i%kw%u%

1	5.664,7.012	5861	i%kh%ē%

1	5.664,7.012	6971	i%j%ì%

1	5.664,7.012	5934	i%h̃%e%

1	5.5834,7.05	5018	i%h%e%e%

1	5.664,7.012	3786	i%b%è%

1	5.664,7.012	488	h%ụ̀%

1	5.72517,7.13325	6985	h%ụ%ụ%

1	5.664,7.012	489	h%ụ%

1	5.664,7.012	789	h%ù%

1	5.664,7.012	129	h%à%

1	5.664,7.012	9597	gw%ọ%ọ%

1	5.664,7.012	3829	gw%ọ%

1	5.664,7.012	8762	gw%à%r%à%

1	5.664,7.012	861	gw%a%

1	5.664,7.012	13860	gh%u%o%

1	5.72517,7.13325	12471	gb%à%s%a%r%a%

1	5.664,7.012	820	gb%u%o%

1	5.664,7.012	1041	g%ụ%

1	5.664,7.012	13962	g%à%r%ị%

1	5.5834,7.05	497	gb%à%r%à%

1	5.664,7.012	8303	g%à%-%è%sh%i%

1	5.71795,7.08217	657	g%i%

1	5.664,7.012	7517	g%ā%ā%

1	5.664,7.012	1286	g%a%kw%a%

1	5.664,7.012	7027	ē%nw%ē%

1	5.71795,7.08217	49	ē%

1	5.664,7.012	9674	e%zh%i%gb%o%

1	5.664,7.012	5948	e%w%è%r%e%

1	5.664,7.012	780	e%t%i%t%i%

1	5.664,7.012	1213	e%r%u%

1	5.664,7.012	719	e%ny%i%

1	5.664,7.012	4123	e%m%e%ch%a%a%

1	5.71795,7.08217	5046	e%t%u%

1	5.664,7.012	547	e%j%ì%r%ì%

1	5.664,7.012	1888	e%f%e%r%e%

1	5.664,7.012	83	e%e%

1	5.664,7.012	721	e%b%u%r%u%

1	5.664,7.012	552	e%b%e%e%

1	5.664,7.012	7130	d%ị̄%k%à%

1	5.664,7.012	743	d%ì%

1	5.664,7.012	9750	d%à%a%

1	5.664,7.012	1634	d%e%e%

1	5.664,7.012	560	ch%a%a%

1	5.664,7.012	632	k%a%

1	5.664,7.012	7159	b%ị%à%r%à%

1	5.664,7.012	7164	b%ị%à%a%

1	5.664,7.012	7166	b%ị%ā%

1	5.664,7.012	8456	b%ù%r%ù%

1	5.664,7.012	2014	b%ì%

1	5.664,7.012	1489	b%u%t%e%

1	5.664,7.012	876	b%u%

1	5.664,7.012	894	b%i%

1	5.664,7.012	575	ā%ny%ị̄%

1	5.664,7.012	7210	a%z%à%

1	5.664,7.012	7212	a%w%ụ̄%

1	5.664,7.012	8645	a%s%ụ̀%s%ụ%

1	5.664,7.012	5622	a%s%ị%

1	5.664,7.012	1413	a%s%i%

1	5.664,7.012	5946	a%p%ụ̀%t%a%

1	5.664,7.012	671	a%n%a%-%

1	5.71795,7.08217	727	a%m%a%

1	5.664,7.012	610	a%kp%ọ%ọ%

1	5.664,7.012	999	a%k%ọ%

1	5.664,7.012	926	a%gw%ọ%

1	5.664,7.012	5828	a%g%ā%ā%

1	5.664,7.012	696	a%g%a%

1	5.664,7.012	4707	a%d%ị%

1	5.664,7.012	1359	a%ch%ọ%

1	5.664,7.012	8712	a%a%ə%

1	5.664,7.012	9908	(%b%u%t%)%

1	5.72517,7.13325	7650	ụ̀%z%ọ̀%

1	5.72517,7.13325	6199	ụ̀%w%à%

1	5.6027,7.322	8861	ụ̀%t%ụ%

1	5.5834,7.05	6233	ọ̄%w%ụ̄%n%à%

1	5.6027,7.322	286	ọ%j%ọ%ọ̄%

1	5.72517,7.13325	6332	ị%h%ụ%

1	5.6027,7.322	6355	ò%ò%

1	5.6027,7.322	7742	ò%m%e%n%à%à%l%a%

1	5.6027,7.322	8627	ì%w%u%

1	5.72517,7.13325	12275	ī%h%e%

1	5.5834,7.05	5916	ì%gb%o%

1	5.72517,7.13325	195	i%m%i%

1	5.6027,7.322	112	à%z%ụ%

1	5.6027,7.322	5965	à%n%d%ị̀%ị̀%

1	5.6027,7.322	7541	à%gw%ọ%

1	5.4244,7.1967	133	à%kp%à%

1	5.72517,7.13325	5904	à%d%ị%

1	5.72517,7.13325	5897	w%ū%

1	5.6027,7.322	169	u%kw%ù%

1	5.6027,7.322	1226	t%i%ny%e%

1	5.6027,7.322	6633	s%ị̄%

1	5.6027,7.322	5954	s%a%ch%a%a%

1	5.6027,7.322	7399	o%sh%i%è%

1	5.664,7.012	6184	o%gb%è%

1	5.6027,7.322	951	o%g%o%l%o%g%o%

1	5.6027,7.322	384	nw%è%kw%à%r%à%

1	5.6027,7.322	6756	nw%ē%ē%

1	5.6027,7.322	5784	nw%a%à%ny%ị%

1	5.6027,7.322	628	sh%ị%

1	5.6027,7.322	827	n%ù%

1	5.6027,7.322	9347	n%à%-%è%nw%e%

1	5.6027,7.322	8044	n%à%-%è%j%i%

1	5.72517,7.13325	5825	n%s%ò%gb%u%

1	5.6027,7.322	6792	n%n%i%

1	5.6027,7.322	44	m̄%m%ā%d%ụ̀%

1	5.6027,7.322	151	m%kp%ụ%r%ụ̄%

1	5.6027,7.322	3460	m%e%ch%a%a%

1	5.4244,7.1967	429	m%b%a%r%a%

1	5.6027,7.322	901	l%a%r%u%o%

1	5.6027,7.322	1432	kp%a%a%

1	5.6027,7.322	3622	k%ọ%ọ%

1	5.6027,7.322	6951	ī%sh%ī%

1	5.6027,7.322	5857	ī%r%ī%

1	5.6027,7.322	1321	i%z%u%

1	5.3999,7.0167	488	h%ụ̀%

1	5.6027,7.322	497	gb%à%r%à%

1	5.72517,7.13325	3851	gb%o%o%

1	5.6027,7.322	8303	g%à%-%è%sh%i%

1	5.6027,7.322	96	e%z%ē%

1	5.6027,7.322	7112	e%g%ō%

1	5.6027,7.322	550	e%ē%

1	5.6027,7.322	9750	d%à%a%

1	5.6027,7.322	8631	ch%ọ%ọ̀%ch%ị̀%

1	5.6027,7.322	1561	ch%ị%r%ị%

1	5.6027,7.322	7152	ch%u%kw%u%

1	5.6027,7.322	7164	b%ị%à%a%

1	5.6027,7.322	573	ā%w%ụ̄%

1	5.72517,7.13325	7212	a%w%ụ̄%

1	5.6027,7.322	598	a%n%ọ̀%r%ọ%

1	5.72517,7.13325	625	.%

1	5.5834,7.05	2103	–%

1	5.5834,7.05	5943	ụ%m%ụ̀%a%k%ā%

1	5.5834,7.05	6256	ọ̀%kw%à%

1	5.5834,7.05	8620	ọ̀%ch%ị%ch%ị%

1	5.5834,7.05	1033	ọ%r%ị%

1	5.6027,7.322	6279	ọ%n%ọ̀%d%ụ̀%

1	5.5834,7.05	7701	ọ%kw%ā%

1	5.5834,7.05	5845	ọ%k%ụ̄%

1	5.5834,7.05	987	ọ%k%ụ%k%ụ%

1	5.5834,7.05	751	ọ%k%ụ%k%ọ%

1	5.5834,7.05	287	ọ%d%ụ̀%

1	5.5834,7.05	1979	ọ%b%a%r%a%

1	5.5834,7.05	5842	ị%n%ọ̀%

1	5.5834,7.05	5794	ǝ%

1	5.664,7.012	6351	ù%gb%ò%r%ò%

1	5.5834,7.05	6355	ò%ò%

1	5.5834,7.05	6365	ò%o%l%ò%

1	5.5834,7.05	5950	ì%s%e%

1	5.5834,7.05	310	è%l%e%

1	5.5834,7.05	7372	è%d%e%

1	5.5834,7.05	316	à%ṅ%a%ā%

1	5.664,7.012	9098	à%r%ụ%

1	5.5834,7.05	5983	à%kp%ụ%

1	5.5834,7.05	6510	à%k%ọ%

1	5.5834,7.05	5881	à%g%ụ%

1	5.664,7.012	5904	à%d%ị%

1	5.5834,7.05	5846	à%ch%ọ%

1	5.5834,7.05	8636	à%ch%ị%

1	5.5834,7.05	5185	z%ụ%t%a%

1	5.5834,7.05	1330	z%a%a%

1	5.5834,7.05	10154	y%ị̄%

1	5.5834,7.05	2762	y%a%a%

1	5.5834,7.05	342	w%ụ̄%r%ụ̄%

1	5.5834,7.05	5897	w%ū%

1	5.5834,7.05	834	w%e%t%e%

1	5.5834,7.05	675	w%e%

1	5.5834,7.05	706	u%r%i%

1	5.5834,7.05	853	u%m%u%

1	5.5834,7.05	2846	u%l%o%

1	5.5834,7.05	955	u%gw%u%

1	5.664,7.012	778	t%a%a%

1	5.664,7.012	2915	sh%ụ%

1	5.664,7.012	37	j%ì%r%ì%

1	5.6027,7.322	353	sh%ī%

1	5.5832,7.05	1343	b%i%r%i%

1	5.5834,7.05	1287	sh%a%

1	5.5834,7.05	7932	s%ụ%ọ%

1	5.664,7.012	5099	s%u%o%

1	5.664,7.012	5014	s%a%

1	5.5834,7.05	1532	r%u%t%e%

1	5.5834,7.05	2984	r%i%m%e%

1	5.664,7.012	10361	r%e%e%

1	5.5834,7.05	2995	r%a%

1	5.5834,7.05	6675	ō%t%ū%

1	5.5834,7.05	203	o%k%è%ny%è%

1	5.5834,7.05	1152	o%h%u%

1	5.5834,7.05	5004	o%g%o%

1	5.5834,7.05	3081	o%f%u%

1	5.5834,7.05	1281	o%ch%e%

1	5.5834,7.05	5849	nw%o%k%è%

1	5.5834,7.05	178	nw%o%k%ē%

1	5.5834,7.05	5321	nw%e%kw%e%

1	5.5834,7.05	50	nw%e%kw%a%n%ụ%

1	5.5834,7.05	11665	nw%e%gh%ị̄%

1	5.5834,7.05	856	nw%a%t%a%

1	5.5834,7.05	762	nw%a%ny%i%

1	5.664,7.012	3191	n%ụ%ọ%

1	5.5834,7.05	860	n%ọ̀%r%ọ̀%

1	5.664,7.012	5805	n%ọ̀%r%ọ%

1	5.5834,7.05	1023	n%ọ%ọ%

1	5.5834,7.05	11719	n%à%-%à%w%ụ%

1	5.5834,7.05	7514	n%à%-%à%g%a%

1	5.5834,7.05	1841	n%z%u%

1	5.5832,7.05	740	n%o%

1	5.5834,7.05	92	n%t%ị̀%

1	5.5834,7.05	2112	n%i%i%l%e%

1	5.5834,7.05	859	n%g%a%h%ụ%

1	5.5834,7.05	8787	n%e%-%

1	5.5834,7.05	6802	n%ā%-%

1	5.5834,7.05	1002	m%m%ụ%ọ%

1	5.5834,7.05	201	m%gb%a%

1	5.5834,7.05	895	m%e%r%e%n%ụ%

1	5.71795,7.08217	3463	m%b%ọ%

1	5.5834,7.05	850	m%a%kw%a%n%ụ%

1	5.5834,7.05	837	l%ụ%r%ụ%

1	5.5834,7.05	901	l%a%r%u%o%

1	5.5834,7.05	1082	kw%ọ%

1	5.5834,7.05	679	kw%à%

1	5.664,7.012	679	kw%à%

1	5.5834,7.05	6894	kp%ọ̄%ọ̄%

1	5.5834,7.05	3570	kp%ọ̄%

1	5.5834,7.05	1619	kp%a%r%a%

1	5.5834,7.05	1432	kp%a%a%

1	5.5834,7.05	3622	k%ọ%ọ%

1	5.5834,7.05	249	k%ọ%r%ọ%

1	5.5834,7.05	3641	k%ọ%

1	5.5834,7.05	450	k%è%r%è%

1	5.5834,7.05	12182	k%u%t%e%

1	5.664,7.012	456	k%a%m%à%

1	5.5834,7.05	37	j%ì%r%ì%

1	5.5834,7.05	6951	ī%sh%ī%

1	5.664,7.012	12275	ī%h%e%

1	5.5834,7.05	844	h%ụ%n%a%

1	5.5834,7.05	812	h%i%

1	5.5834,7.05	1300	gb%u%r%u%

1	5.5834,7.05	3873	g%ụ%ọ%

1	5.5832,7.05	9614	g%ị%n%ị̄%

1	5.5834,7.05	831	g%á%

1	5.5834,7.05	7006	g%à%à%

1	5.5834,7.05	8303	g%à%-%è%sh%i%

1	5.5834,7.05	94	g%à%-%à%hw%ụ%

1	5.5834,7.05	512	g%à%-%à%gb%a%

1	5.5834,7.05	1286	g%a%kw%a%

1	5.5832,7.05	101	g%à%-%

1	5.5834,7.05	527	ē%zh%ī%

1	5.5834,7.05	5981	ē%r%ī%

1	5.5834,7.05	7027	ē%nw%ē%

1	5.6027,7.322	5895	ē%m%ē%

1	5.5834,7.05	1119	e%z%i%gb%o%

1	5.664,7.012	123	e%z%è%

1	5.5834,7.05	5948	e%w%è%r%e%

1	5.5834,7.05	906	e%w%e%

1	5.5834,7.05	1846	e%t%o%

1	5.664,7.012	722	e%sh%i%

1	5.5834,7.05	5010	e%nw%e%r%e%

1	5.5834,7.05	1010	e%m%e%r%e%

1	5.5834,7.05	1078	e%kw%e%r%e%

1	5.6027,7.322	1482	e%k%u%

1	5.5834,7.05	814	e%j%e%m%e%

1	5.5834,7.05	830	e%h%

1	5.5834,7.05	713	e%gb%e%

1	5.5834,7.05	551	e%e%m%

1	5.5834,7.05	774	e%dz%i%

1	5.5834,7.05	1328	e%d%e%

1	5.5834,7.05	858	e%ch%i%

1	5.5834,7.05	5840	e%b%e%è%

1	5.5834,7.05	862	e%b%e%h%u%

1	5.5834,7.05	552	e%b%e%e%

1	5.522,6.923	461	j%ī%

1	5.5834,7.05	9750	d%à%a%

1	5.5834,7.05	1420	d%o%w%e%

1	5.5834,7.05	1634	d%e%e%

1	5.5834,7.05	1561	ch%ị%r%ị%

1	5.5834,7.05	64	ch%i%n%ē%ē%k%è%

1	5.5834,7.05	7159	b%ị%à%r%à%

1	5.5834,7.05	7164	b%ị%à%a%

1	5.5834,7.05	1489	b%u%t%e%

1	5.5834,7.05	763	b%i%a%r%a%

1	5.5834,7.05	826	b%a%a%

1	5.5834,7.05	572	ā%z%ụ̄%

1	5.5834,7.05	573	ā%w%ụ̄%

1	5.71795,7.08217	211	ā%n%ọ̄%

1	5.5834,7.05	142	ā%ny%ā%

1	5.5834,7.05	5894	ā%m%ā%

1	5.5834,7.05	4418	a%z%a%

1	5.71795,7.08217	13220	a%y%ị̀%

1	5.5834,7.05	1413	a%s%i%

1	5.5834,7.05	943	a%s%a%a%

1	5.5834,7.05	758	a%r%ị%

1	5.5834,7.05	854	a%m%ụ%t%a%

1	5.5834,7.05	610	a%kp%ọ%ọ%

1	5.5834,7.05	677	a%k%ụ%k%ọ%

1	5.5834,7.05	877	a%k%ọ%r%ọ%

1	5.5834,7.05	7405	a%k%ị̄%

1	5.5834,7.05	4604	a%k%ị%

1	5.664,7.012	1111	a%j%a%

1	5.72517,7.13325	5820	a%h%ụ̄%

1	5.5834,7.05	1198	a%h%ụ%r%ụ%

1	5.5834,7.05	614	a%h%ā%

1	5.5834,7.05	1195	a%h%a%a%

1	5.5834,7.05	1126	a%gw%ụ%

1	5.5834,7.05	725	a%g%ụ%

1	5.5834,7.05	8712	a%a%ə%

1	5.5834,7.05	715	N%d%e%e%w%o%

1	5.5834,7.05	5005	E%e%e%m%

1	5.5834,7.05	622	-%-%

1	5.5834,7.05	164	(%th%e%n%)%

1	5.5832,7.05	156	ụ̄%f%ọ̄%d%ụ̄%

1	5.5832,7.05	42	ọ̄%z%ọ̄%

1	5.5834,7.05	2183	ọ̄%

1	5.5832,7.05	5835	ọ̀%w%ụ%ụ̄%

1	5.5832,7.05	1033	ọ%r%ị%

1	5.5832,7.05	5842	ị%n%ọ̀%

1	5.5834,7.05	6332	ị%h%ụ%

1	5.5832,7.05	5816	ò%k%è%

1	5.5832,7.05	7488	ì%t%è%

1	5.5834,7.05	6449	è%gb%u%

1	5.5834,7.05	7800	è%b%u%

1	5.5832,7.05	5799	à%ṭ%ọ%

1	5.5834,7.05	8628	à%t%ụ%

1	5.5832,7.05	7815	à%p%ụ̀%

1	5.5834,7.05	5965	à%n%d%ị̀%ị̀%

1	5.5832,7.05	6005	à%l%ụ%

1	5.5832,7.05	7843	à%k%ụ̀%

1	5.5832,7.05	327	à%hw%ụ̀%

1	5.5832,7.05	2662	à%h%ụ̀%

1	5.5832,7.05	7541	à%gw%ọ%

1	5.5834,7.05	6524	à%gw%a%

1	5.5832,7.05	7364	à%gb%ọ%gh%ọ%b%ị%à%

1	5.5834,7.05	6537	à%f%ọ̀%

1	5.5834,7.05	56	à%y%ị%

1	5.5832,7.05	354	sh%i%r%i%

1	5.5834,7.05	251	ō%

1	5.5832,7.05	6681	o%y%ī%

1	5.5832,7.05	9255	o%th%u%à%

1	5.5832,7.05	8708	o%th%u%

1	5.5832,7.05	714	o%l%e%

1	5.6027,7.322	8742	o%kw%ū%

1	5.5832,7.05	86	ǹ%k%e%à%

1	5.664,7.012	252	ǹ%d%e%è%w%o%

1	5.5832,7.05	5849	nw%o%k%è%

1	5.5832,7.05	108	nw%ē%r%ē%

1	5.5832,7.05	6756	nw%ē%ē%

1	5.664,7.012	772	nw%e%

1	5.5832,7.05	7396	nw%a%t%à%

1	5.5834,7.05	6020	nw%a%n%n%ē%

1	5.5832,7.05	9347	n%à%-%è%nw%e%

1	5.522,6.923	8051	n%à%-%à%kp%ọ%

1	5.5832,7.05	7514	n%à%-%à%g%a%

1	5.5832,7.05	7441	n%à%-%

1	5.5832,7.05	8064	n%t%ụ%

1	5.5832,7.05	92	n%t%ị̀%

1	5.5832,7.05	396	n%t%ị%

1	5.5832,7.05	7403	n%t%à%k%ị%r%ị%

1	5.5832,7.05	6782	n%t%à%

1	5.5832,7.05	747	n%r%i%

1	5.6027,7.322	740	n%o%

1	5.5834,7.05	5785	n%nw%ā%

1	5.5832,7.05	6799	n%e%e%

1	5.5832,7.05	8757	n%e%-%è%sh%ì%

1	5.5832,7.05	8787	n%e%-%

1	5.5834,7.05	130	n%d%ị%ị%

1	5.5832,7.05	7535	n%a%ā%n%ị̄%

1	5.5832,7.05	9421	m̀%m%a%

1	5.5832,7.05	8109	m̀%gb%è%è%

1	5.5834,7.05	487	hw%ụ̀%r%ụ̀%

1	5.5832,7.05	1140	m%ụ%t%a%

1	5.5832,7.05	5924	m%ē%ē%

1	5.5834,7.05	439	kw%ù%r%ù%

1	5.5832,7.05	6894	kp%ọ̄%ọ̄%

1	5.5832,7.05	3570	kp%ọ̄%

1	5.5834,7.05	446	k%ụ%

1	5.5832,7.05	3621	k%ọ̀%

1	5.664,7.012	5038	k%a%r%ị%a%

1	5.5834,7.05	5038	k%a%r%ị%a%

1	5.5832,7.05	5856	i%l%ē%

1	5.6027,7.322	5018	i%h%e%e%

1	5.664,7.012	485	i%ch%è%i%ch%è%

1	5.5832,7.05	3786	i%b%è%

1	5.4829,7.0337	1204	nw%è%

1	5.5832,7.05	497	gb%à%r%à%

1	5.5832,7.05	498	gb%ā%s%ā%r%ā%

1	5.5832,7.05	529	ē%j%ī%

1	5.5832,7.05	9674	e%zh%i%gb%o%

1	5.5832,7.05	5948	e%w%è%r%e%

1	5.5832,7.05	916	e%j%i%r%i%

1	5.5834,7.05	7112	e%g%ō%

1	5.5832,7.05	4194	e%ch%i%ch%i%

1	5.5832,7.05	1060	e%b%i%r%i%

1	5.5832,7.05	9750	d%à%a%

1	5.5832,7.05	1634	d%e%e%

1	5.5832,7.05	1561	ch%ị%r%ị%

1	5.5834,7.05	7501	b%ị%a%kw%a%

1	5.5832,7.05	9759	b%ù%

1	5.5832,7.05	8717	b%à%t%a%

1	5.5832,7.05	5854	b%à%a%

1	5.5832,7.05	573	ā%w%ụ̄%

1	5.5832,7.05	5894	ā%m%ā%

1	5.4829,7.0337	5941	a%z%ụ̀%

1	5.5832,7.05	7210	a%z%à%

1	5.4829,7.0337	186	a%n%ụ%

1	5.5832,7.05	598	a%n%ọ̀%r%ọ%

1	5.5832,7.05	7252	a%m%à%

1	5.5832,7.05	243	a%k%ụ̀%k%ụ̀%

1	5.5832,7.05	145	a%hw%ụ̀%

1	5.5832,7.05	9858	a%hw%ụ%

1	5.5832,7.05	710	a%gb%a%

1	5.5832,7.05	8712	a%a%ə%

1	5.5832,7.05	164	(%th%e%n%)%

1	5.5832,7.05	9908	(%b%u%t%)%

1	5.5832,7.05	5862	(%b%e%f%o%r%e%)%

1	5.522,6.923	656	ụ%m%ụ%

1	5.522,6.923	24	ụ%kw%ụ̄%

1	5.522,6.923	796	ụ%gw%ọ%

1	5.522,6.923	7667	ọ̀%ḍ%ọ%

1	5.522,6.923	6279	ọ%n%ọ̀%d%ụ̀%

1	5.522,6.923	7701	ọ%kw%ā%

1	5.522,6.923	285	ọ%kw%a%

1	5.522,6.923	776	ọ%k%ụ%

1	5.522,6.923	6106	ṅ%ụ̄%

1	5.522,6.923	116	ə%

1	5.522,6.923	7488	ì%t%è%

1	5.522,6.923	6434	è%kw%e%

1	5.522,6.923	7559	è%k%è%t%è%

1	5.522,6.923	6445	è%j%e%e%

1	5.4244,7.1967	2539	è%m%è%

1	5.522,6.923	7800	è%b%u%

1	5.5832,7.05	7804	à%t%ọ%

1	5.522,6.923	7485	à%s%ụ%

1	5.522,6.923	7815	à%p%ụ̀%

1	5.4829,7.0337	2648	à%n%ọ̀%

1	5.522,6.923	6005	à%l%ụ%

1	5.522,6.923	7843	à%k%ụ̀%

1	5.522,6.923	6510	à%k%ọ%

1	5.522,6.923	5898	à%hw%ụ%

1	5.522,6.923	7541	à%gw%ọ%

1	5.522,6.923	329	à%gb%à%

1	5.522,6.923	7462	w%ụ%s%a%

1	5.522,6.923	931	w%ụ%kw%a%

1	5.522,6.923	6575	w%è%r%e%e%

1	5.522,6.923	706	u%r%i%

1	5.522,6.923	853	u%m%u%

1	5.4829,7.0337	372	o%kw%u%

1	5.522,6.923	7475	t%a%à%

1	5.522,6.923	1066	sh%i%t%e%

1	5.522,6.923	7932	s%ụ%ọ%

1	5.522,6.923	6633	s%ị̄%

1	5.522,6.923	7941	r̃%ụ%ọ%

1	5.5832,7.05	8814	r%ụ̄%

1	5.522,6.923	2956	r%ụ%ọ%

1	5.522,6.923	1191	r%u%

1	5.522,6.923	167	p%ụ̀%ọ%

1	5.522,6.923	637	o%u%t%

1	5.5832,7.05	1937	o%t%ū%

1	5.522,6.923	7980	o%ō%

1	5.522,6.923	6184	o%gb%è%

1	5.522,6.923	38	o%b%ì%

1	5.522,6.923	689	o%b%i%

1	5.5832,7.05	5785	n%nw%ā%

1	5.522,6.923	3134	ny%e%

1	5.522,6.923	1390	nw%ụ%ọ%

1	5.522,6.923	1406	nw%è%kw%è%r%è%

1	5.522,6.923	7521	nw%ē%r̃%ē%

1	5.522,6.923	108	nw%ē%r%ē%

1	5.522,6.923	77	nw%e%e%

1	5.522,6.923	5860	n%ọ̀%ọ%

1	5.522,6.923	8038	n%à%-%è%sh%i%

1	5.522,6.923	8042	n%à%-%è%m%e%

1	5.522,6.923	8044	n%à%-%è%j%i%

1	5.522,6.923	7532	n%à%-%à%r̃%ụ%

1	5.522,6.923	7514	n%à%-%à%g%a%

1	5.522,6.923	7441	n%à%-%

1	5.522,6.923	8064	n%t%ụ%

1	5.522,6.923	1873	n%kw%ụ%

1	5.522,6.923	398	n%k%e%

1	5.522,6.923	8076	n%i%ī%n%ē%

1	5.522,6.923	7578	n%gw%ọ̀%

1	5.522,6.923	5901	n%d%ụ̀%

1	5.522,6.923	8086	n%ā%ā%

1	5.522,6.923	6802	n%ā%-%

1	5.522,6.923	5838	n%ā%

1	5.522,6.923	7535	n%a%ā%n%ị̄%

1	5.522,6.923	8109	m̀%gb%è%è%

1	5.522,6.923	6834	m%à%k%à%n%à%

1	5.522,6.923	954	m%u%

1	5.522,6.923	5843	m%m%ī%r%ī%

1	5.522,6.923	8132	m%m%ā%n%ụ̄%

1	5.522,6.923	629	m%gb%e%

1	5.522,6.923	8152	m%b%è%

1	5.522,6.923	430	m%ā%r̃%ā%

1	5.522,6.923	837	l%ụ%r%ụ%

1	5.522,6.923	901	l%a%r%u%o%

1	5.522,6.923	792	l%a%m%a%

1	5.522,6.923	965	kw%e%

1	5.522,6.923	718	kp%a%

1	5.522,6.923	5937	i%r̃%i%

1	5.522,6.923	195	i%m%i%

1	5.522,6.923	474	i%m%e%e%

1	5.522,6.923	5856	i%l%ē%

1	5.522,6.923	5861	i%kh%ē%

1	5.522,6.923	183	i%gw%è%

1	5.522,6.923	832	h%ì%

1	5.522,6.923	8280	gh%à%r%a%

1	5.522,6.923	1300	gb%u%r%u%

1	5.522,6.923	1127	g%a%w%a%

1	5.522,6.923	529	ē%j%ī%

1	5.522,6.923	6193	e%zh%i%o%kw%ū%

1	5.522,6.923	5115	e%sh%i%e%

1	5.522,6.923	76	e%r%i%r%i%

1	5.522,6.923	1187	e%m%

1	5.522,6.923	545	e%l%u%

1	5.522,6.923	1628	e%l%e%e%

1	5.4829,7.0337	784	e%l%e%

1	5.522,6.923	547	e%j%ì%r%ì%

1	5.4829,7.0337	313	è%j%i%

1	5.4829,7.0337	6119	è%j%e%

1	5.4829,7.0337	83	e%e%

1	5.522,6.923	1328	e%d%e%

1	5.522,6.923	1256	ch%ọ̀%r%ọ̀%

1	5.522,6.923	869	ch%ọ%r%ọ%

1	5.522,6.923	1561	ch%ị%r%ị%

1	5.522,6.923	64	ch%i%n%ē%ē%k%è%

1	5.522,6.923	5593	b%ị%a%r%a%

1	5.522,6.923	8456	b%ù%r%ù%

1	5.522,6.923	572	ā%z%ụ̄%

1	5.5832,7.05	7356	ā%h%ụ̀%

1	5.522,6.923	4418	a%z%a%

1	5.522,6.923	6050	a%s%ụ̄%

1	5.522,6.923	758	a%r%ị%

1	5.522,6.923	8510	a%ny%ị̄%

1	5.522,6.923	8511	a%nw%ụ̄%

1	5.522,6.923	598	a%n%ọ̀%r%ọ%

1	5.5832,7.05	1790	a%n%à%

1	5.522,6.923	1443	a%j%ụ%j%ụ%

1	5.522,6.923	199	a%j%ā%

1	5.522,6.923	670	Y%a%

1	5.522,6.923	7516	(%a%n%d%)%

1	5.4829,7.0337	6198	ụ̄%gb%ā%

1	5.4829,7.0337	6199	ụ̀%w%à%

1	5.4829,7.0337	5892	ụ̀%gb%a%

1	5.4829,7.0337	6117	ụ%t%à%r%à%

1	5.4829,7.0337	5992	ụ%n%ụ̀%

1	5.4829,7.0337	656	ụ%m%ụ%

1	5.522,6.923	2171	ụ%l%ọ̀%

1	5.4829,7.0337	6233	ọ̄%w%ụ̄%n%à%

1	5.4829,7.0337	6236	ọ̄%k%ụ̄%

1	5.4829,7.0337	5955	ọ̀%w%ụ%

1	5.522,6.923	5803	ọ̀%m%ụ%gw%ọ̀%

1	5.4829,7.0337	43	ọ%n%ụ̄%

1	5.4829,7.0337	6083	ọ%k%à%

1	5.4829,7.0337	6286	ọ%h%ụ%r̃%ụ̄%

1	5.4829,7.0337	5909	ọ%h%ị%ā%

1	5.4829,7.0337	6287	ọ%gw%ụ%

1	5.4829,7.0337	287	ọ%d%ụ̀%

1	5.4829,7.0337	294	ị%m%à%

1	5.4829,7.0337	6106	ṅ%ụ̄%

1	5.4829,7.0337	6345	ṅ%ụ%

1	5.4829,7.0337	6351	ù%gb%ò%r%ò%

1	5.5834,7.05	179	ò%nw%e%

1	5.4829,7.0337	6370	ò%m%e%n%à%à%l%à%

1	5.4829,7.0337	6380	ò%g%ì%r%ì%

1	5.4829,7.0337	5950	ì%s%e%

1	5.522,6.923	5979	ì%r%i%

1	5.4543,7.0247	851	a%sh%i%

1	5.5832,7.05	307	è%sh%i%

1	5.4829,7.0337	6434	è%kw%e%

1	5.4829,7.0337	6445	è%j%e%e%

1	5.4829,7.0337	317	à%w%ụ%

1	5.4829,7.0337	6481	à%s%a%

1	5.522,6.923	320	à%r%ị%

1	5.522,6.923	2648	à%n%ọ̀%

1	5.4829,7.0337	6005	à%l%ụ%

1	5.4829,7.0337	6510	à%k%ọ%

1	5.4829,7.0337	5898	à%hw%ụ%

1	5.4829,7.0337	5882	à%gw%à%

1	5.4829,7.0337	5881	à%g%ụ%

1	5.4829,7.0337	5904	à%d%ị%

1	5.4829,7.0337	5905	à%b%ụ̀%ọ%

1	5.4829,7.0337	1845	z%ụ%r%ụ%

1	5.4829,7.0337	2750	y%i%

1	5.5834,7.05	153	w%ụ̄%ụ̄%

1	5.4543,7.0247	5193	w%ụ%ụ%

1	5.4829,7.0337	653	w%ụ%l%a%

1	5.4829,7.0337	931	w%ụ%kw%a%

1	5.4829,7.0337	6575	w%è%r%e%e%

1	5.4829,7.0337	5897	w%ū%

1	5.4829,7.0337	6587	u%r%ù%

1	5.4829,7.0337	5933	u%lw%ò%

1	5.4829,7.0337	6596	u%b%ì%

1	5.4829,7.0337	5031	u%b%i%

1	5.4543,7.0247	977	a%t%ụ%r%ụ%

1	5.4829,7.0337	5966	s%ụ̀%

1	5.4829,7.0337	6633	s%ị̄%

1	5.4829,7.0337	5980	r%ị%k%à%

1	5.5832,7.05	5793	d%ī%

1	5.4829,7.0337	2995	r%a%

1	5.4543,7.0247	2179	ụ%

1	5.4829,7.0337	6681	o%y%ī%

1	5.4829,7.0337	848	o%k%e%

1	5.4829,7.0337	6184	o%gb%è%

1	5.4829,7.0337	1281	o%ch%e%

1	5.4829,7.0337	381	ǹ%k%è%e%

1	5.4829,7.0337	86	ǹ%k%e%à%

1	5.4829,7.0337	1406	nw%è%kw%è%r%è%

1	5.5832,7.05	5907	nw%ē%

1	5.4829,7.0337	6756	nw%ē%ē%

1	5.522,6.923	819	n%ụ̀%

1	5.5832,7.05	5848	n%è%

1	5.4829,7.0337	6782	n%t%à%

1	5.4829,7.0337	5051	n%o%w%

1	5.4829,7.0337	6787	n%n%ụ̄%

1	5.4829,7.0337	631	n%n%u%

1	5.4829,7.0337	6794	n%k%è%

1	5.3999,7.0167	464	j%i%

1	5.4829,7.0337	6802	n%ā%-%

1	5.4829,7.0337	1753	n%

1	5.4829,7.0337	5896	m%à%ọ̀%w%ụ̀%

1	5.72517,7.13325	416	m%à%ọ̀%

1	5.4829,7.0337	6834	m%à%k%à%n%à%

1	5.4829,7.0337	5927	m%m%i%r%ī%

1	5.4829,7.0337	5924	m%ē%ē%

1	5.4829,7.0337	430	m%ā%r̃%ā%

1	5.4829,7.0337	6046	m%ā%r%ā%

1	5.5832,7.05	1029	l%ụ%ọ%

1	5.4829,7.0337	6880	kw%ụ%ọ%

1	5.4829,7.0337	1395	kw%a%r%a%

1	5.4829,7.0337	6894	kp%ọ̄%ọ̄%

1	5.4829,7.0337	838	kp%ọ%r%ọ%

1	5.4829,7.0337	781	kp%à%

1	5.4829,7.0337	450	k%è%r%è%

1	5.4829,7.0337	6923	k%è%e%

1	5.4829,7.0337	6040	ī%k%ē%

1	5.4829,7.0337	1321	i%z%u%

1	5.4829,7.0337	5937	i%r̃%i%

1	5.4829,7.0337	6970	i%k%e%kw%e%

1	5.4829,7.0337	5934	i%h̃%e%

1	5.5834,7.05	6974	i%h%ì%

1	5.4829,7.0337	5906	i%h%è%

1	5.522,6.923	5018	i%h%e%e%

1	5.4829,7.0337	6985	h%ụ%ụ%

1	5.4244,7.1967	1845	z%ụ%r%ụ%

1	5.4829,7.0337	681	h%è%

1	5.4829,7.0337	770	gb%a%s%a%r%a%

1	5.4829,7.0337	3873	g%ụ%ọ%

1	5.4829,7.0337	7009	g%ī%

1	5.522,6.923	128	g%à%

1	5.4829,7.0337	7012	g%a%ā%

1	5.4829,7.0337	5888	ē%r%ī%ē%

1	5.4829,7.0337	5981	ē%r%ī%

1	5.4829,7.0337	7027	ē%nw%ē%

1	5.4829,7.0337	529	ē%j%ī%

1	5.4829,7.0337	6193	e%zh%i%o%kw%ū%

1	5.522,6.923	5837	è%zh%i%

1	5.4829,7.0337	5948	e%w%è%r%e%

1	5.4829,7.0337	76	e%r%i%r%i%

1	5.5832,7.05	82	e%nw%è%r%è%

1	5.4829,7.0337	1515	e%m%e%e%

1	5.4829,7.0337	4123	e%m%e%ch%a%a%

1	5.4829,7.0337	4231	d%ị%r%ị%

1	5.4829,7.0337	572	ā%z%ụ̄%

1	5.4829,7.0337	6072	ā%t%ọ̄%

1	5.4829,7.0337	5894	ā%m%ā%

1	5.5832,7.05	4411	ā%

1	5.4829,7.0337	584	a%à%

1	5.4829,7.0337	7210	a%z%à%

1	5.4829,7.0337	6050	a%s%ụ̄%

1	5.4829,7.0337	1024	a%r%a%

1	5.5832,7.05	1552	a%n%ọ̀%

1	5.4829,7.0337	598	a%n%ọ̀%r%ọ%

1	5.4829,7.0337	7252	a%m%à%

1	5.4829,7.0337	821	a%m%a%r%a%

1	5.4829,7.0337	608	a%kp%ọ̀%r%ọ̀%

1	5.4829,7.0337	975	a%kp%ọ%r%ọ%

1	5.4829,7.0337	1443	a%j%ụ%j%ụ%

1	5.4829,7.0337	145	a%hw%ụ̀%

1	5.522,6.923	889	a%h%ù%

1	5.5834,7.05	5828	a%g%ā%ā%

1	5.4829,7.0337	624	(%l%a%u%gh%)%

1	5.4543,7.0247	1727	ụ%m%ụ%n%n%a%

1	5.4829,7.0337	261	ụ%k%à%

1	5.4543,7.0247	878	ụ%f%ọ%d%ụ%

1	5.4543,7.0247	5149	ọ%w%ụ%r%ụ%

1	5.4543,7.0247	751	ọ%k%ụ%k%ọ%

1	5.4543,7.0247	290	ọ%ch%a%

1	5.4543,7.0247	5185	z%ụ%t%a%

1	5.4543,7.0247	931	w%ụ%kw%a%

1	5.4543,7.0247	1329	w%u%

1	5.4543,7.0247	870	t%u%p%u%

1	5.4244,7.1967	1330	z%a%a%

1	5.3999,7.0167	353	sh%ī%

1	5.4543,7.0247	5224	s%ị%

1	5.4543,7.0247	1494	r%ị%ị%

1	5.4543,7.0247	1532	r%u%t%e%

1	5.4543,7.0247	787	r%u%r%u%

1	5.4543,7.0247	2984	r%i%m%e%

1	5.4543,7.0247	5249	o%t%u%a%

1	5.4543,7.0247	5048	o%r%i%r%i%

1	5.4543,7.0247	951	o%g%o%l%o%g%o%

1	5.4543,7.0247	5321	nw%e%kw%e%

1	5.4543,7.0247	50	nw%e%kw%a%n%ụ%

1	5.4543,7.0247	856	nw%a%t%a%

1	5.4543,7.0247	5051	n%o%w%

1	5.4543,7.0247	5337	n%n%u%kw%u%

1	5.3999,7.0167	248	n%nw%a%

1	5.4543,7.0247	659	n%gw%a%

1	5.4543,7.0247	684	n%e%w%

1	5.4829,7.0337	5056	n%d%e%e%

1	5.4543,7.0247	1769	m%m%a%n%ụ%

1	5.4543,7.0247	5063	l%e%kw%a%

1	5.4543,7.0247	1431	l%a%

1	5.4543,7.0247	1619	kp%a%r%a%

1	5.4543,7.0247	5414	k%ụ%ọ%

1	5.4543,7.0247	5038	k%a%r%ị%a%

1	5.3999,7.0167	518	g%a%r%a%

1	5.4543,7.0247	881	k%a%m%a%

1	5.4244,7.1967	522	g%a%a%

1	5.4543,7.0247	810	j%e%r%e%

1	5.4543,7.0247	961	i%w%e%

1	5.4543,7.0247	1012	i%kw%u%

1	5.4543,7.0247	3787	i%b%u%

1	5.4829,7.0337	522	g%a%a%

1	5.4543,7.0247	497	gb%à%r%à%

1	5.4543,7.0247	956	gb%a%m%a%

1	5.4543,7.0247	3873	g%ụ%ọ%

1	5.4543,7.0247	1794	g%ị%n%ị%

1	5.4543,7.0247	910	g%a%-%

1	5.4829,7.0337	6026	e%zh%i%

1	5.4244,7.1967	1482	e%k%u%

1	5.4543,7.0247	780	e%t%i%t%i%

1	5.4543,7.0247	5115	e%sh%i%e%

1	5.4543,7.0247	4063	e%s%o%

1	5.4543,7.0247	1213	e%r%u%

1	5.4543,7.0247	1190	e%ny%e%r%e%

1	5.6027,7.322	1888	e%f%e%r%e%

1	5.3999,7.0167	440	kw%u%o%

1	5.4543,7.0247	1078	e%kw%e%r%e%

1	5.3999,7.0167	139	e%w%u%

1	5.4244,7.1967	1888	e%f%e%r%e%

1	5.4543,7.0247	4231	d%ị%r%ị%

1	5.3999,7.0167	522	g%a%a%

1	5.4543,7.0247	1257	ch%e%r%e%

1	5.4244,7.1967	1849	t%e%e%

1	5.4543,7.0247	5593	b%ị%a%r%a%

1	5.4543,7.0247	1343	b%i%r%i%

1	5.4543,7.0247	763	b%i%a%r%a%

1	5.4543,7.0247	4428	a%y%i%

1	5.4543,7.0247	717	a%sh%ị%

1	5.4543,7.0247	5622	a%s%ị%

1	5.4829,7.0337	5664	a%kp%ụ%

1	5.4543,7.0247	610	a%kp%ọ%ọ%

1	5.4543,7.0247	915	a%kp%a%

1	5.4543,7.0247	1443	a%j%ụ%j%ụ%

1	5.4543,7.0247	1198	a%h%ụ%r%ụ%

1	5.4543,7.0247	5677	a%h%ị%a%

1	5.4543,7.0247	735	a%h%i%a%

1	5.4543,7.0247	926	a%gw%ọ%

1	5.4543,7.0247	739	a%gb%a%r%a%

1	5.3999,7.0167	152	h%a%

1	5.3999,7.0167	157	m̀%gb%e%

1	5.4543,7.0247	4824	I%h%e%

1	5.4543,7.0247	1624	B%i%k%o%

1	5.4543,7.0247	897	A%ny%ị%

1	5.4244,7.1967	1186	ụ%m%ụ%nw%a%ny%ị%

1	5.4244,7.1967	1727	ụ%m%ụ%n%n%a%

1	5.4244,7.1967	2171	ụ%l%ọ̀%

1	5.5834,7.05	1030	ụ%kw%a%

1	5.4244,7.1967	1309	ụ%d%ị%

1	5.4244,7.1967	1136	ọ%nw%ụ%

1	5.4829,7.0337	750	ọ%nw%a%

1	5.4244,7.1967	2259	ọ%j%ị%

1	5.4244,7.1967	1122	ọ%h%ụ%r%ụ%

1	5.4244,7.1967	2260	ọ%h%ị%a%

1	5.4244,7.1967	2267	ọ%f%ọ%

1	5.4543,7.0247	1361	ọ%d%ụ%

1	5.4244,7.1967	2273	ọ%ch%ị%ch%ị%

1	5.4244,7.1967	22	è%

1	5.4244,7.1967	2386	ò%k%ù%

1	5.522,6.923	2539	è%m%è%

1	5.4244,7.1967	2648	à%n%ọ̀%

1	5.4244,7.1967	1296	y%ọ%

1	5.6027,7.322	2745	y%ị%

1	5.4244,7.1967	2750	y%i%

1	5.4543,7.0247	768	w%ụ%kw%a%n%ụ%

1	5.4244,7.1967	1329	w%u%

1	5.4244,7.1967	2818	w%e%e%

1	5.4543,7.0247	675	w%e%

1	5.4244,7.1967	2845	u%l%ò%

1	5.4244,7.1967	1362	u%

1	5.4244,7.1967	1226	t%i%ny%e%

1	5.72517,7.13325	1066	sh%i%t%e%

1	5.5834,7.05	5469	h%a%a%

1	5.4244,7.1967	2956	r%ụ%ọ%

1	5.4244,7.1967	1494	r%ị%ị%

1	5.4244,7.1967	1532	r%u%t%e%

1	5.4244,7.1967	1191	r%u%

1	5.4244,7.1967	2984	r%i%m%e%

1	5.4244,7.1967	2995	r%a%

1	5.4244,7.1967	1444	p%ụ%ọ%

1	5.4244,7.1967	1376	o%g%e%

1	5.6027,7.322	1281	o%ch%e%

1	5.4244,7.1967	1390	nw%ụ%ọ%

1	5.4244,7.1967	384	nw%è%kw%à%r%à%

1	5.4244,7.1967	1204	nw%è%

1	5.4244,7.1967	50	nw%e%kw%a%n%ụ%

1	5.4244,7.1967	3191	n%ụ%ọ%

1	5.4244,7.1967	1841	n%z%u%

1	5.4244,7.1967	3246	n%t%a%k%ị%r%ị%

1	5.4244,7.1967	1137	n%sh%i%

1	5.4244,7.1967	1235	n%n%ọ%

1	5.4244,7.1967	1453	n%kw%u%

1	5.4244,7.1967	3269	n%k%e%a%

1	5.4543,7.0247	650	n%i%l%e%

1	5.4244,7.1967	3305	n%ch%e%

1	5.4244,7.1967	1396	n%a%n%ị%

1	5.4244,7.1967	3320	n%a%gh%ị%

1	5.4244,7.1967	1753	n%

1	5.4244,7.1967	1316	m̀%gb%ò%

1	5.4244,7.1967	1140	m%ụ%t%a%

1	5.4543,7.0247	673	m%m%m%

1	5.4244,7.1967	1769	m%m%a%n%ụ%

1	5.4244,7.1967	3460	m%e%ch%a%a%

1	5.4244,7.1967	3463	m%b%ọ%

1	5.4244,7.1967	3487	m%a%a%r%a%

1	5.72517,7.13325	1029	l%ụ%ọ%

1	5.4244,7.1967	1431	l%a%

1	5.4244,7.1967	1300	gb%u%r%u%

1	5.4244,7.1967	1395	kw%a%r%a%

1	5.4829,7.0337	1432	kp%a%a%

1	5.4244,7.1967	3573	kp%ọ̀%r%ọ̀%

1	5.4244,7.1967	1619	kp%a%r%a%

1	5.4244,7.1967	1432	kp%a%a%

1	5.4244,7.1967	3622	k%ọ%ọ%

1	5.4244,7.1967	3641	k%ọ%

1	5.4244,7.1967	1791	k%e%r%e%

1	5.4244,7.1967	455	k%a%r%a%

1	5.4244,7.1967	1398	k%a%a%

1	5.4244,7.1967	3682	j%ụ%ọ%

1	5.4244,7.1967	3720	j%a%a%

1	5.4244,7.1967	1321	i%z%u%

1	5.5832,7.05	3727	i%sh%ì%

1	5.4244,7.1967	1155	i%s%e%

1	5.4244,7.1967	195	i%m%i%

1	5.4244,7.1967	1179	i%gb%u%

1	5.6027,7.322	3787	i%b%u%

1	5.3999,7.0167	489	h%ụ%

1	5.4244,7.1967	3829	gw%ọ%

1	5.4244,7.1967	1323	gh%a%r%a%

1	5.4244,7.1967	497	gb%à%r%à%

1	5.4244,7.1967	3851	gb%o%o%

1	5.4244,7.1967	1121	gb%a%k%ọ%ọ%

1	5.4244,7.1967	3873	g%ụ%ọ%

1	5.4244,7.1967	1794	g%ị%n%ị%

1	5.4244,7.1967	1310	g%à%r%à%

1	5.4244,7.1967	1127	g%a%w%a%

1	5.4244,7.1967	3922	g%a%n%a%

1	5.4244,7.1967	2117	e%z%i%o%kw%u%

1	5.4244,7.1967	4063	e%s%o%

1	5.4244,7.1967	76	e%r%i%r%i%

1	5.4244,7.1967	2034	e%r%e%

1	5.4244,7.1967	1190	e%ny%e%r%e%

1	5.4829,7.0337	1172	e%ny%e%

1	5.4244,7.1967	4123	e%m%e%ch%a%a%

1	5.4244,7.1967	4175	e%g%o%

1	5.72517,7.13325	1888	e%f%e%r%e%

1	5.4244,7.1967	1328	e%d%e%

1	5.4244,7.1967	4194	e%ch%i%ch%i%

1	5.6027,7.322	858	e%ch%i%

1	5.4244,7.1967	1611	e%b%u%

1	5.4244,7.1967	1408	e%b%i%d%o%

1	5.4244,7.1967	4231	d%ị%r%ị%

1	5.4244,7.1967	1420	d%o%w%e%

1	5.4244,7.1967	1561	ch%ị%r%ị%

1	5.4244,7.1967	1257	ch%e%r%e%

1	5.4829,7.0337	560	ch%a%a%

1	5.4244,7.1967	1164	b%ụ%r%ụ%

1	5.3999,7.0167	561	b%ụ̄%

1	5.4244,7.1967	1489	b%u%t%e%

1	5.4543,7.0247	876	b%u%

1	5.4244,7.1967	1343	b%i%r%i%

1	5.3999,7.0167	567	b%ị%a%

1	5.4244,7.1967	1466	b%a%r%a%

1	5.4244,7.1967	4411	ā%

1	5.4244,7.1967	4418	a%z%a%

1	5.4244,7.1967	2102	a%t%ụ%

1	5.4244,7.1967	2044	a%s%ụ%

1	5.4244,7.1967	1413	a%s%i%

1	5.6027,7.322	8511	a%nw%ụ̄%

1	5.72517,7.13325	1552	a%n%ọ̀%

1	5.4244,7.1967	1790	a%n%à%

1	5.4244,7.1967	4520	a%n%a%gh%ị%

1	5.4543,7.0247	4529	a%m%ụ%

1	5.4244,7.1967	4738	a%b%a%

1	5.4543,7.0247	680	a%t%ọ%

1	5.4244,7.1967	1443	a%j%ụ%j%ụ%

1	5.4244,7.1967	1198	a%h%ụ%r%ụ%

1	5.4244,7.1967	1291	a%h%ụ%h%ụ%

1	5.4244,7.1967	1195	a%h%a%a%

1	5.4244,7.1967	1126	a%gw%ụ%

1	5.4244,7.1967	1715	a%d%ị%gh%ị%

1	5.4244,7.1967	1359	a%ch%ọ%

1	5.4244,7.1967	1236	O%l%e%e%

1	5.4244,7.1967	4812	M%a%n%a%

1	5.4244,7.1967	4824	I%h%e%

1	5.4244,7.1967	1691	Ch%u%kw%u%

1	5.4244,7.1967	1624	B%i%k%o%

1	5.3999,7.0167	156	ụ̄%f%ọ̄%d%ụ̄%

1	5.3999,7.0167	257	ụ%z%ọ̀%

1	5.3999,7.0167	261	ụ%k%à%

1	5.3999,7.0167	287	ọ%d%ụ̀%

1	5.3999,7.0167	294	ị%m%à%

1	5.4244,7.1967	292	ị̀%

1	5.3999,7.0167	297	ù%gb%u%ù%

1	5.3999,7.0167	179	ò%nw%e%

1	5.3999,7.0167	308	è%r%i%

1	5.3999,7.0167	309	è%nw%e%

1	5.3999,7.0167	310	è%l%e%

1	5.4244,7.1967	312	è%j%ì%

1	5.3999,7.0167	314	è%e%

1	5.3999,7.0167	316	à%ṅ%a%ā%

1	5.3999,7.0167	112	à%z%ụ%

1	5.3999,7.0167	317	à%w%ụ%

1	5.3999,7.0167	320	à%r%ị%

1	5.3999,7.0167	322	à%ny%ị%

1	5.3999,7.0167	324	à%m%a%

1	5.3999,7.0167	133	à%kp%à%

1	5.3999,7.0167	135	à%k%a%

1	5.3999,7.0167	327	à%hw%ụ̀%

1	5.3999,7.0167	329	à%gb%à%

1	5.3999,7.0167	153	w%ụ̄%ụ̄%

1	5.3999,7.0167	342	w%ụ̄%r%ụ̄%

1	5.3999,7.0167	169	u%kw%ù%

1	5.3999,7.0167	356	s%o%ō%

1	5.3999,7.0167	167	p%ụ̀%ọ%

1	5.3999,7.0167	110	ō%ō%

1	5.3999,7.0167	122	o%nw%è%è%

1	5.3999,7.0167	124	o%nw%è%r%è%

1	5.3999,7.0167	203	o%k%è%ny%è%

1	5.3999,7.0167	381	ǹ%k%è%e%

1	5.3999,7.0167	252	ǹ%d%e%è%w%o%

1	5.3999,7.0167	384	nw%è%kw%à%r%à%

1	5.3999,7.0167	178	nw%o%k%ē%

1	5.3999,7.0167	108	nw%ē%r%ē%

1	5.3999,7.0167	165	nw%ā%

1	5.3999,7.0167	389	nw%a%à%ny%ị̀%

1	5.3999,7.0167	126	n%ụ̄%

1	5.3999,7.0167	114	n%à%à%

1	5.3999,7.0167	185	n%d%e%è%

1	5.4244,7.1967	2762	y%a%a%

1	5.3999,7.0167	405	m̄%b%ụ̄%

1	5.4244,7.1967	143	h%

1	5.3999,7.0167	409	m̀%gb%è%

1	5.3999,7.0167	415	m%à%ọ̀%w%ụ%

1	5.3999,7.0167	416	m%à%ọ̀%

1	5.3999,7.0167	149	m%m%à%

1	5.3999,7.0167	242	m%m%ā%d%ụ̀%

1	5.3999,7.0167	151	m%kp%ụ%r%ụ̄%

1	5.4829,7.0337	201	m%gb%a%

1	5.3999,7.0167	425	m%e%r%e%

1	5.3999,7.0167	429	m%b%a%r%a%

1	5.3999,7.0167	430	m%ā%r̃%ā%

1	5.3999,7.0167	431	m%a%r̃%a%

1	5.3999,7.0167	439	kw%ù%r%ù%

1	5.4244,7.1967	446	k%ụ%

1	5.4244,7.1967	3692	j%è%r%è%

1	5.3999,7.0167	455	k%a%r%a%

1	5.3999,7.0167	456	k%a%m%à%

1	5.4244,7.1967	3727	i%sh%ì%

1	5.3999,7.0167	473	i%m%ī%

1	5.3999,7.0167	195	i%m%i%

1	5.3999,7.0167	161	i%m%ē%

1	5.3999,7.0167	163	i%kh%e%

1	5.3999,7.0167	478	i%k%ē%

1	5.3999,7.0167	481	i%j%ī%

1	5.3999,7.0167	483	i%h%e%è%

1	5.3999,7.0167	183	i%gw%è%

1	5.3999,7.0167	485	i%ch%è%i%ch%è%

1	5.3999,7.0167	487	hw%ụ̀%r%ụ̀%

1	5.3999,7.0167	119	h%ā%

1	5.3999,7.0167	497	gb%à%r%à%

1	5.3999,7.0167	498	gb%ā%s%ā%r%ā%

1	5.3999,7.0167	512	g%à%-%à%gb%a%

1	5.3999,7.0167	516	g%ā%

1	5.4543,7.0247	455	k%a%r%a%

1	5.3999,7.0167	527	ē%zh%ī%

1	5.3999,7.0167	529	ē%j%ī%

1	5.3999,7.0167	123	e%z%è%

1	5.3999,7.0167	550	e%ē%

1	5.3999,7.0167	551	e%e%m%

1	5.3999,7.0167	220	d%u%m̀%

1	5.3999,7.0167	569	b%è%k%e%è%

1	5.3999,7.0167	572	ā%z%ụ̄%

1	5.3999,7.0167	573	ā%w%ụ̄%

1	5.3999,7.0167	575	ā%ny%ị̄%

1	5.3999,7.0167	142	ā%ny%ā%

1	5.3999,7.0167	211	ā%n%ọ̄%

1	5.3999,7.0167	111	ā%k%ā%

1	5.3999,7.0167	581	ā%f%ọ̄%

1	5.3999,7.0167	584	a%à%

1	5.4543,7.0247	21	a%y%ị%

1	5.4244,7.1967	127	a%h%à%

1	5.3999,7.0167	598	a%n%ọ̀%r%ọ%

1	5.3999,7.0167	173	a%m%ụ̀%

1	5.3999,7.0167	608	a%kp%ọ̀%r%ọ̀%

1	5.3999,7.0167	610	a%kp%ọ%ọ%

1	5.3999,7.0167	243	a%k%ụ̀%k%ụ̀%

1	5.3999,7.0167	199	a%j%ā%

1	5.3999,7.0167	145	a%hw%ụ̀%

1	5.3999,7.0167	613	a%h%ị%h%ị%a%

1	5.3999,7.0167	614	a%h%ā%

1	5.4244,7.1967	223	a%f%ọ̀%

1	5.3999,7.0167	622	-%-%

1	5.3999,7.0167	164	(%th%e%n%)%

1	5.3999,7.0167	624	(%l%a%u%gh%)%

