5.3999,7.0167	5.3999,7.0167

5.3999,7.0167	5.4244,7.1967
1	2	[ọ̀*ọ]	15895
1	1	[r̃*r]	34853
1	1	[ò*ọ̀]	31775
1	1	[ị̀*i]	19461
1	1	[ọ̄*ọ]	14871
0.666667	2	[ī*i]	26117
0.666667	2	[ụ̀*ụ]	7704
0.5	1	[ch*n]	23560
0.5	1	[-*.]	6732
0.333333	1	[ī*è]	26139
0.333333	1	[ụ̄*ụ]	8728
0.333333	1	[ụ̄*a]	8716
0.25	1	[ē*Ị]	22116
0.25	1	[ē*i]	22021
0.25	1	[ē*ā]	22020
0.2	3	[e*è]	3611
0.2	1	[ị*i]	5637
0.2	1	[i*é]	2644
0.2	1	[y*ny]	1572
0.166667	1	[h*g]	3082
0.142857	1	[ọ*ọ̄]	11805
0.125	1	[è*e]	13831
0.125	1	[k*d]	11289
0.125	1	[k*h]	11270
0.111111	1	[à*á]	7247
0.111111	1	[n*N]	4181
0.111111	1	[n*z]	4135
0.1	1	[ì*u]	9778
0.0909091	1	[-r]	18944
0.0833333	1	[-m]	10240
0.0769231	1	[ụ*ụ̀]	12303
0.0666667	1	[e*é]	3668
0.0666667	1	[e*i]	3589
0.0625	1	[a*à]	6158

5.3999,7.0167	5.4543,7.0247
1	2	[è*e]	13831
1	1	[s*f]	33825
1	1	[ə*u]	27698
1	1	[ō*E]	27225
1	1	[gb*kp]	25114
1	1	[m̀*n]	24072
1	1	[ch*d]	23577
1	1	[t*b]	21020
1	1	[m̄*?]	16462
1	1	[à*a]	7180
1	1	[-*.]	6732
0.5	1	[nw*Nw]	22614
0.5	1	[r*s]	19010
0.5	1	[ị̄*ị]	17419
0.5	1	[ị̄*i]	17413
0.5	1	[ọ̀*ọ]	15895
0.5	1	[ọ̀*i]	15877
0.5	1	[ọ̄*o]	14883
0.5	1	[ọ̄*ọ]	14871
0.5	1	[b*d]	14361
0.5	1	[k*gb]	11313
0.125	1	[n*r]	4133
0.125	1	[n*w]	4112
0.0526316	1	[a*-]	6157
0.0526316	1	[-a]	6144

5.3999,7.0167	5.4829,7.0337
1	2	[ọ̄*ọ]	14871
1	1	[s*f]	33825
1	1	[ō*ē]	27179
1	1	[ị̀*ì]	19475
1	1	[m̄*.]	16460
0.5	1	[ī*i]	26117
0.5	1	[m̀*m]	24084
0.5	1	[b*d]	14361
0.333333	1	[nw*kw]	22558
0.333333	1	[-l]	20480
0.333333	1	[ny*à]	18446
0.333333	1	[ọ̀*ọ]	15895
0.333333	1	[ọ̀*i]	15877
0.333333	1	[k*hw]	11316
0.2	1	[ụ*ụ̄]	12305
0.2	1	[ụ*ụ̀]	12303
0.2	1	[ọ*ọ̀]	11807
0.2	1	[ọ*ụ]	11800
0.2	1	[ọ*ụ̀]	11791
0.2	1	[h*!]	3073
0.142857	2	[à*a]	7180
0.142857	1	[è*e]	13831
0.142857	1	[n*d]	4121
0.142857	1	[i*ị̀]	2598
0.142857	1	[i*ì]	2579
0.142857	1	[-i]	2560
0.0714286	1	[à*ē]	7211
0.0714286	1	[a*ụ]	6168
0.0714286	1	[a*h]	6150
0.0714286	1	[-a]	6144
0.0625	1	[e*è]	3611
0.0625	1	[e*ị]	3595

5.3999,7.0167	5.522,6.923
1	1	[ī*ì]	26131
1	1	[m̄*.]	16460
1	1	[ụ̀*u]	7730
1	1	[-*ọ̀]	6687
1	1	[+e]	7
0.5	1	[t*l]	21032
0.5	1	[r*r̃]	19012
0.5	1	[d*sh]	12845
0.333333	1	[ọ̀*ọ]	15895
0.333333	1	[ọ̀*i]	15877
0.333333	1	[k*kh]	11320
0.333333	1	[k*y]	11267
0.25	1	[ụ*ọ̀]	12319
0.25	1	[ụ*ụ̄]	12305
0.25	1	[ụ*ụ̀]	12303
0.142857	1	[è*e]	13831
0.142857	1	[n*w]	4112
0.142857	1	[n*g]	4106
0.125	1	[i*ì]	2579
0.111111	1	[à*ē]	7211
0.111111	1	[e*è]	3611
0.0833333	1	[a*ụ̀]	6159
0.0833333	1	[a*à]	6158
0.0833333	1	[a*-]	6157
0.0833333	1	[-a]	6144

5.3999,7.0167	5.5832,7.05
1	1	[ò*ọ̀]	31775
1	1	[ō*ē]	27179
1	1	[ch*h]	23558
1	1	[-*.]	6732
1	1	[+gw]	63
0.5	2	[ọ̀*ọ]	15895
0.5	1	[nw*gw]	22591
0.333333	1	[ē*ō]	22069
0.333333	1	[ē*ì]	22035
0.333333	1	[ē*e]	22023
0.333333	1	[l*gb]	20529
0.333333	1	[-l]	20480
0.333333	1	[ny*y]	18435
0.333333	1	[ụ*ụ̄]	12305
0.333333	1	[ụ*ụ̀]	12303
0.333333	1	[ì*i]	9733
0.222222	2	[e*è]	3611
0.2	1	[m*n]	10248
0.166667	1	[è*e]	13831
0.166667	1	[n*w]	4112
0.142857	1	[i*ì]	2579
0.0909091	1	[à*ē]	7211
0.0714286	1	[a*à]	6158
0.0714286	1	[a*-]	6157

5.3999,7.0167	5.5834,7.05
1	1	[ò*ọ̀]	31775
1	1	[ō*ē]	27179
1	1	[ch*h]	23558
1	1	[m̄*.]	16460
1	1	[ụ̀*u]	7730
1	1	[-*!]	6657
0.5	1	[ē*A]	22104
0.5	1	[ē*i]	22021
0.5	1	[-l]	20480
0.333333	1	[ì*i]	9733
0.25	3	[è*e]	13831
0.25	1	[r*r̃]	19012
0.25	1	[-r]	18944
0.25	1	[ny*j]	18450
0.25	1	[ọ̀*ọ]	15895
0.25	1	[ọ̀*ị]	15883
0.25	1	[ụ*u]	12338
0.25	1	[ụ*ụ̄]	12305
0.25	1	[ụ*ụ̀]	12303
0.25	1	[g*gb]	5169
0.25	1	[y*ny]	1572
0.230769	3	[à*a]	7180
0.2	1	[k*h]	11270
0.166667	1	[e*i]	3589
0.142857	1	[ị*à]	5646
0.142857	1	[ị*ā]	5636
0.142857	1	[n*d]	4121
0.125	1	[i*ì]	2579
0.0769231	1	[à*ē]	7211
0.0588235	1	[a*-]	6157
0.0588235	1	[-a]	6144

5.3999,7.0167	5.6027,7.322
1	1	[ō*ē]	27179
1	1	[m̄*ọ̄]	16413
1	1	[ụ̀*ū]	7728
1	1	[-*.]	6732
0.5	1	[ī*è]	26139
0.5	1	[+ù]	42
0.5	1	[+è]	27
0.333333	1	[-r]	18944
0.333333	1	[ọ̀*ị̀]	15910
0.333333	1	[ọ̀*ọ]	15895
0.333333	1	[kw*t]	15401
0.333333	1	[j*sh]	9261
0.333333	1	[j*y]	9219
0.333333	1	[ụ̄*à]	8718
0.25	2	[ụ*ụ̀]	12303
0.166667	1	[k*h]	11270
0.125	1	[ụ*ụ̄]	12305
0.111111	1	[n*d]	4121
0.111111	1	[n*w]	4112
0.0909091	1	[à*ē]	7211
0.0909091	1	[à*ā]	7172
0.0909091	1	[e*è]	3611
0.0666667	1	[a*m]	6164
0.0666667	1	[a*à]	6158
0.0666667	1	[a*-]	6157

5.3999,7.0167	5.664,7.012
1	1	[ē*è]	22043
1	1	[m̄*.]	16460
1	1	[ọ̄*ọ̀]	14879
1	1	[+ǹ]	21
0.5	2	[ọ̀*ọ]	15895
0.5	2	[ụ*ụ̄]	12305
0.5	1	[r*r̃]	19012
0.25	1	[ny*gb]	18481
0.25	1	[ọ̀*ị]	15883
0.25	1	[ụ*ụ̀]	12303
0.25	1	[y*ny]	1572
0.2	1	[ị*ā]	5636
0.166667	1	[ọ*ọ̄]	11805
0.166667	1	[m*g]	10250
0.142857	1	[è*e]	13831
0.142857	1	[i*ì]	2579
0.125	1	[n*d]	4121
0.125	1	[n*w]	4112
0.1	1	[à*ē]	7211
0.1	1	[à*ā]	7172
0.0555556	1	[a*-]	6157
0.0555556	1	[a*e]	6151
0.0555556	1	[-a]	6144

5.3999,7.0167	5.71795,7.08217
1	1	[ò*ọ̀]	31775
1	1	[m̄*m]	16404
1	1	[,*ò]	1086
0.5	1	[k*h]	11270
0.5	1	[h*hw]	3124
0.4	2	[ọ̀*ọ]	15895
0.25	1	[ụ*ụ̀]	12303
0.2	1	[ọ̀*ị]	15883
0.2	1	[m*m̄]	10272
0.2	1	[m*g]	10250
0.2	1	[-m]	10240
0.2	1	[n*d]	4121
0.0909091	1	[a*-]	6157
0.0909091	1	[a*n]	6152
0.0909091	1	[a*ā]	6148

5.3999,7.0167	5.72517,7.13325
1	1	[ò*ọ̀]	31775
1	1	[ō*ē]	27179
1	1	[ē*A]	22104
1	1	[m̄*ụ]	16408
0.5	1	[è*e]	13831
0.333333	1	[ny*a]	18444
0.333333	1	[ọ̀*ọ]	15895
0.333333	1	[k*h]	11270
0.222222	2	[ụ*ụ̀]	12303
0.2	2	[e*è]	3611
0.2	1	[ọ*ọ̀]	11807
0.2	1	[ị*ā]	5636
0.2	1	[y*ny]	1572
0.125	1	[n*w]	4112
0.111111	1	[ụ*ụ̄]	12305
0.105263	2	[a*à]	6158
0.0833333	1	[à*ē]	7211
0.0833333	1	[à*j]	7186
0.0833333	1	[à*ā]	7172
0.0526316	1	[a*-]	6157

5.4244,7.1967	5.3999,7.0167
1	1	[Ị*ē]	51243
1	1	[N*n]	43528
1	1	[á*à]	40462
1	1	[.*-]	38925
1	1	[z*n]	19976
1	1	[ọ̀*ò]	15934
1	1	[ọ̄*ọ]	14871
1	1	[ā*ē]	2091
0.5	1	[é*e]	43015
0.5	1	[é*i]	43013
0.5	1	[u*ì]	25619
0.5	1	[ny*y]	18435
0.5	1	[ụ̀*ụ]	7704
0.5	1	[g*h]	5126
0.5	1	[+r]	37
0.5	1	[+m]	20
0.333333	1	[d*k]	12822
0.272727	3	[è*e]	13831
0.222222	2	[ọ*ọ̀]	11807
0.2	2	[i*ī]	2611
0.166667	1	[h*k]	3094
0.133333	2	[ụ*ụ̀]	12303
0.125	1	[n*ch]	4142
0.111111	1	[ọ*ọ̄]	11805
0.111111	1	[à*a]	7180
0.1	1	[i*ē]	2603
0.1	1	[i*ị̀]	2598
0.1	1	[i*ị]	2571
0.1	1	[i*e]	2567
0.0909091	1	[r*r̃]	19012
0.0909091	1	[è*ī]	13875
0.0909091	1	[e*è]	3611
0.0666667	1	[ụ*ụ̄]	12305
0.0625	1	[a*ụ̄]	6161

5.4244,7.1967	5.4244,7.1967

5.4244,7.1967	5.4543,7.0247
1	2	[ọ̀*ọ]	15895
1	1	[á*Ị]	40548
1	1	[à*a]	7180
1	1	[+E]	89
0.5	1	[p*b]	30748
0.5	1	[ụ̀*ụ]	7704
0.5	1	[ụ̀*ị]	7691
0.333333	1	[ch*s]	23618
0.333333	1	[ch*f]	23585
0.333333	1	[kp*gb]	13361
0.333333	1	[y*ny]	1572
0.2	2	[t*ch]	21038
0.2	1	[ị*i]	5637
0.166667	2	[kw*k]	15382
0.166667	1	[ny*g]	18442
0.166667	1	[ny*h]	18438
0.142857	1	[sh*s]	23106
0.142857	1	[sh*k]	23062
0.142857	1	[nw*w]	22544
0.125	1	[gb*z]	25127
0.111111	1	[j*r]	9253
0.111111	1	[h*z]	3111
0.1	1	[t*b]	21020
0.1	1	[t*kp]	21018
0.0833333	1	[l*t]	20521
0.0833333	1	[l*r]	20517
0.0833333	1	[l*m]	20500
0.0833333	1	[kw*d]	15385
0.0769231	1	[d*k]	12822
0.0769231	1	[d*m]	12820
0.0769231	1	[d*n]	12808
0.0769231	1	[k*nw]	11308
0.0588235	1	[b*y]	14339
0.0526316	1	[r*l]	18984
0.0526316	1	[ụ*u]	12338
0.0434783	1	[m*n]	10248
0.0434783	1	[m*h]	10246
0.04	1	[n*gb]	4145
0.04	1	[n*r]	4133
0.0333333	1	[o*u]	17970
0.03125	1	[i*o]	2595
0.03125	1	[i*ị]	2571
0.0222222	1	[u*ọ]	25623
0.0222222	1	[u*i]	25605
0.0114943	1	[-a]	6144
0.00826446	1	[e*E]	3673

5.4244,7.1967	5.4829,7.0337
1	1	[–*?]	62542
1	1	[I*i]	49157
1	1	[é*ị̀]	43046
1	1	[á*ē]	40491
1	1	[ọ́*ò]	39486
1	1	[s*ch]	33838
1	1	[u*e]	25607
1	1	[m̀*m]	24084
1	1	[ch*j]	23570
1	1	[ọ̄*ọ]	14871
1	1	[+kw]	30
0.5	1	[ọ̀*ọ]	15895
0.5	1	[è*ị]	13835
0.5	1	[ì*è]	9755
0.333333	1	[nw*h]	22534
0.333333	1	[o*ō]	17973
0.25	1	[d*r]	12837
0.166667	2	[i*ì]	2579
0.166667	1	[ọ*ọ̀]	11807
0.166667	1	[ọ*a]	11788
0.166667	1	[w*ny]	8228
0.142857	1	[ị*ị̄]	5666
0.142857	1	[h*hw]	3124
0.125	1	[m*h]	10246
0.111111	1	[e*ē]	3627
0.111111	1	[e*ā]	3588
0.105263	2	[ụ*ụ̀]	12303
0.0833333	1	[i*ī]	2611
0.0588235	1	[a*ụ̄]	6161
0.0588235	1	[a*à]	6158
0.0588235	1	[n*m]	4116
0.0555556	1	[à*ē]	7211
0.0555556	1	[à*a]	7180
0.0526316	1	[ụ*ụ̄]	12305

5.4244,7.1967	5.522,6.923
1	2	[ụ̀*u]	7730
1	1	[é*i]	43013
1	1	[É*ị̀]	41510
1	1	[á*ē]	40491
1	1	[.*ọ̀]	38943
0.5	1	[u*e]	25607
0.5	1	[t*kw]	21022
0.5	1	[l*ny]	20516
0.5	1	[ọ̀*ò]	15934
0.5	1	[ọ̀*ụ̀]	15887
0.5	1	[ì*i]	9733
0.375	3	[i*ị]	2571
0.333333	1	[è*e]	13831
0.333333	1	[d*r]	12837
0.333333	1	[g*ch]	5166
0.333333	1	[+ọ]	23
0.333333	1	[+e]	7
0.333333	1	[+i]	5
0.25	1	[o*u]	17970
0.25	1	[k*y]	11267
0.25	1	[h*e]	3079
0.2	1	[ị*ị̄]	5666
0.2	1	[ị*i]	5637
0.125	1	[ụ*ụ̄]	12305
0.125	1	[ụ*ụ̀]	12303
0.125	1	[m*h]	10246
0.125	1	[i*ì]	2579
0.0909091	1	[e*ē]	3627
0.05	1	[a*à]	6158

5.4244,7.1967	5.5832,7.05
1	1	[Ị*ō]	51253
1	1	[á*ē]	40491
1	1	[gb*j]	25106
0.5	1	[é*è]	43035
0.5	1	[é*i]	43013
0.5	1	[t*kw]	21022
0.5	1	[ny*l]	18472
0.4	2	[ì*i]	9733
0.333333	2	[u*ụ]	25624
0.333333	1	[è*e]	13831
0.25	1	[l*gb]	20529
0.25	1	[l*ny]	20516
0.25	1	[k*gb]	11313
0.25	1	[g*j]	5138
0.25	1	[+gw]	63
0.25	1	[+ò]	62
0.25	1	[+e]	7
0.25	1	[+i]	5
0.2	1	[ị*ị̀]	5670
0.2	1	[ị*i]	5637
0.2	1	[y*d]	1561
0.181818	2	[ọ*ọ̀]	11807
0.142857	1	[w*ny]	8228
0.142857	1	[w*h]	8198
0.111111	1	[m*n]	10248
0.111111	1	[i*ī]	2611
0.111111	1	[i*ì]	2579
0.111111	1	[i*ị]	2571
0.0909091	1	[ụ*u]	12338
0.0909091	1	[ọ*ọ̄]	11805
0.0666667	1	[n*h]	4102
0.05	1	[e*ị̀]	3622
0.05	1	[e*è]	3611
0.05	1	[e*ā]	3588
0.0384615	1	[a*ā]	6148

5.4244,7.1967	5.5834,7.05
1	2	[é*i]	43013
1	1	[Ị*A]	51288
1	1	[É*ị̀]	41510
1	1	[ọ́*O]	39514
1	1	[.*!]	38913
1	1	[ọ̄*ọ]	14871
1	1	[ụ̀*u]	7730
0.5	1	[á*ē]	40491
0.5	1	[á*ụ]	40472
0.5	1	[ò*Ọ]	31827
0.5	1	[ò*o]	31779
0.5	1	[t*kw]	21022
0.5	1	[ọ̀*ụ]	15896
0.5	1	[+o]	35
0.5	1	[+e]	7
0.333333	2	[ì*i]	9733
0.333333	1	[ny*l]	18472
0.333333	1	[d*r]	12837
0.222222	2	[è*e]	13831
0.2	1	[ị*ī]	5683
0.2	1	[ị*ā]	5636
0.2	1	[y*d]	1561
0.1875	3	[i*ị]	2571
0.166667	1	[sh*hw]	23092
0.166667	1	[r*r̃]	19012
0.166667	1	[o*ụ̀]	17935
0.166667	1	[ì*I]	9824
0.166667	1	[ì*u]	9778
0.142857	1	[u*ọ̄]	25629
0.142857	1	[u*ụ̀]	25615
0.142857	1	[w*h]	8198
0.111111	2	[ụ*ụ̄]	12305
0.111111	1	[ọ*ọ̀]	11807
0.111111	1	[k*kw]	11294
0.0625	1	[i*ī]	2611
0.0625	1	[i*e]	2567
0.0555556	1	[ụ*u]	12338
0.0555556	1	[ụ*h]	12294
0.0555556	1	[-ụ]	12288
0.047619	1	[n*ǹ]	4117
0.047619	1	[n*h]	4102
0.047619	1	[e*Ị]	3684
0.0384615	1	[a*ụ]	6168
0.0384615	1	[a*à]	6158
0.0384615	1	[a*ā]	6148

5.4244,7.1967	5.6027,7.322
1	1	[N*n]	43528
1	1	[é*i]	43013
1	1	[á*ē]	40491
1	1	[ē*è]	22043
1	1	[ọ̄*ọ]	14871
0.5	2	[+e]	7
0.5	1	[ụ̀*ū]	7728
0.333333	1	[ọ̀*ọ]	15895
0.333333	1	[ị*ị̀]	5670
0.25	2	[ọ*ọ̀]	11807
0.25	1	[ò*ọ̀]	31775
0.25	1	[sh*s]	23106
0.25	1	[j*sh]	9261
0.25	1	[j*y]	9219
0.25	1	[g*h]	5126
0.25	1	[+a]	12
0.25	1	[+h]	6
0.2	1	[ì*ụ̀]	9743
0.2	1	[ì*i]	9733
0.181818	2	[i*ị]	2571
0.166667	1	[o*ō]	17973
0.157895	3	[ụ*ụ̄]	12305
0.125	1	[w*l]	8232
0.111111	1	[k*n]	11272
0.0909091	1	[i*ī]	2611
0.0714286	1	[e*è]	3611
0.0625	1	[n*ch]	4142
0.0588235	1	[a*à]	6158
0.0555556	1	[à*e]	7175
0.0555556	1	[à*ā]	7172
0.0526316	1	[ụ*ù]	12330
0.0526316	1	[ụ*ụ̀]	12303

5.4244,7.1967	5.664,7.012
1	1	[Ị*è]	51227
1	1	[é*i]	43013
1	1	[?*ọ̀]	39967
1	1	[ọ́*ò]	39486
1	1	[ọ̀*ụ̀]	15887
1	1	[d*k]	12822
0.5	1	[á*ē]	40491
0.5	1	[á*ụ]	40472
0.5	1	[gb*ị̄]	25122
0.5	1	[t*l]	21032
0.5	1	[l*ny]	20516
0.5	1	[+ǹ]	21
0.5	1	[+e]	7
0.4	2	[j*n]	9224
0.25	2	[i*ị]	2571
0.25	1	[r*r̃]	19012
0.25	1	[o*u]	17970
0.25	1	[è*e]	13831
0.25	1	[ì*i]	9733
0.2	2	[ụ*ụ̀]	12303
0.2	1	[ị*ị̄]	5666
0.2	1	[ị*ā]	5636
0.125	1	[ọ*ọ̀]	11807
0.125	1	[i*ī]	2611
0.125	1	[i*ù]	2602
0.1	1	[ụ*ụ̄]	12305
0.1	1	[ụ*h]	12294
0.1	1	[-ụ]	12288
0.0909091	1	[m*g]	10250
0.0909091	1	[à*ā]	7172
0.0625	1	[e*ị̀]	3622
0.037037	1	[a*ny]	6180
0.037037	1	[a*ụ]	6168
0.037037	1	[a*e]	6151

5.4244,7.1967	5.71795,7.08217
1	1	[é*i]	43013
1	1	[É*ụ]	41496
1	1	[gb*ny]	25124
1	1	[ù*u]	21554
1	1	[ị̀*ị̄]	19490
1	1	[j*n]	9224
1	1	[,*ò]	1086
0.5	1	[d*k]	12822
0.333333	2	[i*ị]	2571
0.333333	1	[r*r̃]	19012
0.333333	1	[+kw]	30
0.333333	1	[+e]	7
0.333333	1	[+i]	5
0.25	1	[u*ù]	25642
0.25	1	[u*e]	25607
0.25	1	[-u]	25600
0.166667	1	[ọ*ọ̄]	11805
0.166667	1	[k*n]	11272
0.153846	2	[e*è]	3611
0.142857	1	[m*m̄]	10272
0.142857	1	[m*g]	10250
0.125	2	[a*ā]	6148
0.0769231	1	[e*ọ]	3607
0.0625	1	[a*ọ̀]	6175
0.0625	1	[a*à]	6158

5.4244,7.1967	5.72517,7.13325
1	1	[Ị*A]	51288
1	1	[é*i]	43013
1	1	[É*ọ̄]	41501
1	1	[?*m]	39956
1	1	[ọ́*ò]	39486
1	1	[ọ̄*ọ]	14871
0.5	1	[á*ē]	40491
0.5	1	[á*ā]	40452
0.5	1	[ù*u]	21554
0.5	1	[ị̀*ī]	19507
0.5	1	[ọ̀*ụ]	15896
0.5	1	[d*g]	12810
0.285714	2	[ì*i]	9733
0.25	1	[+ụ]	24
0.25	1	[+ǹ]	21
0.25	1	[+ì]	19
0.25	1	[+e]	7
0.2	1	[gb*ny]	25124
0.2	1	[gb*kw]	25118
0.2	1	[è*e]	13831
0.2	1	[ị*è]	5659
0.2	1	[ị*ā]	5636
0.166667	2	[ọ*ọ̄]	11805
0.166667	1	[k*g]	11274
0.166667	1	[k*n]	11272
0.166667	1	[y*w]	1552
0.142857	2	[i*ị]	2571
0.142857	1	[ì*ị̀]	9766
0.142857	1	[w*th]	8250
0.142857	1	[h*nw]	3116
0.125	1	[u*ụ̄]	25617
0.125	1	[-u]	25600
0.125	1	[b*j]	14354
0.111111	1	[r*n]	18952
0.105263	2	[ụ*ụ̀]	12303
0.0833333	1	[ọ*ụ]	11800
0.0769231	1	[m*b]	10268
0.0714286	1	[i*ā]	2564
0.0526316	1	[ụ*ụ̄]	12305
0.047619	1	[e*ì]	3603
0.047619	1	[e*a]	3596

5.4543,7.0247	5.3999,7.0167
1	1	[E*ō]	45621
1	1	[Nw*nw]	44076
1	1	[?*m̄]	39968
1	1	[.*-]	38925
1	1	[s*r]	33829
1	1	[gb*k]	25110
1	1	[kp*gb]	13361
1	1	[-*a]	6668
1	1	[+a]	12
0.5	1	[r*n]	18952
0.5	1	[f*s]	16962
0.5	1	[b*t]	14377
0.5	1	[w*n]	8200
0.333333	1	[u*ə]	25654
0.2	2	[e*è]	3611
0.2	1	[o*ọ̄]	17949
0.2	1	[d*ch]	12846
0.2	1	[d*b]	12828
0.166667	1	[ị*ị̄]	5666
0.142857	1	[n*m̀]	4143
0.111111	1	[ọ*ọ̀]	11807
0.111111	1	[ọ*ọ̄]	11805
0.1	1	[i*ị̄]	2594
0.1	1	[i*ọ̀]	2591
0.0555556	1	[a*à]	6158

5.4543,7.0247	5.4244,7.1967
1	1	[Ị*á]	51279
1	1	[+a]	12
0.666667	2	[ch*t]	23593
0.5	1	[f*ch]	16942
0.333333	1	[kp*t]	13353
0.333333	1	[y*b]	1564
0.25	1	[E*e]	45575
0.25	1	[-E]	45568
0.2	1	[ny*y]	18435
0.166667	1	[s*ch]	33838
0.166667	1	[s*sh]	33837
0.166667	1	[z*gb]	20017
0.166667	1	[z*h]	19974
0.166667	1	[ị*ụ̀]	5647
0.166667	1	[ị*i]	5637
0.142857	1	[nw*k]	22550
0.142857	1	[t*l]	21032
0.125	2	[k*kw]	11294
0.111111	2	[ọ*ọ̀]	11807
0.111111	1	[gb*kp]	25114
0.111111	1	[gb*n]	25096
0.111111	1	[g*ny]	5156
0.1	1	[l*r]	20517
0.1	1	[h*ny]	3108
0.1	1	[h*m]	3092
0.0909091	1	[d*kw]	12830
0.0769231	1	[w*nw]	8236
0.0625	1	[k*sh]	11309
0.0625	1	[k*d]	11289
0.0555556	1	[b*p]	14396
0.0555556	1	[b*t]	14377
0.0555556	1	[ọ*u]	11826
0.0526316	1	[ụ*ụ̀]	12303
0.047619	1	[r*l]	18984
0.047619	1	[r*j]	18962
0.047619	1	[r*n]	18952
0.0434783	1	[m*l]	10280
0.0434783	1	[m*d]	10265
0.04	1	[n*d]	4121
0.04	1	[n*m]	4116
0.0333333	1	[o*i]	17925
0.03125	1	[i*u]	2610
0.03125	1	[i*ị]	2571
0.0222222	1	[u*o]	25635
0.0222222	1	[u*ụ]	25624
0.0114943	1	[a*à]	6158

5.4543,7.0247	5.4543,7.0247

5.4543,7.0247	5.4829,7.0337
1	1	[E*ē]	45611
1	1	[A*ā]	45060
1	1	[Nw*kw]	44062
1	1	[?*.]	40012
1	1	[p*t]	30761
0.5	1	[s*sh]	33837
0.5	1	[s*m]	33812
0.5	1	[gw*h]	32262
0.5	1	[kp*gb]	13361
0.5	1	[j*sh]	9261
0.25	1	[u*ù]	25642
0.25	1	[u*ì]	25619
0.25	1	[u*ụ̄]	25617
0.25	1	[u*e]	25607
0.2	2	[ọ*ọ̀]	11807
0.2	1	[sh*s]	23106
0.2	1	[h*s]	3138
0.142857	1	[kw*k]	15382
0.142857	1	[d*n]	12808
0.125	1	[o*ō]	17973
0.125	1	[o*ọ]	17943
0.125	1	[ị*Ị]	5732
0.125	1	[ị*ị̄]	5666
0.105263	4	[a*à]	6158
0.1	3	[e*è]	3611
0.1	1	[ọ*ụ]	11800
0.0833333	1	[r*r̃]	19012
0.0833333	1	[r*n]	18952
0.0625	1	[n*m̀]	4143
0.0625	1	[n*d]	4121
0.0625	1	[i*ə]	2614
0.0625	1	[i*ī]	2611
0.0625	1	[i*ị̄]	2594
0.0625	1	[i*ì]	2579
0.0625	1	[i*e]	2567
0.0588235	1	[ụ*ụ̀]	12303
0.0333333	1	[e*ē]	3627
0.0263158	1	[a*ụ]	6168
0.0263158	1	[a*ị]	6155
0.0263158	1	[a*ā]	6148

5.4543,7.0247	5.522,6.923
1	1	[Ch*ch]	49710
1	1	[?*.]	40012
1	1	[.*ọ̀]	38943
1	1	[gw*h]	32262
1	1	[t*kw]	21022
1	1	[kp*gb]	13361
0.666667	2	[+a]	12
0.5	1	[kw*g]	15370
0.5	1	[k*kh]	11320
0.333333	1	[r*r̃]	19012
0.333333	1	[d*sh]	12845
0.333333	1	[d*n]	12808
0.333333	1	[+i]	5
0.25	1	[b*l]	14376
0.25	1	[ọ*ụ̀]	11791
0.25	1	[ọ*à]	11790
0.2	1	[u*e]	25607
0.2	1	[g*n]	5128
0.166667	1	[o*u]	17970
0.166667	1	[h*s]	3138
0.166667	1	[h*e]	3079
0.142857	2	[e*ē]	3627
0.142857	1	[ị*u]	5682
0.142857	1	[ị*ị̄]	5666
0.142857	1	[ị*ì]	5651
0.1	1	[ụ*ọ̀]	12319
0.1	1	[ụ*ụ̄]	12305
0.1	1	[ụ*ụ̀]	12303
0.1	1	[m*ny]	10276
0.0909091	1	[i*ī]	2611
0.0909091	1	[i*ị̄]	2594
0.0909091	1	[i*è]	2587
0.0909091	1	[i*ì]	2579
0.0909091	1	[i*ị]	2571
0.0769231	1	[n*m̀]	4143
0.0769231	1	[n*g]	4106
0.0714286	1	[e*è]	3611
0.0625	2	[a*ā]	6148
0.03125	1	[a*ụ̀]	6159

5.4543,7.0247	5.5832,7.05
1	1	[Nw*gw]	44095
1	1	[t*kw]	21022
1	1	[+i]	5
0.5	1	[E*ē]	45611
0.5	1	[-E]	45568
0.333333	1	[s*ch]	33838
0.333333	1	[s*m]	33812
0.333333	1	[s*j]	33810
0.333333	1	[ny*y]	18435
0.333333	1	[-b]	14336
0.25	1	[u*ụ]	25624
0.25	1	[kw*g]	15370
0.25	1	[-kw]	15360
0.25	1	[k*gb]	11313
0.2	1	[o*ō]	17973
0.166667	1	[r*n]	18952
0.166667	1	[h*l]	3112
0.166667	1	[h*k]	3094
0.125	2	[i*e]	2567
0.111111	1	[ị*ụ̀]	5647
0.103448	3	[a*à]	6158
0.1	1	[ọ*ọ̀]	11807
0.1	1	[ọ*ọ̄]	11805
0.1	1	[ọ*ụ]	11800
0.1	1	[ọ*à]	11790
0.0909091	1	[m*ny]	10276
0.0833333	1	[ụ*ọ̀]	12319
0.0833333	1	[ụ*ụ̄]	12305
0.0833333	1	[ụ*ụ̀]	12303
0.0714286	2	[e*è]	3611
0.0689655	2	[a*ā]	6148
0.0625	1	[n*m̀]	4143
0.0625	1	[i*ə]	2614
0.0625	1	[i*ị̄]	2594
0.0625	1	[i*è]	2587
0.0625	1	[i*ì]	2579
0.0625	1	[i*ị]	2571
0.0357143	1	[e*ē]	3627
0.0357143	1	[e*ị̀]	3622
0.0357143	1	[e*ì]	3603
0.0357143	1	[-e]	3584

5.4543,7.0247	5.5834,7.05
1	1	[Ị*ụ]	51224
1	1	[Ch*ch]	49710
1	1	[A*E]	45145
1	1	[?*.]	40012
1	1	[.*!]	38913
0.5	1	[E*ē]	45611
0.5	1	[-E]	45568
0.5	1	[+o]	35
0.5	1	[+a]	12
0.333333	1	[s*ch]	33838
0.333333	1	[s*sh]	33837
0.333333	1	[s*j]	33810
0.333333	1	[t*kw]	21022
0.25	1	[-kw]	15360
0.222222	2	[ọ*ọ̀]	11807
0.2	1	[b*t]	14377
0.2	1	[-b]	14336
0.2	1	[k*kw]	11294
0.142857	3	[i*ị]	2571
0.142857	3	[i*e]	2567
0.142857	1	[r*n]	18952
0.125	1	[h*sh]	3117
0.125	1	[h*l]	3112
0.111111	1	[ọ*ụ]	11800
0.111111	1	[ị*ị̄]	5666
0.111111	1	[ị*ụ̄]	5649
0.111111	1	[ị*à]	5646
0.1	3	[e*è]	3611
0.1	1	[u*ụ̄]	25617
0.1	1	[u*ụ̀]	25615
0.0833333	1	[ụ*ọ̀]	12319
0.0833333	1	[ụ*ụ̀]	12303
0.0555556	1	[n*m̀]	4143
0.0555556	1	[n*d]	4121
0.0555556	1	[n*ǹ]	4117
0.047619	1	[i*ị̄]	2594
0.047619	1	[i*è]	2587
0.047619	1	[i*ì]	2579
0.04	1	[a*ụ]	6168
0.04	1	[a*à]	6158
0.04	1	[a*ā]	6148
0.0333333	1	[e*Ị]	3684
0.0333333	1	[-e]	3584

5.4543,7.0247	5.6027,7.322
1	1	[E*ē]	45611
1	1	[A*ị̀]	45094
1	1	[?*ọ̄]	39965
1	1	[kp*gb]	13361
0.285714	2	[ọ*ọ̀]	11807
0.25	1	[b*t]	14377
0.25	1	[w*l]	8232
0.25	1	[+ù]	42
0.25	1	[+m]	20
0.25	1	[+ụ̀]	15
0.25	1	[+a]	12
0.2	1	[d*n]	12808
0.166667	1	[u*ụ̄]	25617
0.166667	1	[h*ny]	3108
0.166667	1	[h*m]	3092
0.142857	2	[e*è]	3611
0.142857	1	[ụ*ụ̄]	12305
0.142857	1	[ụ*ụ̀]	12303
0.142857	1	[ị*ị̄]	5666
0.142857	1	[ị*ụ̄]	5649
0.142857	1	[ị*h]	5638
0.0909091	1	[i*ə]	2614
0.0909091	1	[i*ī]	2611
0.0909091	1	[i*ị̀]	2598
0.0909091	1	[i*ị̄]	2594
0.0909091	1	[i*è]	2587
0.0909091	1	[i*ị]	2571
0.0769231	1	[n*m̀]	4143
0.0769231	1	[n*d]	4121
0.0714286	1	[-e]	3584
0.04	1	[a*ā]	6148

5.4543,7.0247	5.664,7.012
1	1	[Ị*ụ]	51224
1	1	[-E]	45568
1	1	[A*ē]	45099
1	1	[?*.]	40012
1	1	[t*l]	21032
1	1	[+a]	12
0.5	2	[j*n]	9224
0.5	1	[s*sh]	33837
0.5	1	[s*j]	33810
0.333333	2	[ị*ị̄]	5666
0.333333	1	[r*n]	18952
0.25	1	[b*t]	14377
0.25	1	[d*k]	12822
0.25	1	[d*n]	12808
0.25	1	[ọ*ọ̄]	11805
0.25	1	[ọ*ụ̀]	11791
0.222222	2	[m*ny]	10276
0.142857	1	[ụ*ọ̄]	12317
0.142857	1	[ụ*ụ̄]	12305
0.142857	1	[ụ*ụ̀]	12303
0.133333	2	[i*ị]	2571
0.0952381	2	[e*è]	3611
0.0909091	1	[n*m̀]	4143
0.0909091	1	[n*d]	4121
0.0666667	1	[i*ù]	2602
0.0666667	1	[i*ị̄]	2594
0.0666667	1	[i*è]	2587
0.0666667	1	[i*ì]	2579
0.047619	1	[a*ụ]	6168
0.047619	1	[a*à]	6158
0.047619	1	[e*ị̀]	3622

5.4543,7.0247	5.71795,7.08217
1	1	[?*m]	39956
1	1	[j*n]	9224
1	1	[,*ò]	1086
0.6	3	[ụ*ụ̄]	12305
0.5	1	[d*k]	12822
0.5	1	[+kw]	30
0.5	1	[+i]	5
0.333333	1	[u*ù]	25642
0.333333	1	[u*e]	25607
0.333333	1	[nw*gw]	22591
0.333333	1	[-b]	14336
0.333333	1	[i*ị]	2571
0.25	1	[h*hw]	3124
0.2	1	[ụ*ụ̀]	12303
0.166667	1	[m*m̄]	10272
0.166667	1	[m*n]	10248
0.142857	2	[e*è]	3611
0.0833333	1	[a*ọ̀]	6175
0.0833333	1	[n*m̀]	4143
0.0833333	1	[n*d]	4121
0.0714286	1	[e*ọ]	3607

5.4543,7.0247	5.72517,7.13325
1	1	[Ị*ā]	51204
1	1	[?*ụ]	39960
1	1	[s*j]	33810
1	1	[kp*gb]	13361
0.5	1	[E*ē]	45611
0.5	1	[-E]	45568
0.4	2	[u*ụ̄]	25617
0.333333	1	[r*n]	18952
0.333333	1	[ny*j]	18450
0.333333	1	[d*n]	12808
0.25	1	[-b]	14336
0.25	1	[w*th]	8250
0.25	1	[+ǹ]	21
0.25	1	[+ì]	19
0.25	1	[+a]	12
0.25	1	[+e]	7
0.222222	2	[ụ*ụ̄]	12305
0.2	1	[k*g]	11274
0.166667	1	[o*ō]	17973
0.166667	1	[ọ*ọ̄]	11805
0.166667	1	[ị*ị̄]	5666
0.166667	1	[ị*ụ̄]	5649
0.142857	1	[h*nw]	3116
0.111111	1	[ụ*ọ]	12311
0.111111	1	[ụ*ụ̀]	12303
0.0909091	1	[n*m̀]	4143
0.0769231	1	[i*ə]	2614
0.0769231	1	[i*ị̄]	2594
0.0769231	1	[i*è]	2587
0.0769231	1	[i*ị]	2571
0.0769231	1	[i*ā]	2564
0.0588235	1	[e*ì]	3603
0.0357143	1	[a*à]	6158
0.0357143	1	[a*ā]	6148

5.4829,7.0337	5.3999,7.0167
1	1	[.*m̄]	38944
1	1	[hw*k]	26646
1	1	[ị̀*i]	19461
1	1	[!*h]	518
0.5	1	[f*s]	16962
0.5	1	[ọ̀*ọ]	15895
0.5	1	[ụ̀*ụ]	7704
0.5	1	[ụ̀*ọ]	7703
0.4	2	[ọ*ọ̄]	11805
0.333333	1	[kw*nw]	15404
0.333333	1	[d*b]	12828
0.333333	1	[d*n]	12808
0.333333	1	[ì*ị̀]	9766
0.333333	1	[ì*i]	9733
0.333333	1	[ụ̄*ụ]	8728
0.333333	1	[+l]	40
0.333333	1	[+a]	12
0.333333	1	[+i]	5
0.25	1	[ē*ō]	22069
0.25	1	[ē*à]	22030
0.25	1	[ị*e]	5639
0.2	1	[ụ*ọ]	12311
0.2	1	[ụ*a]	12300
0.2	1	[ọ*ọ̀]	11807
0.2	1	[h*a]	3084
0.166667	1	[i*ī]	2611
0.166667	1	[i*ọ̀]	2591
0.153846	2	[a*à]	6158
0.142857	1	[è*e]	13831
0.125	1	[m*m̀]	10287
0.0833333	1	[à*ny]	7204
0.0666667	1	[e*è]	3611

5.4829,7.0337	5.4244,7.1967
1	1	[?*–]	40058
1	1	[ō*o]	27171
1	1	[hw*h]	26630
1	1	[ī*i]	26117
1	1	[ch*s]	23618
1	1	[ị̄*ị]	17419
1	1	[ā*e]	2055
0.666667	2	[ì*i]	9733
0.5	1	[ò*ọ́]	31821
0.5	1	[ị̀*é]	19540
0.5	1	[ny*w]	18448
0.5	1	[ọ̀*ọ]	15895
0.5	1	[-kw]	15360
0.5	1	[è*ì]	13843
0.5	1	[j*ch]	9262
0.333333	2	[ụ̀*ụ]	7704
0.333333	1	[ụ̄*ụ]	8728
0.333333	1	[ụ̄*a]	8716
0.25	1	[ē*á]	22095
0.25	1	[ē*à]	22030
0.25	1	[ē*e]	22023
0.166667	1	[ọ*ọ̀]	11807
0.166667	1	[ọ*ọ̄]	11805
0.142857	1	[ị*è]	5659
0.125	1	[r*d]	18969
0.125	1	[e*u]	3634
0.125	1	[h*nw]	3116
0.125	1	[h*m]	3092
0.111111	1	[m*m̀]	10287
0.111111	1	[m*n]	10248
0.1	1	[i*I]	2656
0.0588235	1	[à*a]	7180
0.0588235	1	[a*ọ]	6167
0.0588235	1	[a*à]	6158

5.4829,7.0337	5.4543,7.0247
1	4	[à*a]	7180
1	3	[è*e]	13831
1	2	[ọ̀*ọ]	15895
1	1	[Ị*ị]	51211
1	1	[.*?]	38990
1	1	[r̃*r]	34853
1	1	[ə*i]	27653
1	1	[ō*o]	27171
1	1	[ī*i]	26117
1	1	[m̀*n]	24072
1	1	[ù*u]	21554
1	1	[ụ̄*u]	8754
1	1	[ụ̀*ụ]	7704
0.5	1	[s*sh]	33837
0.5	1	[s*h]	33798
0.5	1	[gb*kp]	25114
0.5	1	[ē*E]	22105
0.5	1	[ē*e]	22023
0.5	1	[ị̄*ị]	17419
0.5	1	[ị̄*i]	17413
0.5	1	[ì*u]	9778
0.5	1	[ì*i]	9733
0.5	1	[ā*A]	2136
0.5	1	[ā*a]	2060
0.333333	1	[t*p]	21052
0.333333	1	[k*kw]	11294
0.2	1	[h*gw]	3135
0.166667	1	[sh*s]	23106
0.166667	1	[sh*j]	23058
0.142857	1	[kw*Nw]	15446
0.142857	1	[d*n]	12808
0.142857	1	[ị*a]	5644
0.125	1	[ọ*o]	11811
0.0769231	1	[m*s]	10306
0.0625	1	[n*r]	4133
0.0625	1	[n*d]	4121
0.0555556	1	[ụ*ọ]	12311
0.0555556	1	[ụ*a]	12300
0.0357143	1	[e*u]	3634
0.0357143	1	[e*i]	3589

5.4829,7.0337	5.4829,7.0337

5.4829,7.0337	5.522,6.923
1	1	[Ị*ì]	51219
1	1	[zh*r]	38437
1	1	[ṭ*t]	33321
1	1	[kh*k]	28694
1	1	[+a]	12
0.4	2	[ò*o]	31779
0.333333	1	[ch*f]	23585
0.333333	1	[f*ny]	16932
0.25	1	[ị̄*ị]	17419
0.25	1	[kw*g]	15370
0.2	1	[ị̀*i]	19461
0.2	1	[ụ̄*ọ̀]	8735
0.1875	3	[ụ*ụ̀]	12303
0.166667	1	[ọ̀*a]	15884
0.166667	1	[kp*k]	13334
0.142857	1	[j*d]	9241
0.125	1	[u*ụ̀]	25615
0.125	1	[d*g]	12810
0.125	1	[ụ̀*ọ]	7703
0.117647	2	[r*r̃]	19012
0.111111	1	[ì*ī]	9779
0.111111	1	[ì*ị]	9739
0.111111	1	[ì*i]	9733
0.1	1	[ny*n]	18440
0.0833333	1	[g*s]	5186
0.0833333	1	[g*n]	5128
0.0625	1	[h*ny]	3108
0.0588235	1	[r*gb]	18993
0.0588235	1	[r*sh]	18989
0.0588235	1	[r*m]	18964
0.0588235	1	[i*ī]	2611
0.0588235	1	[i*ị̄]	2594
0.0588235	1	[i*è]	2587
0.0588235	1	[i*ì]	2579
0.0555556	3	[a*à]	6158
0.0434783	1	[è*ē]	13867
0.0434783	1	[è*e]	13831
0.0416667	1	[e*è]	3611
0.0416667	1	[e*i]	3589
0.0384615	1	[m*sh]	10285
0.0384615	1	[m*r]	10277
0.0384615	1	[m*m̄]	10272
0.0227273	1	[à*a]	7180
0.0227273	1	[à*ị]	7179
0.0227273	1	[à*ā]	7172
0.0185185	1	[a*ọ]	6167

5.4829,7.0337	5.5832,7.05
1	1	[+ò]	62
0.5	2	[kw*gw]	15423
0.5	1	[f*ny]	16932
0.333333	1	[ị̄*ị]	17419
0.333333	1	[ǹ*n]	10760
0.2	1	[ō*ọ̄]	27165
0.142857	1	[ị̀*i]	19461
0.133333	2	[ụ*u]	12338
0.125	1	[ī*o]	26147
0.125	1	[ī*ụ̀]	26127
0.125	1	[gb*l]	25128
0.111111	1	[sh*j]	23058
0.0909091	1	[u*ụ̄]	25617
0.0909091	1	[ā*a]	2060
0.0882353	3	[a*à]	6158
0.0769231	1	[o*ò]	17982
0.0714286	1	[k*gw]	11327
0.0714286	1	[k*kw]	11294
0.0666667	1	[ē*e]	22023
0.0666667	1	[ụ*ụ̀]	12303
0.0625	1	[r*r̃]	19012
0.0526316	1	[i*ì]	2579
0.0526316	1	[i*e]	2567
0.047619	1	[ị*ị̀]	5670
0.047619	1	[ị*ị̄]	5666
0.047619	1	[ị*à]	5646
0.0384615	1	[e*ē]	3627
0.0384615	1	[e*è]	3611
0.037037	1	[è*e]	13831
0.0357143	1	[n*d]	4121
0.0294118	1	[à*a]	7180
0.0294118	1	[à*ā]	7172
0.0294118	1	[a*ā]	6148

5.4829,7.0337	5.5834,7.05
1	1	[ǝ*ì]	80915
1	1	[hw*h]	26630
0.5	1	[ò*O]	31834
0.5	1	[ò*o]	31779
0.333333	1	[gb*kw]	25118
0.333333	1	[ù*ụ̄]	21521
0.25	1	[ị̄*ī]	17459
0.25	1	[ị̄*ụ̄]	17425
0.25	1	[kw*n]	15368
0.25	1	[ǹ*n]	10760
0.25	1	[ì*u]	9778
0.2	1	[u*ụ̀]	25615
0.2	1	[j*d]	9241
0.166667	1	[ọ̀*ò]	15934
0.166667	1	[ọ̀*ọ]	15895
0.142857	1	[ī*o]	26147
0.142857	1	[ī*ụ]	26136
0.142857	1	[ī*ì]	26131
0.142857	1	[ē*è]	22043
0.142857	1	[ị̀*i]	19461
0.125	3	[è*e]	13831
0.125	1	[o*ò]	17982
0.125	1	[ā*E]	2137
0.111111	1	[sh*hw]	23092
0.111111	1	[sh*j]	23058
0.111111	1	[d*sh]	12845
0.1	1	[ụ̀*ọ̀]	7711
0.1	1	[ụ̀*ụ]	7704
0.1	1	[ụ̀*ọ]	7703
0.1	1	[ụ̀*h]	7686
0.1	1	[ị*i]	5637
0.0952381	2	[ụ*u]	12338
0.0952381	2	[e*è]	3611
0.0909091	1	[g*gb]	5169
0.0909091	1	[g*nw]	5164
0.0769231	2	[a*ọ]	6167
0.0769231	2	[a*à]	6158
0.0740741	2	[à*a]	7180
0.0714286	1	[r*r̃]	19012
0.0714286	1	[r*m]	18964
0.0714286	1	[r*n]	18952
0.0714286	1	[h*a]	3084
0.0555556	1	[m*sh]	10285
0.0555556	1	[m*j]	10258
0.0555556	1	[-m]	10240
0.0555556	1	[n*r]	4133
0.0555556	1	[n*d]	4121
0.047619	1	[ụ*a]	12300
0.047619	1	[-ụ]	12288
0.047619	1	[e*ụ̀]	3599
0.0454545	1	[i*E]	2649
0.0454545	1	[i*ị̄]	2594
0.0454545	1	[i*è]	2587
0.0454545	1	[i*ị]	2571
0.0454545	1	[i*e]	2567
0.0454545	1	[i*ā]	2564
0.0416667	1	[è*u]	13874
0.037037	1	[à*j]	7186
0.037037	1	[à*ā]	7172

5.4829,7.0337	5.6027,7.322
1	1	[.*ọ̄]	38941
1	1	[hw*h]	26630
0.5	2	[+à]	14
0.5	1	[sh*s]	23106
0.5	1	[ụ̄*à]	8718
0.333333	1	[ē*ā]	22020
0.333333	1	[ny*y]	18435
0.333333	1	[ị̄*ụ̄]	17425
0.333333	1	[ị̄*i]	17413
0.25	1	[ī*è]	26139
0.25	1	[ī*ụ]	26136
0.25	1	[ọ̀*ò]	15934
0.25	1	[+m]	20
0.25	1	[+e]	7
0.2	1	[ị̀*ị]	19467
0.2	1	[ị̀*i]	19461
0.2	1	[ā*ị̀]	2086
0.153846	2	[ụ*ụ̀]	12303
0.142857	1	[gb*l]	25128
0.142857	1	[d*sh]	12845
0.142857	1	[k*n]	11272
0.142857	1	[ị*ị̀]	5670
0.111111	1	[r*n]	18952
0.111111	1	[r*y]	18947
0.111111	1	[i*ī]	2611
0.111111	1	[i*ị̀]	2598
0.111111	1	[i*ị̄]	2594
0.0909091	1	[n*r]	4133
0.0769231	1	[è*ụ̀]	13839
0.0769231	1	[è*e]	13831
0.0769231	1	[ụ*a]	12300
0.0666667	1	[a*ọ]	6167
0.0666667	1	[a*à]	6158
0.0588235	1	[e*u]	3634
0.0588235	1	[e*ē]	3627
0.04	1	[à*ā]	7172

5.4829,7.0337	5.664,7.012
1	1	[s*sh]	33837
0.5	2	[ny*y]	18435
0.5	1	[ị̀*i]	19461
0.5	1	[ị̄*ì]	17427
0.5	1	[m̄*m]	16404
0.5	1	[kw*n]	15368
0.5	1	[-kw]	15360
0.25	1	[ī*ụ]	26136
0.25	1	[ī*ì]	26131
0.25	1	[sh*j]	23058
0.25	1	[ù*u]	21554
0.2	1	[gb*k]	25110
0.2	1	[gb*m]	25108
0.2	1	[d*k]	12822
0.2	1	[ọ*ọ̀]	11807
0.2	1	[ụ̀*ọ]	7703
0.2	1	[ụ̀*h]	7686
0.2	1	[ā*ē]	2091
0.166667	1	[o*ò]	17982
0.125	1	[r*r̃]	19012
0.125	1	[ị*ị̄]	5666
0.125	1	[ị*i]	5637
0.111111	2	[e*è]	3611
0.1	1	[h*nw]	3116
0.1	1	[h*a]	3084
0.1	1	[h*n]	3080
0.0909091	2	[a*à]	6158
0.0909091	1	[ụ*a]	12300
0.0909091	1	[-ụ]	12288
0.0833333	1	[è*e]	13831
0.0714286	1	[m*sh]	10285
0.0714286	1	[-m]	10240
0.0714286	1	[i*ọ̀]	2591
0.0714286	1	[i*ì]	2579
0.0714286	1	[i*ị]	2571
0.0454545	1	[à*gb]	7217
0.0454545	1	[à*ā]	7172
0.0454545	1	[a*ọ]	6167

5.4829,7.0337	5.71795,7.08217
1	1	[.*m]	38932
1	1	[hw*h]	26630
1	1	[ī*ì]	26131
1	1	[ù*u]	21554
1	1	[ị̀*i]	19461
1	1	[m̄*m]	16404
1	1	[,*ò]	1086
1	1	[+i]	5
0.5	2	[ā*a]	2060
0.5	1	[ny*y]	18435
0.5	1	[ọ̄*ọ]	14871
0.333333	1	[nw*gw]	22591
0.333333	1	[h*hw]	3124
0.25	2	[e*è]	3611
0.25	1	[o*ò]	17982
0.25	1	[d*k]	12822
0.25	1	[ọ*ọ̄]	11805
0.25	1	[g*n]	5128
0.2	1	[k*n]	11272
0.166667	1	[i*ị]	2571
0.166667	1	[i*e]	2567
0.125	1	[ụ*a]	12300
0.125	1	[m*sh]	10285
0.125	1	[m*m̄]	10272
0.125	1	[m*n]	10248
0.111111	1	[n*r]	4133
0.0714286	1	[a*ọ]	6167
0.0714286	1	[a*ā]	6148

5.4829,7.0337	5.72517,7.13325
1	1	[.*ụ]	38936
1	1	[hw*h]	26630
0.5	1	[+l]	40
0.5	1	[+ì]	19
0.333333	1	[kw*n]	15368
0.333333	1	[-kw]	15360
0.333333	1	[ǹ*n]	10760
0.25	1	[ī*ì]	26131
0.25	1	[ī*ụ̀]	26127
0.25	1	[ị̀*i]	19461
0.25	1	[ị̄*ụ̄]	17425
0.25	1	[ị̄*i]	17413
0.25	1	[d*sh]	12845
0.25	1	[j*d]	9241
0.2	1	[gb*l]	25128
0.2	1	[ụ̀*ọ̀]	7711
0.166667	1	[ny*j]	18450
0.166667	1	[ny*w]	18448
0.166667	1	[ny*y]	18435
0.166667	1	[ì*u]	9778
0.166667	1	[ā*ị̄]	2082
0.153846	2	[è*e]	13831
0.142857	1	[r*n]	18952
0.142857	1	[r*y]	18947
0.142857	1	[o*ō]	17973
0.142857	1	[ọ*ọ̄]	11805
0.125	1	[b*j]	14354
0.111111	1	[k*n]	11272
0.111111	1	[ị*è]	5659
0.1	2	[e*è]	3611
0.0833333	1	[ụ*u]	12338
0.0833333	1	[ụ*ụ̀]	12303
0.0714286	1	[i*ī]	2611
0.0714286	1	[i*u]	2610
0.0714286	1	[i*ị̄]	2594
0.0714286	1	[i*è]	2587
0.0714286	1	[i*e]	2567
0.0666667	1	[n*l]	4136
0.0666667	1	[n*r]	4133
0.05	1	[e*ē]	3627
0.05	1	[e*ụ̄]	3601
0.05	1	[e*a]	3596
0.0434783	1	[a*à]	6158
0.0357143	1	[à*a]	7180
0.0357143	1	[à*e]	7175

5.522,6.923	5.3999,7.0167
1	1	[.*m̄]	38944
1	1	[r̃*r]	34853
1	1	[kh*k]	28694
1	1	[ē*à]	22030
1	1	[l*t]	20521
1	1	[-*a]	6668
1	1	[+a]	12
0.5	1	[u*ụ̀]	25615
0.5	1	[ụ̄*ụ]	8728
0.5	1	[ụ̀*ụ]	7704
0.5	1	[ụ̀*a]	7692
0.333333	1	[sh*d]	23065
0.333333	1	[ọ̀*ụ]	15896
0.333333	1	[ọ̀*-]	15885
0.333333	1	[ì*ī]	9779
0.333333	1	[ì*i]	9733
0.25	1	[g*n]	5128
0.25	1	[y*k]	1558
0.2	1	[ọ*ọ̀]	11807
0.2	1	[w*n]	8200
0.142857	1	[è*e]	13831
0.125	1	[i*ọ̀]	2591
0.111111	1	[à*a]	7180
0.1	1	[e*è]	3611
0.1	1	[-e]	3584

5.522,6.923	5.4244,7.1967
1	1	[ò*ọ̀]	31775
1	1	[ch*g]	23562
1	1	[ị̄*ị]	17419
1	1	[ọ̀*.]	15948
0.5	3	[ị*i]	5637
0.5	2	[u*ụ̀]	25615
0.5	1	[ē*á]	22095
0.5	1	[ē*e]	22023
0.5	1	[ị̀*É]	19537
0.5	1	[ny*l]	18472
0.5	1	[ì*i]	9733
0.5	1	[ụ̄*ụ]	8728
0.5	1	[ụ̀*ọ̀]	7711
0.5	1	[ụ̀*ụ]	7704
0.333333	1	[r*d]	18969
0.25	1	[u*o]	25635
0.25	1	[kw*t]	15401
0.25	1	[h*m]	3092
0.166667	1	[y*k]	1558
0.142857	1	[-ọ]	11776
0.125	1	[i*é]	2644
0.125	1	[i*ì]	2579
0.125	1	[i*ị]	2571
0.125	1	[-i]	2560
0.0909091	1	[à*a]	7180
0.0714286	1	[e*u]	3634
0.0714286	1	[e*è]	3611
0.0714286	1	[e*h]	3590
0.0714286	1	[-e]	3584

5.522,6.923	5.4543,7.0247
1	2	[ē*e]	22023
1	2	[ā*a]	2060
1	1	[.*?]	38990
1	1	[r̃*r]	34853
1	1	[s*h]	33798
1	1	[kh*k]	28694
1	1	[ī*i]	26117
1	1	[gb*kp]	25114
1	1	[m̀*n]	24072
1	1	[ch*Ch]	23649
1	1	[l*b]	20508
1	1	[ụ̄*ụ]	8728
1	1	[à*ọ]	7191
0.5	1	[ny*m]	18452
0.5	1	[ị̄*ị]	17419
0.5	1	[ị̄*i]	17413
0.5	1	[ọ̀*.]	15948
0.5	1	[ọ̀*ụ]	15896
0.5	1	[kw*t]	15401
0.5	1	[è*e]	13831
0.5	1	[è*i]	13829
0.5	1	[ì*ị]	9739
0.5	1	[ì*i]	9733
0.333333	1	[sh*d]	23065
0.333333	1	[ụ̀*ụ]	7704
0.333333	1	[ụ̀*ọ]	7703
0.333333	1	[ụ̀*a]	7692
0.2	1	[ị*i]	5637
0.2	1	[h*gw]	3135
0.166667	1	[u*o]	25635
0.166667	1	[u*ị]	25611
0.166667	1	[g*kw]	5150
0.166667	1	[g*n]	5128
0.142857	1	[-i]	2560
0.0769231	1	[n*d]	4121
0.0769231	1	[n*g]	4106
0.0769231	1	[e*u]	3634
0.0769231	1	[e*h]	3590
0.0645161	2	[-a]	6144

5.522,6.923	5.4829,7.0337
1	2	[r̃*r]	34853
0.5	1	[m̄*m]	16404
0.333333	1	[s*g]	33802
0.333333	1	[f*ch]	16942
0.272727	3	[ụ̀*ụ]	7704
0.25	1	[ị̄*i]	17413
0.166667	1	[gb*r]	25125
0.166667	1	[ọ̀*ụ̄]	15889
0.142857	2	[o*ò]	17982
0.125	1	[sh*r]	23077
0.125	1	[sh*m]	23060
0.125	1	[d*j]	12818
0.125	1	[ì*Ị]	9828
0.125	1	[ì*i]	9733
0.111111	1	[ī*ì]	26131
0.111111	1	[ī*i]	26117
0.111111	1	[ē*è]	22043
0.111111	1	[t*ṭ]	21057
0.0909091	1	[ny*f]	18465
0.0909091	1	[ny*h]	18438
0.0909091	1	[k*kh]	11320
0.0909091	1	[k*kp]	11290
0.0909091	1	[ụ̀*u]	7730
0.0833333	1	[g*kw]	5150
0.0833333	1	[g*d]	5145
0.0769231	1	[ọ*ụ̀]	11791
0.0769231	1	[ọ*a]	11788
0.0714286	1	[r*zh]	19019
0.0714286	1	[r*m]	18964
0.0714286	1	[ị*ị̄]	5666
0.0714286	1	[ị*ì]	5651
0.0714286	1	[ị*à]	5646
0.0681818	3	[à*a]	7180
0.0625	1	[i*ị̀]	2598
0.0625	1	[i*ì]	2579
0.0625	1	[i*e]	2567
0.0526316	1	[ā*à]	2062
0.05	1	[n*ny]	4132
0.05	1	[n*g]	4106
0.0434783	1	[è*e]	13831
0.0434783	1	[è*i]	13829
0.0434783	1	[e*è]	3611
0.0416667	1	[m*r]	10277
0.0188679	1	[a*ọ̀]	6175
0.0188679	1	[a*à]	6158
0.0188679	1	[-a]	6144

5.522,6.923	5.522,6.923

5.522,6.923	5.5832,7.05
1	1	[r̃*r]	34853
0.5	1	[gw*k]	32278
0.5	1	[ī*ị̄]	26146
0.4	2	[ch*j]	23570
0.333333	1	[ọ̄*ọ]	14871
0.285714	2	[j*sh]	9261
0.214286	3	[ā*a]	2060
0.166667	1	[ọ̀*.]	15948
0.166667	1	[ụ̄*ụ]	8728
0.166667	1	[-ụ̄]	8704
0.142857	1	[sh*ch]	23086
0.142857	1	[sh*b]	23068
0.142857	1	[ù*ụ̄]	21521
0.142857	1	[ì*u]	9778
0.142857	1	[j*nw]	9260
0.142857	1	[y*ny]	1572
0.142857	1	[y*d]	1561
0.133333	2	[r*d]	18969
0.125	1	[ò*ọ̀]	31775
0.125	1	[ē*e]	22023
0.125	1	[ụ̀*ụ]	7704
0.1	1	[kw*k]	15382
0.1	1	[d*ḍ]	12961
0.1	1	[-d]	12800
0.0833333	1	[u*ū]	25648
0.0833333	1	[u*o]	25635
0.0833333	1	[u*ụ̄]	25617
0.0833333	1	[u*ụ̀]	25615
0.08	2	[h*w]	3088
0.0714286	1	[b*ch]	14382
0.0714286	1	[b*m]	14356
0.0666667	1	[r*r̃]	19012
0.0666667	1	[-r]	18944
0.0666667	1	[ị*ị̀]	5670
0.0625	1	[ọ*ọ̀]	11807
0.0416667	1	[m*r]	10277
0.0416667	1	[-i]	2560
0.04	1	[n*d]	4121
0.04	1	[-n]	4096
0.04	1	[h*k]	3094
0.04	1	[-h]	3072
0.037037	2	[a*ā]	6148
0.030303	1	[è*ē]	13867
0.030303	1	[è*e]	13831
0.025	1	[e*è]	3611
0.025	1	[e*h]	3590
0.025	1	[-e]	3584
0.0208333	1	[à*ù]	7210
0.0208333	1	[à*a]	7180
0.0185185	1	[-a]	6144

5.522,6.923	5.5834,7.05
1	1	[kh*k]	28694
1	1	[z*ḍ]	20129
0.5	2	[ụ̄*ụ]	8728
0.5	1	[r̃*ụ]	34840
0.5	1	[gw*k]	32278
0.333333	1	[ch*g]	23562
0.333333	1	[ù*ụ̀]	21519
0.25	1	[ī*ì]	26131
0.25	1	[ī*ā]	26116
0.25	1	[m̀*m]	24084
0.25	1	[sh*d]	23065
0.25	1	[kw*g]	15370
0.25	1	[ụ̄*r]	8741
0.2	1	[ny*a]	18444
0.2	1	[ọ̀*!]	15873
0.166667	1	[ò*ọ̀]	31775
0.166667	1	[ē*è]	22043
0.166667	1	[ē*e]	22023
0.142857	1	[gb*kw]	25118
0.142857	1	[gb*m]	25108
0.142857	1	[l*nw]	20524
0.142857	1	[l*t]	20521
0.142857	1	[j*sh]	9261
0.142857	1	[j*nw]	9260
0.142857	1	[j*r]	9253
0.142857	1	[ụ̀*ụ]	7704
0.142857	1	[ụ̀*a]	7692
0.142857	1	[-ụ̀]	7680
0.142857	1	[y*d]	1561
0.142857	1	[y*k]	1558
0.125	1	[d*n]	12808
0.125	1	[ā*a]	2060
0.125	1	[ā*i]	2053
0.114286	4	[à*a]	7180
0.111111	1	[r*n]	18952
0.111111	1	[-ọ]	11776
0.1	2	[è*e]	13831
0.0909091	1	[u*o]	25635
0.0833333	1	[g*d]	5145
0.0833333	1	[g*n]	5128
0.0769231	1	[b*ch]	14382
0.0769231	1	[b*m]	14356
0.0666667	1	[h*sh]	3117
0.0666667	1	[h*w]	3088
0.0588235	1	[ị*ị̀]	5670
0.0588235	1	[ị*ụ̄]	5649
0.0588235	1	[ị*a]	5644
0.047619	1	[i*ī]	2611
0.047619	1	[i*ị]	2571
0.047619	1	[-i]	2560
0.0454545	1	[n*d]	4121
0.0454545	1	[n*ụ̄]	4113
0.037037	1	[e*ụ̀]	3599
0.037037	1	[e*h]	3590
0.0285714	1	[à*ù]	7210
0.0285714	1	[à*j]	7186
0.0227273	1	[a*ụ]	6168

5.522,6.923	5.6027,7.322
1	1	[.*ọ̄]	38941
1	1	[gw*k]	32278
1	1	[kh*k]	28694
0.5	1	[kw*s]	15426
0.333333	1	[ī*ị̄]	26146
0.333333	1	[ny*y]	18435
0.333333	1	[-ụ̄]	8704
0.333333	1	[+ù]	42
0.333333	1	[+m]	20
0.333333	1	[+ụ̀]	15
0.25	1	[sh*d]	23065
0.25	1	[l*t]	20521
0.25	1	[ọ̀*.]	15948
0.2	1	[u*ū]	25648
0.2	1	[u*h]	25606
0.2	1	[ì*ī]	9779
0.166667	1	[j*nw]	9260
0.166667	1	[j*r]	9253
0.166667	1	[j*h]	9222
0.142857	1	[ụ̀*a]	7692
0.125	1	[g*d]	5145
0.1	1	[r*y]	18947
0.0909091	1	[ị*ụ̄]	5649
0.0909091	1	[h*kh]	3128
0.0714286	1	[n*g]	4106
0.0555556	1	[i*ị̀]	2598
0.0555556	1	[i*è]	2587
0.0555556	1	[i*ì]	2579
0.0526316	1	[è*ē]	13867
0.0526316	1	[è*e]	13831
0.047619	1	[e*u]	3634
0.037037	1	[à*a]	7180
0.037037	1	[à*ā]	7172
0.037037	1	[a*à]	6158

5.522,6.923	5.664,7.012
1	1	[gw*kw]	32286
1	1	[kh*k]	28694
1	1	[ch*g]	23562
0.5	1	[z*d]	19993
0.333333	1	[ī*ì]	26131
0.333333	1	[ī*ā]	26116
0.333333	1	[m̀*m]	24084
0.333333	1	[kw*l]	15400
0.25	1	[ny*a]	18444
0.25	1	[ny*y]	18435
0.25	1	[ụ̄*ụ]	8728
0.25	1	[ụ̄*ụ̀]	8719
0.25	1	[ā*a]	2060
0.2	1	[u*o]	25635
0.2	1	[gb*k]	25110
0.2	1	[gb*m]	25108
0.2	1	[sh*d]	23065
0.2	1	[ọ̀*ọ̄]	15901
0.2	1	[ụ̀*ụ]	7704
0.2	1	[ụ̀*a]	7692
0.166667	1	[l*nw]	20524
0.166667	1	[l*t]	20521
0.166667	1	[y*k]	1558
0.125	1	[j*nw]	9260
0.125	1	[j*r]	9253
0.125	1	[j*h]	9222
0.125	1	[-j]	9216
0.1	1	[-ọ]	11776
0.1	1	[h*z]	3111
0.1	1	[h*n]	3080
0.0769231	1	[g*d]	5145
0.0769231	1	[g*n]	5128
0.0714286	2	[à*ā]	7172
0.0666667	1	[è*e]	13831
0.0666667	1	[m*ny]	10276
0.0555556	1	[i*ị]	2571
0.0555556	1	[i*n]	2568
0.0357143	1	[à*gb]	7217
0.0232558	1	[a*ụ]	6168
0.0232558	1	[a*à]	6158

5.522,6.923	5.71795,7.08217
1	1	[.*m]	38932
1	1	[ò*ọ̀]	31775
1	1	[ī*ì]	26131
1	1	[ē*e]	22023
1	1	[ị̀*ụ]	19480
1	1	[ny*y]	18435
1	1	[,*ò]	1086
1	1	[+kw]	30
0.5	1	[j*nw]	9260
0.5	1	[-j]	9216
0.4	2	[ụ*ụ̄]	12305
0.333333	1	[nw*gw]	22591
0.25	1	[ụ̀*ụ]	7704
0.25	1	[ụ̀*a]	7692
0.25	1	[g*d]	5145
0.25	1	[g*n]	5128
0.2	2	[e*è]	3611
0.2	1	[h*hw]	3124
0.166667	1	[i*ị]	2571
0.166667	1	[i*n]	2568
0.166667	1	[i*e]	2567
0.142857	1	[m*m̄]	10272
0.142857	1	[m*n]	10248
0.0714286	1	[à*ọ]	7191
0.0555556	1	[a*ọ̀]	6175
0.0555556	1	[a*ā]	6148

5.522,6.923	5.72517,7.13325
1	1	[.*ụ]	38936
1	1	[kh*k]	28694
1	1	[+è]	27
0.5	1	[ị̀*ọ̄]	19485
0.4	2	[ụ̄*ụ]	8728
0.333333	1	[ī*ị̄]	26146
0.333333	1	[u*o]	25635
0.333333	1	[ny*y]	18435
0.333333	1	[ọ̄*o]	14883
0.25	1	[ò*o]	31779
0.25	1	[ò*ọ̀]	31775
0.25	1	[ọ̀*ọ]	15895
0.2	1	[sh*d]	23065
0.2	1	[ē*e]	22023
0.2	1	[kw*s]	15426
0.2	1	[kw*t]	15401
0.2	1	[-ụ̄]	8704
0.166667	1	[ụ̀*ụ]	7704
0.166667	1	[y*w]	1552
0.142857	1	[j*nw]	9260
0.142857	1	[j*r]	9253
0.142857	1	[j*ny]	9252
0.142857	1	[j*h]	9222
0.142857	1	[ā*ị̄]	2082
0.142857	1	[ā*a]	2060
0.142857	1	[ā*e]	2055
0.125	1	[r*n]	18952
0.125	1	[r*y]	18947
0.117647	2	[i*è]	2587
0.111111	1	[g*n]	5128
0.0833333	1	[ọ*ọ̀]	11807
0.0833333	1	[-ọ]	11776
0.0833333	1	[ị*ụ̄]	5649
0.0666667	1	[h*kh]	3128
0.0666667	1	[h*z]	3111
0.0588235	1	[n*g]	4106
0.0588235	1	[i*ì]	2579
0.0571429	2	[a*à]	6158
0.05	1	[è*u]	13874
0.05	1	[è*ē]	13867
0.0357143	1	[e*ụ̄]	3601
0.0357143	1	[e*h]	3590
0.0344828	1	[à*a]	7180
0.0344828	1	[à*ā]	7172

5.5832,7.05	5.3999,7.0167
1	1	[.*-]	38925
1	1	[ō*ē]	27179
1	1	[gb*l]	25128
1	1	[ụ̀*ụ]	7704
1	1	[-*a]	6668
1	1	[+l]	40
0.5	2	[ọ*ọ̀]	11807
0.5	1	[gw*nw]	32300
0.5	1	[-gw]	32256
0.5	1	[ē*ō]	22069
0.5	1	[ē*à]	22030
0.5	1	[ụ̄*ụ]	8728
0.333333	1	[ọ̀*ò]	15934
0.285714	2	[è*e]	13831
0.25	1	[ì*ē]	9771
0.25	1	[ì*i]	9733
0.25	1	[y*ny]	1572
0.2	1	[w*n]	8200
0.2	1	[h*ch]	3118
0.166667	1	[n*m]	4116
0.142857	1	[i*ì]	2579
0.111111	1	[e*ē]	3627
0.111111	1	[e*è]	3611
0.0909091	1	[à*a]	7180

5.5832,7.05	5.4244,7.1967
1	1	[-gw]	32256
1	1	[ō*Ị]	27236
1	1	[ī*i]	26117
1	1	[ē*á]	22095
1	1	[ọ̄*ọ]	14871
0.666667	2	[ọ̀*ọ]	15895
0.5	1	[-ò]	31744
0.5	1	[gb*l]	25128
0.5	1	[gb*k]	25110
0.5	1	[ị̀*ị]	19467
0.5	1	[ị̀*e]	19463
0.5	1	[ā*a]	2060
0.5	1	[ā*e]	2055
0.333333	1	[l*ny]	20516
0.333333	1	[ny*l]	18472
0.333333	1	[ny*w]	18448
0.333333	1	[d*y]	12803
0.25	1	[è*é]	13908
0.25	1	[è*e]	13831
0.25	1	[ì*i]	9733
0.25	1	[ị*i]	5637
0.2	1	[u*ụ]	25624
0.181818	2	[i*ì]	2579
0.166667	2	[ụ*u]	12338
0.166667	1	[kw*t]	15401
0.166667	1	[j*gb]	9265
0.166667	1	[j*g]	9226
0.142857	1	[h*w]	3088
0.142857	1	[h*n]	3080
0.0909091	1	[i*é]	2644
0.0909091	1	[i*ị]	2571
0.0909091	1	[-i]	2560
0.0666667	1	[n*m]	4116
0.0526316	1	[e*è]	3611
0.0526316	1	[-e]	3584

5.5832,7.05	5.4543,7.0247
1	2	[ā*a]	2060
1	1	[ə*i]	27653
1	1	[ō*o]	27171
1	1	[gb*k]	25110
1	1	[m̀*n]	24072
1	1	[ch*s]	23618
1	1	[ị̀*e]	19463
1	1	[ị̄*i]	17413
1	1	[ọ̄*ọ]	14871
1	1	[ụ̄*ụ]	8728
0.75	3	[à*a]	7180
0.666667	2	[è*e]	13831
0.5	1	[gw*Nw]	32342
0.5	1	[ē*E]	22105
0.5	1	[ē*e]	22023
0.5	1	[l*h]	20486
0.5	1	[ọ̀*ụ]	15896
0.5	1	[ọ̀*ọ]	15895
0.5	1	[ì*e]	9735
0.5	1	[ì*i]	9733
0.5	1	[j*s]	9282
0.5	1	[ụ̀*ụ]	7704
0.5	1	[ụ̀*ị]	7691
0.333333	1	[ny*m]	18452
0.333333	1	[kw*t]	15401
0.333333	1	[è*i]	13829
0.333333	1	[y*ny]	1572
0.25	1	[k*h]	11270
0.25	1	[à*ọ]	7191
0.25	1	[+E]	89
0.25	1	[+kw]	30
0.25	1	[+b]	28
0.25	1	[+e]	7
0.166667	1	[g*kw]	5150
0.111111	1	[ị*i]	5637
0.1	1	[-i]	2560
0.0909091	1	[ụ*u]	12338
0.0909091	1	[ụ*ọ]	12311
0.0909091	1	[m*s]	10306
0.0833333	2	[e*i]	3589
0.0625	1	[n*r]	4133

5.5832,7.05	5.4829,7.0337
0.5	1	[r̃*r]	34853
0.4	2	[gw*kw]	32286
0.333333	1	[ị̄*ị]	17419
0.333333	1	[kw*k]	15382
0.25	1	[ọ̄*ō]	14901
0.2	1	[gw*k]	32278
0.2	1	[ì*i]	9733
0.166667	2	[u*ụ]	25624
0.166667	1	[ụ̄*u]	8754
0.142857	1	[l*gb]	20529
0.142857	1	[ị̀*ị]	19467
0.125	1	[j*sh]	9261
0.111111	1	[ò*o]	31779
0.111111	1	[-ò]	31744
0.111111	1	[ny*f]	18465
0.0909091	1	[d*n]	12808
0.0833333	3	[à*a]	7180
0.0833333	1	[ā*à]	2062
0.0833333	1	[ā*a]	2060
0.0769231	1	[o*ī]	17971
0.0666667	1	[ē*e]	22023
0.0666667	1	[ụ̀*ī]	7731
0.0666667	1	[ụ̀*ụ]	7704
0.0555556	1	[i*ị̀]	2598
0.0526316	1	[ị*ị̄]	5666
0.037037	1	[è*e]	13831
0.037037	1	[e*ē]	3627
0.037037	1	[e*è]	3611
0.037037	1	[e*i]	3589
0.0357143	1	[n*ǹ]	4117
0.03125	1	[a*à]	6158
0.03125	1	[a*ā]	6148
0.0277778	1	[à*ị]	7179

5.5832,7.05	5.522,6.923
1	1	[ḍ*d]	82457
1	1	[.*ọ̀]	38943
1	1	[r̃*r]	34853
0.5	1	[ū*u]	24626
0.333333	2	[j*ch]	9262
0.285714	2	[sh*j]	23058
0.25	1	[ị̄*ī]	17459
0.2	1	[ch*sh]	23597
0.2	1	[ch*b]	23580
0.166667	2	[d*r]	12837
0.166667	2	[w*h]	8198
0.166667	1	[ụ̄*u]	8754
0.166667	1	[ụ̄*ù]	8746
0.153846	2	[ā*a]	2060
0.142857	1	[ù*à]	21518
0.142857	1	[ị̀*ị]	19467
0.142857	1	[ọ̀*ò]	15934
0.142857	1	[ọ̀*ọ]	15895
0.125	1	[ē*è]	22043
0.125	1	[ụ̀*u]	7730
0.125	1	[+r]	37
0.125	1	[+d]	25
0.125	1	[+ụ̄]	17
0.125	1	[+a]	12
0.125	1	[+n]	8
0.125	1	[+e]	7
0.125	1	[+h]	6
0.125	1	[+i]	5
0.111111	1	[u*ì]	25619
0.111111	1	[ny*y]	18435
0.1	1	[nw*j]	22546
0.0833333	1	[d*n]	12808
0.0833333	1	[d*y]	12803
0.0769231	1	[r*r̃]	19012
0.0769231	1	[r*m]	18964
0.0769231	1	[b*sh]	14381
0.0666667	1	[k*gw]	11327
0.0666667	1	[k*kw]	11294
0.0666667	1	[k*h]	11270
0.0625	1	[ọ*ọ̄]	11805
0.0545455	3	[a*ā]	6148
0.05	1	[o*u]	17970
0.0454545	1	[h*e]	3079
0.0416667	1	[m*b]	10268
0.04	1	[ụ*ụ̄]	12305
0.04	1	[ụ*ụ̀]	12303
0.03125	1	[è*e]	13831
0.025641	1	[e*ē]	3627
0.025641	1	[e*è]	3611
0.0181818	1	[a*à]	6158

5.5832,7.05	5.5832,7.05

5.5832,7.05	5.5834,7.05
1	1	[h̃*nw]	59948
1	1	[.*!]	38913
0.4	2	[m̀*m]	24084
0.333333	1	[r̃*n]	34824
0.333333	1	[ō*A]	27224
0.333333	1	[hw*kw]	26654
0.333333	1	[f*s]	16962
0.285714	2	[ụ̄*ụ̀]	8719
0.277778	5	[ụ̀*ụ]	7704
0.25	1	[ọ̄*ọ]	14871
0.2	1	[ù*o]	21539
0.166667	1	[ị̄*ì]	17427
0.166667	1	[ị̄*ị]	17419
0.166667	1	[ị̄*i]	17413
0.153846	2	[ā*a]	2060
0.142857	1	[ị̀*Ị]	19556
0.142857	1	[ụ̄*ụ]	8728
0.127273	7	[à*a]	7180
0.125	1	[ē*è]	22043
0.125	1	[z*ḍ]	20129
0.111111	2	[ụ̀*ụ̄]	7697
0.111111	1	[y*ny]	1572
0.1	1	[ò*Ọ]	31827
0.1	1	[ch*kp]	23578
0.0909091	1	[l*lw]	20639
0.0909091	1	[l*nw]	20524
0.0909091	1	[-l]	20480
0.0769231	1	[gb*kw]	25118
0.0769231	1	[ì*I]	9824
0.0769231	1	[ì*i]	9733
0.0769231	1	[g*nw]	5164
0.0714286	1	[sh*j]	23058
0.0714286	1	[nw*Nw]	22614
0.0697674	3	[è*e]	13831
0.0625	1	[j*g]	9226
0.0588235	1	[d*G]	12914
0.0588235	1	[d*gb]	12849
0.0588235	1	[d*n]	12808
0.0555556	1	[ọ̀*ọ]	15895
0.0555556	1	[ụ̀*ọ̀]	7711
0.0526316	2	[i*ī]	2611
0.0526316	1	[k*sh]	11309
0.0526316	1	[k*kw]	11294
0.0526316	1	[k*g]	11274
0.0465116	2	[è*i]	13829
0.0416667	1	[h*nw]	3116
0.04	1	[ị*ọ]	5655
0.04	1	[ị*à]	5646
0.04	1	[ị*i]	5637
0.04	1	[-ị]	5632
0.037037	1	[o*ò]	17982
0.0277778	1	[n*r]	4133
0.027027	1	[r*sh]	18989
0.027027	1	[r*m]	18964
0.027027	1	[r*n]	18952
0.0263158	1	[i*E]	2649
0.0263158	1	[i*o]	2595
0.0263158	1	[i*e]	2567
0.025	1	[m*j]	10258
0.0243902	1	[ụ*ọ̄]	12317
0.0243902	1	[ụ*ụ̀]	12303
0.0229885	2	[a*à]	6158
0.0181818	1	[à*ọ]	7191
0.0114943	1	[a*ọ]	6167
0.0111111	1	[e*o]	3619
0.0111111	1	[e*è]	3611
0.0111111	1	[-e]	3584

5.5832,7.05	5.6027,7.322
1	1	[ō*o]	27171
1	1	[ch*kp]	23578
1	1	[t*s]	21058
0.333333	1	[ọ̄*ọ]	14871
0.333333	1	[kp*b]	13340
0.25	1	[ò*ō]	31797
0.25	1	[ò*ọ̀]	31775
0.25	1	[ī*è]	26139
0.25	1	[ụ̄*ụ]	8728
0.25	1	[+à]	14
0.25	1	[+ị]	11
0.25	1	[+e]	7
0.25	1	[+h]	6
0.2	1	[u*ụ̀]	25615
0.2	1	[l*lw]	20639
0.2	1	[l*ny]	20516
0.2	1	[ny*y]	18435
0.2	1	[kw*s]	15426
0.142857	1	[d*n]	12808
0.125	1	[ụ̀*ụ]	7704
0.111111	2	[i*è]	2587
0.111111	1	[y*ny]	1572
0.1	1	[ị*ī]	5683
0.0909091	2	[ụ*ụ̀]	12303
0.0869565	2	[è*e]	13831
0.0833333	1	[h*kh]	3128
0.0714286	1	[n*l]	4136
0.0714286	1	[n*r]	4133
0.0666667	1	[r*n]	18952
0.0625	2	[à*a]	7180
0.0555556	1	[i*ī]	2611
0.0555556	1	[-i]	2560
0.0454545	1	[ụ*u]	12338
0.0454545	1	[ụ*ụ̄]	12305
0.0333333	1	[a*à]	6158
0.03125	1	[à*ā]	7172

5.5832,7.05	5.664,7.012
1	2	[gw*g]	32266
1	1	[?*ọ̀]	39967
1	1	[ō*è]	27163
1	1	[ch*kp]	23578
1	1	[z*d]	19993
0.5	2	[m̀*m]	24084
0.5	1	[s*sh]	33837
0.5	1	[+ụ]	24
0.5	1	[+ọ]	23
0.333333	2	[ny*y]	18435
0.333333	1	[r̃*s]	34882
0.333333	1	[r̃*r]	34853
0.333333	1	[m̄*m]	16404
0.25	1	[ù*u]	21554
0.25	1	[ù*ụ̄]	21521
0.25	1	[t*s]	21058
0.25	1	[ị̄*ì]	17427
0.25	1	[ị̄*i]	17413
0.2	1	[l*lw]	20639
0.2	1	[l*nw]	20524
0.2	1	[l*m]	20500
0.2	1	[kw*l]	15400
0.2	1	[ụ̄*ụ]	8728
0.166667	1	[ụ̀*ụ]	7704
0.166667	1	[ā*a]	2060
0.142857	2	[h*nw]	3116
0.142857	1	[ọ̀*ọ̄]	15901
0.142857	1	[d*gb]	12849
0.142857	1	[d*k]	12822
0.142857	1	[d*n]	12808
0.142857	1	[y*ny]	1572
0.125	1	[o*ō]	17973
0.125	1	[k*kw]	11294
0.125	1	[k*j]	11282
0.125	1	[j*d]	9241
0.125	1	[j*g]	9226
0.125	1	[j*n]	9224
0.0833333	1	[b*r]	14373
0.0769231	1	[ị*ị̄]	5666
0.0769231	1	[ị*a]	5644
0.0769231	1	[ị*i]	5637
0.0769231	1	[-ị]	5632
0.0714286	1	[h*z]	3111
0.0714286	1	[h*n]	3080
0.0666667	2	[à*ā]	7172
0.0625	1	[è*e]	13831
0.0588235	1	[n*ǹ]	4117
0.05	1	[i*ī]	2611
0.05	1	[i*ù]	2602
0.05	1	[i*ì]	2579
0.05	1	[i*à]	2574
0.0454545	1	[m*ny]	10276
0.0454545	1	[m*b]	10268

5.5832,7.05	5.71795,7.08217
1	1	[-gw]	32256
1	1	[ò*o]	31779
1	1	[ī*i]	26117
1	1	[ù*u]	21554
1	1	[ny*y]	18435
1	1	[ị̄*ị̀]	17446
1	1	[m̄*m]	16404
1	1	[j*n]	9224
1	1	[,*ò]	1086
0.5	1	[t*s]	21058
0.5	1	[ọ̄*ọ]	14871
0.5	1	[ā*a]	2060
0.333333	1	[u*ù]	25642
0.333333	1	[+kw]	30
0.333333	1	[+ụ]	24
0.333333	1	[+i]	5
0.272727	3	[ụ*ụ̄]	12305
0.25	1	[nw*gw]	22591
0.25	1	[o*ò]	17982
0.222222	4	[e*è]	3611
0.2	1	[d*k]	12822
0.2	1	[ọ*ọ̀]	11807
0.2	1	[h*hw]	3124
0.166667	1	[i*ọ]	2583
0.142857	2	[à*a]	7180
0.142857	1	[k*gw]	11327
0.142857	1	[k*h]	11270
0.0952381	2	[a*à]	6158
0.0909091	1	[-ụ]	12288
0.0909091	1	[m*m̄]	10272
0.0714286	1	[à*ọ]	7191
0.0714286	1	[n*r]	4133
0.0714286	1	[n*ǹ]	4117
0.0714286	1	[n*g]	4106
0.0555556	1	[-e]	3584
0.047619	1	[a*ọ̀]	6175
0.047619	1	[a*ā]	6148
0.047619	1	[-a]	6144

5.5832,7.05	5.72517,7.13325
1	1	[?*m]	39956
1	1	[ō*A]	27224
1	1	[ch*kp]	23578
0.5	1	[-gw]	32256
0.5	1	[t*s]	21058
0.333333	2	[ā*a]	2060
0.25	1	[ị̀*ì]	19475
0.25	1	[ọ̄*ọ]	14871
0.214286	3	[r*n]	18952
0.2	1	[gb*g]	25098
0.2	1	[l*lw]	20639
0.2	1	[ị̄*ị̀]	17446
0.2	1	[kw*s]	15426
0.2	1	[kw*t]	15401
0.2	1	[ì*ị̀]	9766
0.2	1	[ụ̄*ụ]	8728
0.2	1	[+l]	40
0.2	1	[+ụ]	24
0.2	1	[+ǹ]	21
0.2	1	[+ì]	19
0.2	1	[+e]	7
0.166667	1	[ò*o]	31779
0.166667	1	[-ò]	31744
0.166667	1	[ī*ē]	26155
0.166667	1	[ī*ì]	26131
0.166667	1	[ī*i]	26117
0.166667	1	[ny*w]	18448
0.166667	1	[ny*a]	18444
0.166667	1	[ny*y]	18435
0.157895	3	[i*è]	2587
0.125	1	[ọ̀*ọ]	15895
0.111111	1	[d*w]	12816
0.111111	1	[d*n]	12808
0.111111	1	[y*ny]	1572
0.0789474	3	[à*a]	7180
0.0769231	2	[ụ*ụ̄]	12305
0.0769231	1	[k*h]	11270
0.0769231	1	[h*kh]	3128
0.0769231	1	[h*z]	3111
0.0714286	1	[r*r̃]	19012
0.0588235	1	[ọ*o]	11811
0.0588235	1	[ọ*ọ̄]	11805
0.0526316	1	[i*ī]	2611
0.0526316	1	[i*ā]	2564
0.0526316	1	[-i]	2560
0.047619	1	[n*l]	4136
0.047619	1	[n*r]	4133
0.047619	1	[n*m]	4116
0.0434783	1	[è*e]	13831
0.0416667	1	[m*ny]	10276
0.0384615	1	[ụ*ụ̀]	12303
0.0384615	1	[-ụ]	12288
0.0322581	1	[e*è]	3611
0.0322581	1	[e*a]	3596
0.03125	1	[a*à]	6158
0.0263158	1	[à*j]	7186
0.0263158	1	[à*ā]	7172

5.5834,7.05	5.3999,7.0167
1	1	[A*ē]	45099
1	1	[.*m̄]	38944
1	1	[gb*g]	25098
1	1	[ụ̀*ụ]	7704
1	1	[-*a]	6668
1	1	[!*-]	525
0.5	1	[r̃*r]	34853
0.5	1	[ē*ō]	22069
0.5	1	[ē*à]	22030
0.5	1	[ụ̄*ụ]	8728
0.5	1	[ā*ị]	2059
0.375	3	[e*è]	3611
0.333333	1	[ọ̀*ò]	15934
0.333333	1	[ì*i]	9733
0.333333	1	[+l]	40
0.333333	1	[+r]	37
0.333333	1	[+a]	12
0.25	1	[u*ụ]	25624
0.25	1	[u*ụ̀]	25615
0.25	1	[ny*y]	18435
0.25	1	[d*n]	12808
0.2	1	[j*ny]	9252
0.166667	3	[a*à]	6158
0.166667	1	[ọ*ọ̀]	11807
0.166667	1	[ị*ọ̀]	5663
0.166667	1	[h*ch]	3118
0.166667	1	[h*k]	3094
0.1	1	[à*ị]	7179
0.1	1	[i*ē]	2603
0.1	1	[i*ì]	2579
0.1	1	[i*e]	2567

5.5834,7.05	5.4244,7.1967
1	1	[Ị*e]	51207
1	1	[I*ì]	49171
1	1	[O*ọ́]	46157
1	1	[A*Ị]	45156
1	1	[Ọ*ò]	42558
1	1	[r̃*r]	34853
1	1	[hw*sh]	26669
1	1	[ē*á]	22095
1	1	[ọ̄*u]	14898
1	1	[ǹ*n]	10760
1	1	[!*.]	588
1	1	[+ụ]	24
0.666667	2	[ụ̄*ụ]	8728
0.5	3	[ị*i]	5637
0.5	1	[ī*ị]	26123
0.5	1	[ī*i]	26117
0.5	1	[ị̀*É]	19537
0.5	1	[ọ̀*ọ]	15895
0.5	1	[ụ̀*u]	7730
0.5	1	[ụ̀*o]	7715
0.5	1	[ā*a]	2060
0.5	1	[ā*ị]	2059
0.333333	1	[l*ny]	20516
0.333333	1	[d*y]	12803
0.25	1	[kw*t]	15401
0.25	1	[kw*k]	15382
0.166667	1	[r*d]	18969
0.142857	1	[o*ò]	17982
0.142857	1	[-o]	17920
0.133333	2	[i*é]	2644
0.133333	2	[i*ì]	2579
0.125	1	[u*ụ]	25624
0.125	1	[u*ì]	25619
0.125	1	[u*ụ̀]	25615
0.111111	1	[ọ*ọ̄]	11805
0.1	1	[h*ụ]	3096
0.1	1	[h*w]	3088
0.1	1	[h*n]	3080
0.0833333	2	[e*è]	3611
0.0833333	1	[à*a]	7180
0.0625	1	[ụ*á]	12367
0.0625	1	[ụ*ọ̀]	12319
0.0625	1	[ụ*a]	12300
0.0416667	1	[e*i]	3589
0.0416667	1	[-e]	3584

5.5834,7.05	5.4543,7.0247
1	1	[Ị*e]	51207
1	1	[E*A]	45656
1	1	[.*?]	38990
1	1	[m̀*n]	24072
1	1	[ē*E]	22105
1	1	[l*h]	20486
1	1	[ǹ*n]	10760
1	1	[ì*i]	9733
1	1	[ā*a]	2060
1	1	[!*.]	588
0.75	3	[è*e]	13831
0.666667	2	[ọ̀*ọ]	15895
0.5	1	[ch*Ch]	23649
0.5	1	[ch*s]	23618
0.5	1	[ị̄*ị]	17419
0.5	1	[ị̄*i]	17413
0.5	1	[ụ̄*u]	8754
0.5	1	[ụ̄*ị]	8715
0.5	1	[ụ̀*u]	7730
0.5	1	[ụ̀*ụ]	7704
0.5	1	[à*a]	7180
0.5	1	[à*ị]	7179
0.333333	3	[ị*i]	5637
0.333333	1	[t*b]	21020
0.333333	1	[ọ̀*ụ]	15896
0.25	1	[è*i]	13829
0.25	1	[+E]	89
0.25	1	[+kw]	30
0.25	1	[+b]	28
0.25	1	[+e]	7
0.2	1	[kw*t]	15401
0.2	1	[kw*k]	15382
0.2	1	[j*s]	9282
0.166667	1	[sh*s]	23106
0.166667	1	[sh*h]	23046
0.142857	1	[d*n]	12808
0.111111	1	[-o]	17920
0.107143	3	[e*i]	3589
0.0769231	1	[ụ*Ị]	12388
0.0769231	1	[ụ*ọ]	12311
0.0769231	1	[ụ*a]	12300
0.0625	1	[n*r]	4133
0.0434783	1	[-a]	6144

5.5834,7.05	5.4829,7.0337
1	1	[O*ò]	46142
1	1	[r̃*r]	34853
1	1	[hw*sh]	26669
0.5	1	[E*i]	45573
0.5	1	[E*ā]	45572
0.5	1	[ò*o]	31779
0.5	1	[ò*ọ̀]	31775
0.5	1	[+ụ]	24
0.5	1	[+m]	20
0.333333	1	[gb*g]	25098
0.333333	1	[ị̄*i]	17413
0.333333	1	[ụ̄*ù]	8746
0.333333	1	[ụ̄*ị̄]	8738
0.25	2	[u*ụ]	25624
0.25	1	[kw*gb]	15409
0.2	1	[ī*ị̄]	26146
0.2	1	[ọ̀*ụ̀]	15887
0.2	1	[ì*ǝ]	9886
0.2	1	[ì*ī]	9779
0.142857	1	[nw*g]	22538
0.142857	1	[j*sh]	9261
0.142857	1	[j*m]	9236
0.142857	1	[j*à]	9230
0.136364	3	[e*è]	3611
0.133333	2	[ọ*a]	11788
0.125	1	[u*è]	25627
0.125	1	[u*ì]	25619
0.125	1	[ụ̀*u]	7730
0.125	1	[ụ̀*e]	7687
0.111111	1	[sh*d]	23065
0.111111	1	[sh*m]	23060
0.111111	1	[o*ò]	17982
0.111111	1	[o*ī]	17971
0.111111	1	[ā*à]	2062
0.111111	1	[ā*i]	2053
0.1	1	[d*j]	12818
0.1	1	[d*n]	12808
0.1	1	[ị*i]	5637
0.0833333	2	[è*e]	13831
0.0833333	1	[r*n]	18952
0.08	2	[à*a]	7180
0.0769231	2	[a*à]	6158
0.0666667	1	[ọ*ọ̀]	11807
0.0666667	1	[ọ*ụ̀]	11791
0.0666667	1	[h*hw]	3124
0.0666667	1	[h*ụ̀]	3087
0.0625	1	[m*r]	10277
0.0555556	1	[i*ị̀]	2598
0.0555556	1	[i*ị]	2571
0.0526316	1	[ụ*ī]	12339
0.0526316	1	[ụ*ụ̀]	12303
0.0526316	1	[n*r]	4133
0.0526316	1	[n*kw]	4126
0.0526316	1	[n*ǹ]	4117
0.0454545	1	[e*i]	3589
0.0416667	1	[è*ē]	13867
0.0416667	1	[è*i]	13829
0.0384615	1	[a*ụ]	6168
0.0384615	1	[a*h]	6150

5.5834,7.05	5.522,6.923
1	1	[ḍ*z]	82471
1	1	[!*ọ̀]	543
0.5	1	[t*l]	21032
0.333333	1	[ī*i]	26117
0.333333	1	[ch*b]	23580
0.333333	1	[ù*à]	21518
0.333333	1	[ụ̄*ị]	8715
0.333333	1	[ụ̄*n]	8712
0.333333	1	[+ọ]	23
0.333333	1	[+ụ̀]	15
0.333333	1	[+i]	5
0.25	1	[kw*gb]	15409
0.2	1	[sh*j]	23058
0.2	1	[sh*h]	23046
0.2	1	[ị̀*ị]	19467
0.2	1	[ọ̀*ò]	15934
0.2	1	[j*à]	9230
0.166667	1	[o*u]	17970
0.166667	1	[ụ̀*ù]	7722
0.166667	1	[ụ̀*e]	7687
0.142857	1	[nw*l]	22568
0.142857	1	[nw*j]	22546
0.142857	1	[w*h]	8198
0.142857	1	[ā*ī]	2099
0.133333	2	[ụ*ụ̄]	12305
0.125	1	[ì*ī]	9779
0.1	1	[r*j]	18962
0.1	1	[r*ụ̄]	18961
0.0909091	1	[d*sh]	12845
0.0909091	1	[d*g]	12810
0.0909091	1	[d*n]	12808
0.0909091	1	[d*y]	12803
0.0909091	1	[k*gw]	11327
0.0909091	1	[k*kh]	11320
0.0909091	1	[k*y]	11267
0.0833333	1	[g*ch]	5166
0.0833333	1	[g*kw]	5150
0.0784314	4	[a*à]	6158
0.0714286	2	[e*è]	3611
0.0714286	1	[h*e]	3079
0.0666667	1	[ụ*r̃]	12356
0.0666667	1	[ụ*ụ̀]	12303
0.0666667	1	[ụ*a]	12300
0.0666667	1	[ị*i]	5637
0.0526316	1	[è*ē]	13867
0.0526316	1	[i*ā]	2564
0.047619	1	[m*gb]	10289
0.047619	1	[m*m̀]	10287
0.047619	1	[m*b]	10268
0.0434783	1	[n*r]	4133
0.0434783	1	[n*d]	4121
0.0434783	1	[n*g]	4106
0.0357143	1	[e*ē]	3627
0.0196078	1	[a*ny]	6180
0.0196078	1	[a*ụ̀]	6159
0.0196078	1	[a*ị]	6155
0.0196078	1	[a*ā]	6148

5.5834,7.05	5.5832,7.05
1	1	[ḍ*z]	82471
1	1	[lw*l]	81448
1	1	[G*d]	58393
1	1	[Ị*ị̀]	51238
1	1	[I*ì]	49171
1	1	[E*i]	45573
1	1	[A*ō]	45109
1	1	[Nw*nw]	44076
1	1	[Ọ*ò]	42558
1	1	[!*.]	588
0.333333	2	[ụ̄*ụ̀]	8719
0.333333	1	[+l]	40
0.333333	1	[+ị]	11
0.333333	1	[+e]	7
0.25	1	[ọ̄*ụ]	14872
0.222222	2	[ī*i]	26117
0.153846	2	[ụ̀*ụ̄]	7697
0.142857	1	[s*f]	33825
0.142857	1	[kp*ch]	13358
0.111111	5	[ụ*ụ̀]	12303
0.1	1	[ò*o]	31779
0.1	1	[ny*y]	18435
0.0833333	1	[ì*ị̄]	9762
0.0769231	1	[gb*d]	25113
0.0769231	1	[ụ̀*ụ]	7704
0.0752688	7	[a*à]	6158
0.0714286	1	[kw*hw]	15412
0.0714286	1	[kw*gb]	15409
0.0714286	1	[kw*k]	15382
0.0714286	1	[g*k]	5142
0.0714286	1	[g*j]	5138
0.0666667	1	[sh*r]	23077
0.0666667	1	[sh*k]	23062
0.0588235	1	[nw*h̃]	22645
0.0588235	1	[nw*l]	22568
0.0588235	1	[nw*g]	22538
0.0588235	1	[nw*h]	22534
0.0588235	1	[j*sh]	9261
0.0588235	1	[j*m]	9236
0.0555556	1	[ọ̀*ụ̀]	15887
0.0526316	2	[i*è]	2587
0.047619	2	[m*m̀]	10287
0.0454545	1	[ị*ị̄]	5666
0.04	2	[à*a]	7180
0.0344828	1	[o*ù]	17962
0.0344828	1	[o*e]	17927
0.0344828	1	[o*i]	17925
0.032967	3	[e*è]	3611
0.0285714	1	[r*n]	18952
0.0263158	1	[ọ*ọ̀]	11807
0.0263158	1	[ọ*ọ̄]	11805
0.0263158	1	[ọ*à]	11790
0.0263158	1	[ọ*a]	11788
0.0263158	1	[ọ*ị]	11787
0.0263158	1	[n*r̃]	4164
0.0263158	1	[n*r]	4133
0.0263158	1	[n*d]	4121
0.0263158	1	[i*ị̄]	2594
0.0263158	1	[i*ì]	2579
0.0263158	1	[i*ị]	2571
0.025	1	[è*ē]	13867
0.025	1	[è*e]	13831
0.0238095	1	[m*r]	10277
0.0222222	1	[ụ*ụ̄]	12305
0.0215054	2	[a*ā]	6148
0.02	1	[à*ị]	7179
0.010989	1	[e*i]	3589

5.5834,7.05	5.5834,7.05

5.5834,7.05	5.6027,7.322
1	1	[E*ị̀]	45606
1	1	[Ọ*ọ̀]	42527
1	1	[.*ọ̄]	38941
1	1	[!*.]	588
0.5	1	[ō*o]	27171
0.5	1	[hw*s]	26690
0.333333	1	[ù*è]	21531
0.333333	1	[ù*ụ̄]	21521
0.333333	1	[z*ḍ]	20129
0.25	1	[s*ch]	33838
0.25	1	[s*n]	33800
0.25	1	[+ù]	42
0.25	1	[+è]	27
0.25	1	[+m]	20
0.25	1	[+ị]	11
0.230769	3	[u*ụ̀]	25615
0.2	2	[ụ̄*ụ]	8728
0.2	1	[ò*ō]	31797
0.2	1	[ị̀*ị]	19467
0.2	1	[ì*u]	9778
0.166667	1	[m̀*ì]	24083
0.153846	2	[u*ū]	25648
0.125	1	[ī*i]	26117
0.125	1	[kp*b]	13340
0.125	1	[j*gw]	9279
0.125	1	[j*t]	9257
0.125	1	[ụ̀*u]	7730
0.111111	1	[ē*e]	22023
0.111111	1	[l*ny]	20516
0.111111	1	[l*n]	20488
0.111111	1	[ị̄*i]	17413
0.0909091	2	[ị*ị̀]	5670
0.0862069	5	[a*à]	6158
0.0769231	1	[u*ụ̄]	25617
0.0769231	1	[d*b]	12828
0.0769231	1	[d*n]	12808
0.0769231	1	[g*kh]	5176
0.0714286	1	[ā*à]	2062
0.0714286	1	[ā*a]	2060
0.0689655	2	[m*m̀]	10287
0.0666667	1	[-o]	17920
0.0625	2	[i*ī]	2611
0.0612245	3	[à*a]	7180
0.0454545	1	[ị*ī]	5683
0.0454545	1	[ị*ị̄]	5666
0.0454545	1	[h*m]	3092
0.0454545	1	[h*j]	3090
0.0416667	2	[e*ē]	3627
0.0416667	2	[e*è]	3611
0.037037	1	[r*d]	18969
0.037037	1	[r*n]	18952
0.0357143	1	[ọ*ọ̀]	11807
0.0357143	1	[ọ*ụ̀]	11791
0.0357143	1	[ọ*a]	11788
0.0357143	1	[-ọ]	11776
0.03125	1	[i*è]	2587
0.03125	1	[i*ì]	2579
0.0277778	1	[n*r̃]	4164
0.0277778	1	[n*r]	4133
0.0277778	1	[n*g]	4106
0.0277778	1	[n*y]	4099
0.0263158	1	[è*i]	13829
0.0204082	1	[à*ā]	7172
0.0172414	1	[a*ā]	6148

5.5834,7.05	5.664,7.012
1	1	[ḍ*d]	82457
1	1	[Ị*ị̀]	51238
1	1	[I*ì]	49171
1	1	[O*ò]	46142
1	1	[A*è]	45083
1	1	[?*ọ̀]	39967
1	1	[gw*g]	32266
0.5	1	[E*ē]	45611
0.5	1	[E*i]	45573
0.5	1	[m̄*m]	16404
0.5	1	[+ụ]	24
0.5	1	[+a]	12
0.25	3	[ī*i]	26117
0.25	1	[z*r]	20005
0.25	1	[z*j]	19986
0.25	1	[ị̄*ị]	17419
0.2	2	[ụ̀*u]	7730
0.2	1	[r̃*nw]	34860
0.2	1	[s*sh]	33837
0.166667	1	[ch*b]	23580
0.166667	1	[ny*y]	18435
0.166667	1	[ì*e]	9735
0.133333	2	[j*n]	9224
0.111111	3	[ị*ị̄]	5666
0.1	1	[gb*kp]	25114
0.1	1	[kp*gb]	13361
0.1	1	[ụ̀*ụ]	7704
0.0851064	4	[ụ*ụ̀]	12303
0.0833333	1	[ī*e]	26119
0.0833333	1	[kw*l]	15400
0.0833333	1	[kw*k]	15382
0.0714286	1	[ọ̀*ọ̄]	15901
0.0714286	1	[ọ̀*ọ]	15895
0.0689655	2	[ọ*ọ̄]	11805
0.0666667	1	[d*k]	12822
0.0666667	1	[d*n]	12808
0.0666667	1	[j*gb]	9265
0.0666667	1	[j*r]	9253
0.0666667	1	[j*d]	9241
0.0666667	1	[j*g]	9226
0.0625	1	[w*l]	8232
0.0625	1	[ā*ọ̀]	2079
0.0588235	1	[g*kw]	5150
0.0555556	1	[o*ò]	17982
0.0555556	1	[o*ō]	17973
0.0555556	1	[o*ụ̄]	17937
0.0555556	1	[o*e]	17927
0.05	1	[b*z]	14375
0.05	1	[b*r]	14373
0.05	1	[b*m]	14356
0.05	1	[b*j]	14354
0.0454545	4	[a*à]	6158
0.0454545	1	[k*kw]	11294
0.0454545	1	[k*j]	11282
0.0454545	1	[k*g]	11274
0.0434783	1	[h*n]	3080
0.04	1	[u*ụ̄]	25617
0.04	1	[u*e]	25607
0.037037	1	[ị*ị̀]	5670
0.037037	1	[ị*i]	5637
0.0344828	1	[-ọ]	11776
0.0322581	2	[à*a]	7180
0.0322581	2	[à*ā]	7172
0.0263158	2	[e*è]	3611
0.0227273	1	[m*ny]	10276
0.0227273	1	[m*b]	10268
0.0204082	1	[n*r̃]	4164
0.0204082	1	[n*s]	4162
0.0188679	1	[i*ī]	2611
0.0188679	1	[i*ì]	2579
0.0188679	1	[i*à]	2574
0.0188679	1	[i*ị]	2571
0.0188679	1	[i*e]	2567
0.0131579	1	[e*ē]	3627
0.0131579	1	[e*ù]	3626
0.0131579	1	[e*i]	3589

5.5834,7.05	5.71795,7.08217
1	1	[.*m]	38932
1	1	[ch*ị]	23563
1	1	[m̄*m]	16404
1	1	[,*ò]	1086
0.5	2	[ā*a]	2060
0.5	1	[z*d]	19993
0.5	1	[ị̀*ụ]	19480
0.5	1	[ị̀*i]	19461
0.5	1	[ǹ*n]	10760
0.5	1	[ì*ị̀]	9766
0.5	1	[ụ̄*ụ]	8728
0.333333	2	[u*ụ]	25624
0.333333	1	[sh*h]	23046
0.333333	1	[j*n]	9224
0.333333	1	[ụ̀*e]	7687
0.25	4	[ụ*ụ̄]	12305
0.25	1	[ī*e]	26119
0.25	1	[ī*i]	26117
0.25	1	[-ọ̄]	14848
0.25	1	[g*h]	5126
0.25	1	[+kw]	30
0.25	1	[+b]	28
0.25	1	[+ụ]	24
0.25	1	[+i]	5
0.2	1	[o*ò]	17982
0.2	1	[-o]	17920
0.166667	1	[u*ù]	25642
0.166667	1	[nw*gw]	22591
0.16	4	[e*è]	3611
0.142857	1	[d*k]	12822
0.125	1	[k*gw]	11327
0.125	1	[k*n]	11272
0.111111	1	[ọ*ọ̀]	11807
0.111111	1	[ọ*ọ̄]	11805
0.111111	1	[h*hw]	3124
0.111111	1	[h*m]	3092
0.1	1	[m*m̄]	10272
0.1	1	[m*n]	10248
0.0769231	1	[i*ì]	2579
0.0769231	1	[i*e]	2567
0.0666667	1	[à*a]	7180
0.0625	2	[a*à]	6158
0.0625	1	[ụ*o]	12323
0.0526316	1	[n*l]	4136
0.0526316	1	[n*ǹ]	4117
0.04	1	[e*ọ]	3607
0.04	1	[e*i]	3589
0.03125	1	[a*ọ̀]	6175
0.03125	1	[a*ā]	6148

5.5834,7.05	5.72517,7.13325
1	1	[Ị*ì]	51219
1	1	[I*ị̀]	49190
1	1	[O*ò]	46142
1	1	[E*e]	45575
1	1	[?*m]	39956
1	1	[.*ụ]	38936
0.5	1	[z*ḍ]	20129
0.5	1	[-m̄]	16384
0.333333	1	[s*ch]	33838
0.333333	1	[s*r]	33829
0.222222	2	[ī*i]	26117
0.2	2	[sh*j]	23058
0.2	2	[+è]	27
0.2	1	[ò*o]	31779
0.2	1	[m̀*ì]	24083
0.2	1	[ù*u]	21554
0.2	1	[ù*è]	21531
0.2	1	[ị̀*ọ̄]	19485
0.2	1	[ì*u]	9778
0.2	1	[ì*ị̀]	9766
0.153846	2	[ā*a]	2060
0.153846	2	[ā*e]	2055
0.142857	1	[ē*ī]	22067
0.142857	1	[l*n]	20488
0.142857	1	[ny*j]	18450
0.142857	1	[ǹ*n]	10760
0.125	2	[ọ̀*ọ]	15895
0.125	1	[-ọ̄]	14848
0.125	1	[j*gw]	9279
0.125	1	[j*t]	9257
0.125	1	[j*z]	9255
0.111111	1	[ī*è]	26139
0.111111	1	[ị̄*a]	17420
0.111111	1	[ụ̀*ụ̄]	7697
0.1	1	[sh*h]	23046
0.1	1	[+ch]	46
0.1	1	[+l]	40
0.1	1	[+m̄]	32
0.1	1	[+ụ]	24
0.1	1	[+ǹ]	21
0.1	1	[+m]	20
0.1	1	[+ì]	19
0.1	1	[+e]	7
0.0952381	2	[r*n]	18952
0.0869565	2	[ọ*ọ̄]	11805
0.0833333	2	[h*z]	3111
0.0833333	1	[kw*nw]	15404
0.0833333	1	[kw*t]	15401
0.0833333	1	[kw*g]	15370
0.0769231	1	[d*t]	12841
0.0769231	1	[d*r]	12837
0.0769231	1	[d*w]	12816
0.0769231	1	[d*n]	12808
0.0714286	1	[g*k]	5142
0.0666667	1	[u*ụ̀]	25615
0.0666667	1	[o*ō]	17973
0.0666667	1	[-o]	17920
0.0645161	2	[ụ*ụ̄]	12305
0.0634921	4	[a*à]	6158
0.0625	3	[à*a]	7180
0.0526316	1	[ị*ị̀]	5670
0.0526316	1	[ị*m]	5652
0.05	1	[k*p]	11324
0.047619	1	[r*d]	18969
0.0434783	1	[ọ*ọ̀]	11807
0.0434783	1	[ọ*ā]	11780
0.0416667	1	[h*nw]	3116
0.0416667	1	[h*m]	3092
0.0416667	1	[h*j]	3090
0.0408163	2	[e*è]	3611
0.0384615	1	[m*ny]	10276
0.0333333	1	[è*u]	13874
0.0333333	1	[è*i]	13829
0.0322581	1	[ụ*ụ̀]	12303
0.0322581	1	[ụ*ā]	12292
0.0322581	1	[i*ī]	2611
0.0294118	1	[n*r]	4133
0.0294118	1	[n*y]	4099
0.0208333	1	[à*è]	7195
0.0208333	1	[à*ā]	7172
0.0204082	1	[e*ē]	3627
0.0204082	1	[e*ā]	3588
0.015873	1	[a*ā]	6148

5.6027,7.322	5.3999,7.0167
1	2	[ụ̀*ụ]	7704
1	1	[.*-]	38925
1	1	[ū*ụ̀]	24591
1	1	[-ù]	21504
1	1	[ị̀*ọ̀]	19487
1	1	[ọ̄*m̄]	14880
1	1	[-*a]	6668
1	1	[+r]	37
0.5	1	[ē*ō]	22069
0.5	1	[ē*à]	22030
0.5	1	[t*kw]	21022
0.5	1	[ā*à]	2062
0.333333	1	[sh*j]	23058
0.333333	1	[d*n]	12808
0.333333	1	[ụ̄*ụ]	8728
0.25	1	[y*j]	1554
0.2	1	[w*n]	8200
0.166667	1	[è*ī]	13875
0.166667	1	[è*e]	13831
0.166667	1	[-è]	13824
0.166667	1	[ọ*ọ̀]	11807
0.166667	1	[m*a]	10252
0.166667	1	[h*k]	3094
0.0909091	1	[à*ụ̄]	7185
0.0909091	1	[à*a]	7180

5.6027,7.322	5.4244,7.1967
1	1	[s*sh]	33837
1	1	[ō*o]	27171
1	1	[ī*i]	26117
1	1	[ē*á]	22095
1	1	[ù*ụ]	21528
1	1	[ā*à]	2062
0.75	3	[ụ̄*ụ]	8728
0.5	2	[ị*i]	5637
0.5	1	[ū*ụ̀]	24591
0.5	1	[ch*n]	23560
0.5	1	[l*w]	20496
0.5	1	[ị̀*ị]	19467
0.4	2	[ọ̀*ọ]	15895
0.333333	1	[ụ̀*ụ]	7704
0.333333	1	[ụ̀*ì]	7699
0.25	1	[sh*j]	23058
0.2	1	[ọ̀*ò]	15934
0.2	1	[y*j]	1554
0.142857	1	[h*g]	3082
0.142857	1	[-h]	3072
0.125	2	[-e]	3584
0.125	1	[è*ē]	13867
0.125	1	[è*e]	13831
0.125	1	[ọ*ọ̀]	11807
0.125	1	[ọ*ọ̄]	11805
0.1	1	[i*é]	2644
0.1	1	[i*ì]	2579
0.0625	1	[e*à]	3598
0.0588235	1	[à*a]	7180
0.0588235	1	[-a]	6144
0.0588235	1	[n*N]	4181
0.0588235	1	[n*k]	4118

5.6027,7.322	5.4543,7.0247
1	2	[ọ̀*ọ]	15895
1	1	[ə*i]	27653
1	1	[ī*i]	26117
1	1	[gb*kp]	25114
1	1	[m̀*n]	24072
1	1	[ē*E]	22105
1	1	[-ù]	21504
1	1	[l*w]	20496
1	1	[ọ̄*?]	14926
1	1	[ā*a]	2060
1	1	[+e]	7
0.666667	2	[è*e]	13831
0.5	1	[t*b]	21020
0.5	1	[ị̀*A]	19544
0.5	1	[ị̀*i]	19461
0.5	1	[ị̄*ị]	17419
0.5	1	[ị̄*i]	17413
0.5	1	[ụ̀*ụ]	7704
0.5	1	[-ụ̀]	7680
0.333333	1	[ny*h]	18438
0.333333	1	[è*i]	13829
0.333333	1	[ụ̄*u]	8754
0.333333	1	[ụ̄*ụ]	8728
0.333333	1	[ụ̄*ị]	8715
0.2	1	[d*n]	12808
0.2	1	[ị*i]	5637
0.2	1	[h*ị]	3083
0.1	1	[m*h]	10246
0.1	1	[-m]	10240
0.0833333	1	[n*d]	4121
0.04	1	[-a]	6144

5.6027,7.322	5.4829,7.0337
1	1	[s*sh]	33837
0.5	1	[ò*ọ̀]	31775
0.5	1	[sh*d]	23065
0.5	1	[ị̄*i]	17413
0.5	1	[ụ̄*ị̄]	8738
0.333333	1	[ī*i]	26117
0.333333	1	[u*e]	25607
0.333333	1	[ē*e]	22023
0.333333	1	[l*gb]	20529
0.333333	1	[ọ̄*.]	14924
0.285714	2	[ụ̀*ụ]	7704
0.166667	1	[ị̀*ị]	19467
0.166667	1	[ị̀*i]	19461
0.166667	1	[ị̀*ā]	19460
0.166667	1	[ā*ē]	2091
0.166667	1	[ā*à]	2062
0.142857	1	[ọ*a]	11788
0.142857	1	[ụ̀*è]	7707
0.142857	1	[ị*ị̀]	5670
0.125	1	[r*n]	18952
0.125	1	[h*hw]	3124
0.125	1	[i*ị̀]	2598
0.125	1	[i*ị̄]	2594
0.125	1	[y*r]	1573
0.125	1	[y*ny]	1572
0.0909091	1	[ụ*ī]	12339
0.0833333	1	[è*ī]	13875
0.0833333	1	[-m]	10240
0.0833333	1	[n*r]	4133
0.0833333	1	[n*k]	4118
0.0714286	2	[-à]	7168
0.0714286	1	[a*ụ]	6168
0.0588235	1	[e*è]	3611
0.0588235	1	[-e]	3584
0.0357143	1	[à*ụ̄]	7185
0.0357143	1	[à*a]	7180

5.6027,7.322	5.522,6.923
1	1	[.*ọ̀]	38943
1	1	[s*kw]	33822
1	1	[kh*h]	28678
1	1	[ū*u]	24626
1	1	[+ụ̄]	17
0.5	1	[t*l]	21032
0.5	1	[ị̀*i]	19461
0.333333	1	[ī*ì]	26131
0.333333	1	[nw*j]	22546
0.333333	1	[-ù]	21504
0.333333	1	[ọ̄*.]	14924
0.333333	1	[ụ̄*ị]	8715
0.25	1	[u*e]	25607
0.25	1	[ē*è]	22043
0.2	1	[ị̄*ī]	17459
0.2	1	[ì*i]	9733
0.166667	1	[ā*à]	2062
0.142857	1	[d*sh]	12845
0.142857	1	[d*g]	12810
0.142857	1	[-ụ̀]	7680
0.142857	1	[y*r]	1573
0.142857	1	[y*ny]	1572
0.125	1	[k*gw]	11327
0.125	1	[k*kh]	11320
0.125	1	[g*n]	5128
0.1	1	[r*j]	18962
0.0833333	1	[h*u]	3122
0.0833333	1	[h*j]	3090
0.0588235	1	[-m]	10240
0.0555556	1	[è*i]	13829
0.047619	1	[e*è]	3611
0.0384615	1	[à*a]	7180
0.0357143	1	[a*ụ̀]	6159
0.0357143	1	[a*à]	6158

5.6027,7.322	5.5832,7.05
1	1	[lw*l]	81448
1	1	[kh*h]	28678
1	1	[ō*ò]	27198
1	1	[+i]	5
0.5	1	[s*t]	33833
0.5	1	[s*kw]	33822
0.333333	1	[kp*ch]	13358
0.25	1	[l*n]	20488
0.25	1	[ụ̄*ụ]	8728
0.2	2	[ụ̀*ụ]	7704
0.2	1	[ī*ị]	26123
0.2	1	[ī*i]	26117
0.2	1	[u*ụ]	25624
0.166667	1	[ny*l]	18472
0.166667	1	[ny*y]	18435
0.166667	1	[ā*à]	2062
0.125	1	[ọ̀*ò]	15934
0.125	1	[b*kp]	14362
0.111111	1	[y*ny]	1572
0.1	1	[ụ̀*u]	7730
0.1	1	[-ị]	5632
0.0909091	1	[o*ō]	17973
0.0833333	2	[è*i]	13829
0.0833333	1	[ọ*ọ̄]	11805
0.0833333	1	[-h]	3072
0.0714286	1	[n*r]	4133
0.0714286	1	[n*d]	4121
0.0666667	2	[e*è]	3611
0.0666667	1	[r*n]	18952
0.0645161	2	[a*à]	6158
0.05	1	[ụ*ụ̄]	12305
0.05	1	[ụ*ụ̀]	12303
0.0416667	1	[è*ī]	13875
0.0333333	1	[-e]	3584
0.0322581	1	[à*a]	7180
0.0322581	1	[-à]	7168

5.6027,7.322	5.5834,7.05
1	1	[ḍ*z]	82471
1	1	[.*!]	38913
1	1	[gw*j]	32274
1	1	[kh*g]	28682
0.666667	2	[ū*u]	24626
0.5	1	[r̃*n]	34824
0.5	1	[ō*ò]	27198
0.5	1	[-ù]	21504
0.5	1	[+o]	35
0.5	1	[+ọ]	23
0.333333	1	[s*hw]	33844
0.285714	2	[m̀*m]	24084
0.285714	2	[ị̀*ị]	19467
0.272727	3	[ụ̀*u]	7730
0.25	1	[ch*s]	23618
0.2	2	[ī*i]	26117
0.2	2	[ē*e]	22023
0.166667	1	[ì*m̀]	9775
0.166667	1	[ì*i]	9733
0.142857	1	[t*j]	21010
0.142857	1	[ị̀*E]	19545
0.142857	1	[ny*l]	18472
0.142857	1	[j*h]	9222
0.111111	1	[u*ì]	25619
0.111111	1	[u*ụ̀]	25615
0.111111	1	[ị̄*ị]	17419
0.111111	1	[ọ̄*.]	14924
0.111111	1	[y*n]	1544
0.1	1	[ī*ị]	26123
0.1	1	[ụ̄*u]	8754
0.1	1	[ụ̄*ù]	8746
0.0980392	5	[à*a]	7180
0.0909091	1	[ụ̀*ọ]	7703
0.0833333	1	[d*r]	12837
0.0769231	1	[g*n]	5128
0.0714286	1	[ọ̀*Ọ]	15955
0.0714286	1	[ọ̀*ọ]	15895
0.0714286	1	[ā*à]	2062
0.0714286	1	[ā*a]	2060
0.0666667	1	[o*ō]	17973
0.0625	2	[ụ*ụ̄]	12305
0.0555556	1	[b*kp]	14362
0.0555556	1	[b*d]	14361
0.0526316	3	[a*à]	6158
0.05	1	[ị*ị̀]	5670
0.05	1	[-ị]	5632
0.047619	2	[è*e]	13831
0.0384615	1	[r*n]	18952
0.0344828	1	[m*h]	10246
0.0344828	1	[-m]	10240
0.0322581	1	[i*ī]	2611
0.0322581	1	[i*ị̄]	2594
0.0322581	1	[i*è]	2587
0.0277778	1	[n*s]	4162
0.0277778	1	[n*l]	4136
0.0277778	1	[n*r]	4133
0.0277778	1	[n*d]	4121
0.0238095	1	[è*ù]	13866
0.0238095	1	[è*i]	13829
0.0238095	1	[-è]	13824
0.0222222	1	[e*ē]	3627
0.0196078	1	[à*ā]	7172
0.0175439	1	[a*ọ]	6167
0.0175439	1	[a*ā]	6148

5.6027,7.322	5.6027,7.322

5.6027,7.322	5.664,7.012
1	1	[?*ọ̀]	39967
1	1	[gw*g]	32266
1	1	[ō*ò]	27198
0.5	2	[m̀*m]	24084
0.5	2	[ị̀*ị]	19467
0.5	1	[ū*u]	24626
0.5	1	[-ù]	21504
0.333333	1	[t*kw]	21022
0.25	1	[ị̀*ē]	19499
0.25	1	[ny*y]	18435
0.25	1	[ị̄*ị]	17419
0.2	2	[ī*i]	26117
0.2	1	[l*m]	20500
0.2	1	[ụ̄*ọ̀]	8735
0.166667	1	[ọ̄*.]	14924
0.142857	1	[ē*è]	22043
0.142857	1	[d*r]	12837
0.142857	1	[ụ̀*ụ]	7704
0.133333	2	[ọ*ọ̄]	11805
0.111111	1	[g*a]	5132
0.111111	1	[g*n]	5128
0.1	1	[ọ̀*ọ]	15895
0.0909091	1	[k*kw]	11294
0.0769231	2	[e*è]	3611
0.0714286	3	[à*ā]	7172
0.0625	1	[ị*ị̀]	5670
0.0625	1	[ị*ụ]	5656
0.0555556	1	[h*t]	3113
0.0555556	1	[h*z]	3111
0.0555556	1	[h*n]	3080
0.047619	1	[ụ*m]	12308
0.047619	1	[ụ*ụ̄]	12305
0.047619	1	[ụ*ụ̀]	12303
0.047619	1	[ụ*à]	12302
0.047619	1	[i*ì]	2579
0.0416667	1	[m*nw]	10284
0.0416667	1	[m*ny]	10276
0.0416667	1	[-m]	10240
0.04	1	[n*s]	4162
0.04	1	[n*l]	4136
0.04	1	[n*r]	4133
0.04	1	[n*ụ̀]	4111
0.037037	1	[-è]	13824
0.0294118	1	[a*à]	6158
0.0238095	1	[à*k]	7190
0.0238095	1	[-à]	7168

5.6027,7.322	5.71795,7.08217
1	1	[ị̀*ị]	19467
1	1	[,*ò]	1086
0.5	1	[zh*z]	38439
0.5	1	[zh*j]	38418
0.5	1	[u*e]	25607
0.5	1	[l*n]	20488
0.5	1	[ụ̄*ụ]	8728
0.4	2	[ụ̀*ụ]	7704
0.333333	1	[ē*e]	22023
0.333333	1	[ọ̄*m]	14868
0.25	1	[g*gb]	5169
0.25	1	[g*a]	5132
0.2	1	[nw*gw]	22591
0.2	1	[o*ò]	17982
0.2	1	[k*gw]	11327
0.2	1	[k*n]	11272
0.181818	2	[i*ī]	2611
0.142857	1	[ọ*ọ̀]	11807
0.142857	1	[ọ*ọ̄]	11805
0.125	1	[ị*ụ]	5656
0.125	1	[h*hw]	3124
0.111111	1	[ụ*ụ̀]	12303
0.0833333	1	[m*m̀]	10287
0.0833333	1	[m*nw]	10284
0.0833333	1	[m*m̄]	10272
0.0833333	1	[m*n]	10248
0.0833333	1	[-m]	10240
0.0714286	1	[n*l]	4136
0.0714286	1	[e*ọ̀]	3615
0.0714286	1	[e*ọ]	3607
0.0588235	1	[a*ọ̀]	6175
0.0555556	1	[à*kp]	7194
0.0555556	1	[à*a]	7180

5.6027,7.322	5.72517,7.13325
1	1	[gɦ*gb]	81969
1	1	[?*m]	39956
1	1	[ō*ò]	27198
1	1	[ū*u]	24626
0.5	2	[r̃*r]	34853
0.5	1	[th*f]	29729
0.5	1	[-m̄]	16384
0.333333	1	[kh*kp]	28698
0.333333	1	[kh*k]	28694
0.333333	1	[+l]	40
0.333333	1	[+r]	37
0.333333	1	[+ụ]	24
0.25	1	[zh*r]	38437
0.222222	2	[ò*o]	31779
0.166667	2	[sh*j]	23058
0.166667	1	[z*s]	20034
0.166667	1	[z*hw]	20020
0.142857	1	[gw*gb]	32305
0.142857	1	[gw*g]	32266
0.125	1	[ị̀*ị]	19467
0.111111	1	[s*ch]	33838
0.1	1	[ù*u]	21554
0.1	1	[ù*ū]	21552
0.1	1	[ù*ụ̄]	21521
0.0909091	2	[ụ̀*ụ]	7704
0.0909091	1	[ọ̄*ụ]	14872
0.0833333	2	[ē*ī]	22067
0.0833333	1	[kp*k]	13334
0.0769231	1	[ī*ē]	26155
0.0714286	1	[l*r̃]	20548
0.0714286	1	[l*th]	20538
0.0714286	1	[l*n]	20488
0.0666667	2	[h*g]	3082
0.0625	1	[ì*i]	9733
0.0625	1	[j*zh]	9291
0.0625	1	[j*z]	9255
0.0625	1	[j*kp]	9242
0.0555556	1	[d*t]	12841
0.0555556	1	[d*r]	12837
0.0555556	1	[d*g]	12810
0.0526316	1	[kw*nw]	15404
0.0526316	1	[kw*kp]	15386
0.0454545	1	[nw*l]	22568
0.0454545	1	[nw*kw]	22558
0.0454545	1	[nw*m]	22548
0.0454545	1	[ụ̀*u]	7730
0.0434783	1	[ọ̀*ọ̄]	15901
0.0434783	1	[ọ̀*ọ]	15895
0.0422535	3	[è*e]	13831
0.0416667	1	[u*ụ̄]	25617
0.0416667	1	[ē*e]	22023
0.0416667	1	[ụ̄*u]	8754
0.0416667	1	[ụ̄*ọ̀]	8735
0.0416667	1	[ụ̄*ọ]	8727
0.0416667	1	[g*gɦ]	5280
0.0416667	1	[g*k]	5142
0.037037	1	[t*kw]	21022
0.037037	1	[t*kp]	21018
0.037037	1	[-t]	20992
0.0357143	1	[w*h]	8198
0.0357143	1	[ā*a]	2060
0.0357143	1	[ā*e]	2055
0.0344828	1	[b*k]	14358
0.0344828	1	[b*j]	14354
0.0344828	1	[-b]	14336
0.0333333	1	[h*nw]	3116
0.0333333	1	[h*z]	3111
0.0322581	1	[o*ò]	17982
0.0322581	1	[o*u]	17970
0.0322581	1	[o*e]	17927
0.030303	1	[ị*m]	5652
0.030303	1	[ị*i]	5637
0.0285714	3	[à*a]	7180
0.0263158	1	[k*s]	11330
0.0254237	3	[a*à]	6158
0.0238095	1	[ọ*ọ̄]	11805
0.0238095	1	[ọ*ụ]	11800
0.0217391	2	[e*è]	3611
0.0212766	1	[m*b]	10268
0.0212766	1	[m*n]	10248
0.0172414	1	[ụ*ụ̄]	12305
0.0172414	1	[ụ*ụ̀]	12303
0.0169492	2	[a*ā]	6148
0.0169492	1	[r*r̃]	19012
0.0169492	1	[r*n]	18952
0.0166667	1	[i*ì]	2579
0.0166667	1	[i*a]	2572
0.0144928	1	[n*N]	4181
0.0144928	1	[n*nw]	4140
0.0144928	1	[n*kp]	4122
0.0144928	1	[n*m]	4116
0.0108696	1	[e*ē]	3627
0.0108696	1	[e*a]	3596
0.0108696	1	[e*i]	3589
0.0108696	1	[-e]	3584
0.00952381	1	[à*ị]	7179

5.664,7.012	5.3999,7.0167
1	1	[.*m̄]	38944
1	1	[gb*ny]	25124
1	1	[ē*à]	22030
1	1	[ọ̄*ọ]	14871
1	1	[ụ̀*ụ]	7704
1	1	[+a]	12
0.666667	2	[ụ̄*ụ]	8728
0.5	1	[r̃*r]	34853
0.5	1	[ọ̀*ọ̄]	15901
0.5	1	[-ǹ]	10752
0.5	1	[-*a]	6668
0.333333	1	[d*n]	12808
0.333333	1	[ì*i]	9733
0.333333	1	[ā*à]	2062
0.333333	1	[ā*ị]	2059
0.285714	2	[ọ*ọ̀]	11807
0.25	1	[ny*y]	18435
0.25	1	[w*n]	8200
0.25	1	[g*m]	5140
0.2	1	[ị*ọ̀]	5663
0.142857	1	[è*ē]	13867
0.111111	1	[e*è]	3611
0.111111	1	[e*a]	3596

5.664,7.012	5.4244,7.1967
1	1	[r̃*r]	34853
1	1	[ī*i]	26117
1	1	[ē*á]	22095
1	1	[ị̀*e]	19463
1	1	[-ǹ]	10752
1	1	[+ụ]	24
0.666667	2	[ụ̀*ụ]	7704
0.5	1	[ò*ọ́]	31821
0.5	1	[ù*i]	21509
0.5	1	[l*t]	20521
0.5	1	[ị̄*gb]	17457
0.5	1	[ị̄*ị]	17419
0.5	1	[ọ̀*?]	15950
0.5	1	[ọ̀*ọ]	15895
0.5	1	[ụ̄*ụ]	8728
0.5	1	[ā*à]	2062
0.5	1	[ā*ị]	2059
0.4	2	[ị*i]	5637
0.333333	1	[ụ̀*ọ̀]	7711
0.25	1	[u*o]	25635
0.25	1	[ny*l]	18472
0.25	1	[ny*a]	18444
0.25	1	[è*Ị]	13924
0.25	1	[h*ụ]	3096
0.2	1	[g*m]	5140
0.166667	1	[k*d]	11289
0.166667	1	[i*é]	2644
0.166667	1	[i*ì]	2579
0.142857	1	[ụ*á]	12367
0.142857	1	[ụ*a]	12300
0.133333	2	[n*j]	4114
0.0555556	1	[e*è]	3611
0.0555556	1	[e*a]	3596
0.0555556	1	[-e]	3584

5.664,7.012	5.4543,7.0247
1	1	[.*?]	38990
1	1	[m̀*n]	24072
1	1	[ē*A]	22104
1	1	[ù*i]	21509
1	1	[t*b]	21020
1	1	[l*t]	20521
1	1	[ị̀*e]	19463
1	1	[ì*i]	9733
1	1	[ụ̄*ụ]	8728
1	1	[à*a]	7180
1	1	[+E]	89
0.666667	2	[ị̄*ị]	17419
0.666667	2	[è*e]	13831
0.5	1	[ọ̄*ụ]	14872
0.5	1	[ọ̄*ọ]	14871
0.5	1	[ụ̀*ụ]	7704
0.5	1	[ụ̀*ọ]	7703
0.4	2	[ny*m]	18452
0.333333	2	[ị*i]	5637
0.333333	1	[ị̄*i]	17413
0.333333	1	[è*i]	13829
0.333333	1	[d*n]	12808
0.333333	1	[k*d]	11289
0.333333	1	[j*s]	9282
0.25	1	[sh*s]	23106
0.166667	1	[ụ*Ị]	12388
0.166667	1	[ụ*a]	12300
0.153846	2	[n*j]	4114
0.0769231	1	[n*r]	4133
0.0769231	1	[n*d]	4121
0.05	1	[-a]	6144

5.664,7.012	5.4829,7.0337
1	1	[r̃*r]	34853
0.5	1	[ị̄*ị]	17419
0.333333	1	[ò*o]	31779
0.333333	1	[+kw]	30
0.333333	1	[+ụ]	24
0.333333	1	[+m]	20
0.285714	2	[y*ny]	1572
0.25	1	[u*ù]	25642
0.25	1	[gb*à]	25102
0.25	1	[nw*h]	22534
0.25	1	[ē*ā]	22020
0.25	1	[j*sh]	9261
0.2	1	[sh*s]	23106
0.2	1	[sh*m]	23060
0.2	1	[ọ̀*ọ]	15895
0.2	1	[ọ̀*i]	15877
0.2	1	[ā*à]	2062
0.166667	1	[ọ*ụ̀]	11791
0.166667	1	[ọ*a]	11788
0.166667	1	[ì*ī]	9779
0.166667	1	[ì*ị̄]	9762
0.166667	1	[ì*i]	9733
0.153846	2	[è*e]	13831
0.142857	1	[ị*i]	5637
0.125	1	[k*gb]	11313
0.125	1	[k*d]	11289
0.125	1	[h*ụ̀]	3087
0.111111	1	[n*kw]	4126
0.111111	1	[n*h]	4102
0.1	1	[ụ*ī]	12339
0.0909091	2	[à*a]	7180
0.0769231	1	[i*ị̀]	2598
0.0769231	1	[i*ị]	2571
0.0714286	1	[m*gb]	10289
0.0714286	1	[m*m̄]	10272
0.0588235	1	[e*è]	3611
0.047619	1	[a*ụ]	6168
0.047619	1	[a*h]	6150

5.664,7.012	5.522,6.923
0.5	1	[t*l]	21032
0.5	1	[z*h]	19974
0.5	1	[+ọ]	23
0.5	1	[+j]	18
0.333333	2	[ā*à]	2062
0.333333	1	[ny*m]	18452
0.333333	1	[kw*gw]	15423
0.333333	1	[ọ̄*ọ̀]	14879
0.333333	1	[ì*ī]	9779
0.25	1	[gb*à]	25102
0.25	1	[ụ̀*ụ̄]	7697
0.2	1	[nw*l]	22568
0.2	1	[nw*j]	22546
0.2	1	[l*kw]	20510
0.2	1	[r*j]	18962
0.166667	1	[o*u]	17970
0.166667	1	[d*sh]	12845
0.166667	1	[d*z]	12839
0.166667	1	[d*g]	12810
0.166667	1	[ā*ī]	2099
0.166667	1	[y*ny]	1572
0.111111	1	[k*kh]	11320
0.111111	1	[k*gb]	11313
0.111111	1	[k*y]	11267
0.111111	1	[h*j]	3090
0.0909091	1	[ụ*ụ̄]	12305
0.0909091	1	[ụ*ụ̀]	12303
0.0909091	1	[ụ*a]	12300
0.0909091	1	[ị*i]	5637
0.0833333	1	[g*ch]	5166
0.0625	1	[m*gb]	10289
0.0625	1	[m*m̀]	10287
0.0588235	1	[n*g]	4106
0.0588235	1	[n*h]	4102
0.0588235	1	[n*i]	4101
0.0526316	1	[e*è]	3611
0.0384615	1	[à*a]	7180
0.0227273	1	[a*ny]	6180
0.0227273	1	[a*ụ̀]	6159
0.0227273	1	[a*ā]	6148

5.664,7.012	5.5832,7.05
1	1	[lw*l]	81448
1	1	[ō*o]	27171
1	1	[z*h]	19974
1	1	[+ị]	11
0.5	1	[ọ̄*ọ̀]	14879
0.333333	1	[s*r̃]	33860
0.333333	1	[s*t]	33833
0.333333	1	[ù*i]	21509
0.333333	1	[l*kw]	20510
0.333333	1	[ị̄*ị]	17419
0.285714	2	[ā*à]	2062
0.25	2	[y*ny]	1572
0.25	1	[kp*ch]	13358
0.25	1	[ǹ*n]	10760
0.222222	2	[nw*h]	22534
0.2	1	[ī*i]	26117
0.2	1	[kw*k]	15382
0.2	1	[ụ̄*ù]	8746
0.181818	2	[g*gw]	5183
0.166667	1	[gb*d]	25113
0.166667	1	[ny*m]	18452
0.166667	1	[ny*y]	18435
0.166667	1	[d*z]	12839
0.166667	1	[d*j]	12818
0.166667	1	[j*k]	9238
0.142857	1	[sh*s]	23106
0.142857	1	[ọ̀*?]	15950
0.142857	1	[k*d]	11289
0.142857	1	[ì*ị̄]	9762
0.142857	1	[ì*i]	9733
0.111111	1	[nw*l]	22568
0.0909091	1	[g*j]	5138
0.0833333	2	[m*m̀]	10287
0.0833333	1	[u*ù]	25642
0.0833333	1	[b*m]	14356
0.0833333	1	[-ọ]	11776
0.0666667	1	[r*r̃]	19012
0.0666667	1	[r*b]	18972
0.0625	1	[è*ō]	13877
0.0555556	1	[i*ị̄]	2594
0.0555556	1	[i*ị]	2571
0.0526316	1	[n*d]	4121
0.0526316	1	[n*j]	4114
0.0526316	1	[n*h]	4102
0.05	1	[ụ*ụ̄]	12305
0.05	1	[ụ*ụ̀]	12303
0.05	1	[-ụ]	12288
0.0416667	1	[m*l]	10280
0.0416667	1	[m*m̄]	10272
0.0344828	1	[à*i]	7173
0.0277778	1	[e*è]	3611
0.0232558	1	[a*ị]	6155
0.0232558	1	[a*ā]	6148

5.664,7.012	5.5834,7.05
1	1	[ō*o]	27171
1	1	[+ọ]	23
0.5	3	[ị̄*ị]	17419
0.363636	4	[ụ̀*ụ]	7704
0.333333	1	[z*b]	19996
0.25	2	[ọ̄*ọ]	14871
0.25	1	[ù*e]	21511
0.25	1	[ị̀*Ị]	19556
0.25	1	[ị̀*ị]	19467
0.2	1	[r̃*n]	34824
0.2	1	[s*n]	33800
0.166667	1	[ny*m]	18452
0.142857	1	[ì*I]	9824
0.142857	1	[ì*i]	9733
0.125	1	[ò*O]	31834
0.125	1	[ò*o]	31779
0.125	1	[ọ̄*ọ̀]	14879
0.125	1	[ụ̄*u]	8754
0.125	1	[ụ̄*o]	8739
0.117647	2	[ā*à]	2062
0.111111	1	[ī*i]	26117
0.111111	1	[sh*s]	23106
0.111111	1	[y*ny]	1572
0.1	1	[ē*E]	22105
0.1	1	[ē*e]	22023
0.1	1	[kp*gb]	13361
0.0909091	1	[gb*kp]	25114
0.0909091	1	[gb*j]	25106
0.0833333	1	[kw*k]	15382
0.0833333	1	[kw*g]	15370
0.0833333	1	[j*z]	9255
0.0833333	1	[j*b]	9244
0.0833333	1	[j*k]	9238
0.08	2	[u*ụ̀]	25615
0.0769231	1	[nw*r̃]	22596
0.0714286	1	[l*kw]	20510
0.0714286	1	[l*w]	20496
0.0714286	1	[ọ̀*?]	15950
0.0714286	1	[ọ̀*ā]	15876
0.0666667	1	[d*ḍ]	12961
0.0666667	1	[d*j]	12818
0.0634921	4	[à*a]	7180
0.0555556	3	[i*ī]	2611
0.0555556	1	[b*ch]	14382
0.0555556	1	[b*m]	14356
0.0540541	2	[è*e]	13831
0.0526316	1	[g*gw]	5183
0.0526316	1	[g*k]	5142
0.0526316	1	[g*j]	5138
0.047619	1	[k*kw]	11294
0.047619	1	[k*d]	11289
0.0416667	1	[ị*ị̄]	5666
0.0416667	1	[ị*i]	5637
0.0392157	2	[n*j]	4114
0.037037	1	[ọ*ọ̀]	11807
0.027027	1	[è*A]	13912
0.0229885	2	[a*à]	6158
0.0227273	1	[m*m̄]	10272
0.0227273	1	[m*b]	10268
0.0222222	1	[ụ*ụ̀]	12303
0.0222222	1	[-ụ]	12288
0.0217391	1	[r*z]	18983
0.0217391	1	[r*b]	18972
0.0217391	1	[r*j]	18962
0.0196078	1	[n*d]	4121
0.0196078	1	[n*h]	4102
0.0185185	1	[i*E]	2649
0.0185185	1	[i*ị]	2571
0.0185185	1	[i*e]	2567
0.015873	1	[à*i]	7173
0.0131579	1	[e*ī]	3635
0.0131579	1	[e*u]	3634
0.0131579	1	[e*o]	3619
0.0131579	1	[e*ì]	3603
0.0131579	1	[e*i]	3589
0.0114943	1	[-a]	6144

5.664,7.012	5.6027,7.322
1	1	[.*ọ̄]	38941
1	1	[s*n]	33800
0.5	1	[ò*ō]	31797
0.5	1	[z*h]	19974
0.5	1	[ị̀*ị]	19467
0.333333	3	[ā*à]	2062
0.333333	1	[t*h]	20998
0.333333	1	[ì*i]	9733
0.285714	2	[ọ̄*ọ]	14871
0.25	1	[ny*m]	18452
0.25	1	[+ù]	42
0.25	1	[+è]	27
0.25	1	[+m]	20
0.25	1	[+à]	14
0.2	1	[l*n]	20488
0.2	1	[ụ̄*ụ]	8728
0.166667	1	[u*ū]	25648
0.142857	1	[ē*ị̀]	22054
0.142857	1	[kw*t]	15401
0.142857	1	[kw*k]	15382
0.125	1	[nw*m]	22548
0.125	1	[ụ̀*ụ]	7704
0.125	1	[ụ̀*n]	7688
0.125	1	[g*gw]	5183
0.117647	2	[ị*ị̀]	5670
0.111111	1	[y*ny]	1572
0.0909091	2	[i*ī]	2611
0.0909091	1	[ọ̀*?]	15950
0.0909091	1	[ọ̀*ụ̄]	15889
0.0909091	1	[k*à]	11278
0.08	2	[m*m̀]	10287
0.0714286	1	[ọ*ọ̀]	11807
0.0689655	2	[è*e]	13831
0.0625	1	[r*d]	18969
0.0625	1	[r*n]	18952
0.0588235	1	[ị*ị̄]	5666
0.0526316	1	[ụ*ụ̀]	12303
0.0526316	1	[ụ*ị]	12299
0.0434783	1	[n*g]	4106
0.0434783	1	[n*h]	4102
0.04	1	[m*l]	10280
0.04	1	[m*ụ]	10264
0.0344828	1	[è*ē]	13867
0.0294118	1	[a*g]	6154
0.025641	1	[à*ụ]	7192
0.025641	1	[à*a]	7180

5.664,7.012	5.664,7.012

5.664,7.012	5.71795,7.08217
1	1	[.*m]	38932
1	1	[ū*u]	24626
1	1	[m̄*m]	16404
1	1	[,*ò]	1086
1	1	[+ị]	11
0.5	2	[ụ̄*ụ]	8728
0.5	1	[ò*o]	31779
0.5	1	[ò*è]	31771
0.5	1	[ị̄*a]	17420
0.5	1	[ị̄*ị]	17419
0.333333	1	[z*h]	19974
0.333333	1	[-ǹ]	10752
0.333333	1	[ì*i]	9733
0.25	2	[o*ò]	17982
0.25	1	[ī*i]	26117
0.25	1	[u*ù]	25642
0.25	1	[ch*t]	23593
0.25	1	[ch*j]	23570
0.25	1	[ā*a]	2060
0.142857	2	[i*ī]	2611
0.142857	1	[kw*gw]	15423
0.142857	1	[kw*d]	15385
0.125	1	[ọ̀*ọ̄]	15901
0.125	1	[kp*hw]	13364
0.125	1	[-kp]	13312
0.125	1	[ụ̀*ụ]	7704
0.111111	3	[e*è]	3611
0.111111	1	[g*j]	5138
0.111111	1	[g*n]	5128
0.111111	1	[h*hw]	3124
0.1	1	[è*à]	13838
0.1	1	[è*e]	13831
0.0833333	1	[r*m]	18964
0.0714286	1	[k*kp]	11290
0.0714286	1	[k*n]	11272
0.0714286	1	[i*e]	2567
0.0638298	3	[a*à]	6158
0.0625	1	[m*m̄]	10272
0.0625	1	[m*n]	10248
0.05	1	[n*l]	4136
0.05	1	[n*f]	4129
0.05	1	[n*m]	4116
0.0425532	2	[a*ā]	6148
0.037037	1	[e*u]	3634
0.03125	1	[à*a]	7180
0.0212766	1	[a*ọ̀]	6175

5.664,7.012	5.72517,7.13325
1	1	[.*ụ]	38936
0.5	2	[sh*j]	23058
0.5	1	[ù*ā]	21508
0.5	1	[z*h]	19974
0.5	1	[ị̀*ì]	19475
0.333333	1	[+è]	27
0.333333	1	[+ụ]	24
0.333333	1	[+e]	7
0.25	2	[ụ̀*ụ]	7704
0.25	1	[t*g]	21002
0.25	1	[ị̄*a]	17420
0.222222	2	[ọ̄*ọ]	14871
0.2	1	[-ǹ]	10752
0.2	1	[ì*ị̀]	9766
0.166667	2	[ā*à]	2062
0.166667	1	[ò*o]	31779
0.166667	1	[nw*m]	22548
0.166667	1	[l*t]	20521
0.166667	1	[l*n]	20488
0.166667	1	[ny*m]	18452
0.166667	1	[ny*a]	18444
0.142857	2	[r*n]	18952
0.142857	1	[ī*i]	26117
0.142857	1	[kp*gw]	13375
0.133333	2	[h*z]	3111
0.125	1	[kw*nw]	15404
0.125	1	[kw*d]	15385
0.111111	1	[o*ō]	17973
0.111111	1	[o*e]	17927
0.1	1	[y*ny]	1572
0.0869565	2	[i*ī]	2611
0.0833333	1	[ā*ị̄]	2082
0.0833333	1	[ā*a]	2060
0.0769231	1	[ọ̀*ọ̄]	15901
0.0769231	1	[ọ̀*m]	15892
0.0769231	1	[ọ̀*e]	15879
0.0769231	1	[g*gw]	5183
0.0769231	1	[g*m]	5140
0.0714286	1	[r*d]	18969
0.0714286	1	[ọ*ọ̀]	11807
0.0625	1	[ị*ị̄]	5666
0.05	1	[ụ*ụ̀]	12303
0.05	1	[ụ*ā]	12292
0.0434783	1	[è*A]	13912
0.0434783	1	[è*ē]	13867
0.0434783	1	[è*e]	13831
0.0434783	1	[-i]	2560
0.04	1	[m*l]	10280
0.0384615	1	[e*a]	3596
0.0333333	1	[n*h]	4102
0.0263158	1	[à*ụ]	7192
0.0263158	1	[à*j]	7186
0.0263158	1	[à*a]	7180
0.0181818	1	[a*à]	6158

5.71795,7.08217	5.3999,7.0167
1	1	[ò*,]	31746
1	1	[hw*h]	26630
1	1	[m̄*m]	16404
1	1	[ụ̀*ụ]	7704
1	1	[-*a]	6668
1	1	[+m]	20
0.5	2	[ọ*ọ̀]	11807
0.5	1	[d*n]	12808
0.5	1	[g*m]	5140
0.5	1	[h*k]	3094
0.5	1	[ā*a]	2060
0.333333	1	[ọ̀*ò]	15934
0.333333	1	[m*m̄]	10272
0.25	1	[ị*ọ̀]	5663
0.2	1	[n*a]	4108

5.71795,7.08217	5.4244,7.1967
1	2	[ā*a]	2060
1	1	[r̃*r]	34853
1	1	[ò*,]	31746
1	1	[ù*u]	21554
1	1	[ny*gb]	18481
1	1	[ị̄*ị̀]	17446
1	1	[m̄*m]	16404
1	1	[ọ̄*ọ]	14871
1	1	[+u]	50
0.5	2	[è*e]	13831
0.5	2	[ị*i]	5637
0.5	1	[u*ù]	25642
0.5	1	[ọ̀*a]	15884
0.5	1	[-kw]	15360
0.25	1	[g*m]	5140
0.2	1	[ụ*É]	12369
0.166667	1	[ọ*e]	11783
0.166667	1	[k*d]	11289
0.166667	1	[i*é]	2644
0.166667	1	[-i]	2560
0.125	1	[à*a]	7180
0.0909091	1	[n*k]	4118
0.0909091	1	[n*j]	4114
0.0833333	1	[e*u]	3634
0.0833333	1	[-e]	3584

5.71795,7.08217	5.4543,7.0247
1	3	[ụ̄*ụ]	8728
1	2	[è*e]	13831
1	1	[gw*nw]	32300
1	1	[ò*,]	31746
1	1	[hw*h]	26630
1	1	[m̀*n]	24072
1	1	[ù*u]	21554
1	1	[m̄*m]	16404
1	1	[ọ̀*a]	15884
1	1	[ụ̀*ụ]	7704
1	1	[+b]	28
0.5	1	[-kw]	15360
0.5	1	[d*n]	12808
0.333333	1	[ọ*e]	11783
0.333333	1	[-i]	2560
0.25	1	[k*d]	11289
0.25	1	[ị*i]	5637
0.2	1	[m*?]	10318
0.0833333	1	[n*m]	4116
0.0833333	1	[n*j]	4114
0.0833333	1	[e*u]	3634

5.71795,7.08217	5.4829,7.0337
1	1	[gw*nw]	32300
1	1	[hw*h]	26630
1	1	[r*n]	18952
1	1	[m̄*m]	16404
0.5	1	[ò*o]	31779
0.5	1	[ò*,]	31746
0.5	1	[u*ù]	25642
0.5	1	[ọ̄*ọ]	14871
0.333333	2	[è*e]	13831
0.333333	1	[sh*m]	23060
0.333333	1	[ì*ī]	9779
0.333333	1	[h*hw]	3124
0.333333	1	[ā*a]	2060
0.333333	1	[y*ny]	1572
0.2	1	[ọ*ọ̄]	11805
0.2	1	[ọ*a]	11788
0.2	1	[k*d]	11289
0.2	1	[ị*i]	5637
0.166667	1	[i*ị̀]	2598
0.166667	1	[-i]	2560
0.142857	1	[m*.]	10316
0.142857	1	[m*m̄]	10272
0.142857	1	[e*i]	3589
0.133333	2	[a*ā]	6148
0.0909091	1	[n*k]	4118
0.0909091	1	[n*m]	4116
0.0909091	1	[n*g]	4106
0.0666667	1	[a*ụ]	6168

5.71795,7.08217	5.522,6.923
1	1	[ò*,]	31746
1	1	[hw*h]	26630
1	1	[m̄*m]	16404
1	1	[-kw]	15360
1	1	[+j]	18
0.666667	2	[ụ̄*ụ]	8728
0.5	1	[gw*nw]	32300
0.5	1	[ì*ī]	9779
0.333333	2	[è*e]	13831
0.333333	1	[nw*j]	22546
0.333333	1	[ọ̀*ò]	15934
0.333333	1	[ọ̀*a]	15884
0.333333	1	[d*g]	12810
0.333333	1	[ā*a]	2060
0.333333	1	[y*ny]	1572
0.25	1	[ọ*à]	11790
0.2	1	[ụ*ị̀]	12326
0.2	1	[ụ*ụ̀]	12303
0.166667	1	[m*.]	10316
0.142857	1	[ị*i]	5637
0.1	1	[e*ē]	3627
0.1	1	[e*i]	3589
0.0833333	1	[n*m]	4116
0.0833333	1	[n*g]	4106
0.0833333	1	[n*i]	4101
0.0588235	1	[a*ụ̀]	6159

5.71795,7.08217	5.5832,7.05
1	1	[hw*h]	26630
1	1	[ù*u]	21554
1	1	[ị̀*ị̄]	19490
1	1	[m̄*m]	16404
0.75	3	[ụ̄*ụ]	8728
0.5	1	[s*t]	33833
0.5	1	[gw*nw]	32300
0.5	1	[gw*k]	32278
0.5	1	[ò*o]	31779
0.5	1	[ò*,]	31746
0.5	1	[-kw]	15360
0.5	1	[ā*a]	2060
0.444444	4	[è*e]	13831
0.333333	1	[u*ù]	25642
0.333333	1	[y*ny]	1572
0.25	1	[r*n]	18952
0.25	1	[o*ò]	17982
0.25	1	[ǹ*n]	10760
0.25	1	[g*n]	5128
0.25	1	[+gw]	63
0.25	1	[+ụ]	24
0.25	1	[+a]	12
0.25	1	[+e]	7
0.2	1	[ọ̀*ọ]	15895
0.2	1	[ọ̀*a]	15884
0.2	1	[h*k]	3094
0.166667	1	[k*d]	11289
0.153846	2	[à*a]	7180
0.142857	1	[ọ*ọ̄]	11805
0.142857	1	[ọ*à]	11790
0.142857	1	[ọ*i]	11781
0.142857	1	[i*ī]	2611
0.142857	1	[-i]	2560
0.125	1	[-ụ]	12288
0.105263	2	[a*à]	6158
0.0909091	1	[m*m̄]	10272
0.0833333	1	[n*j]	4114
0.0526316	1	[a*ā]	6148

5.71795,7.08217	5.5834,7.05
1	1	[hw*h]	26630
1	1	[ù*u]	21554
1	1	[ị̀*ì]	19475
1	1	[m̄*m]	16404
0.8	4	[ụ̄*ụ]	8728
0.5	1	[gw*nw]	32300
0.5	1	[gw*k]	32278
0.5	1	[ò*o]	31779
0.5	1	[ò*,]	31746
0.5	1	[ǹ*n]	10760
0.5	1	[ì*i]	9733
0.5	1	[+o]	35
0.5	1	[+ọ̄]	29
0.363636	4	[è*e]	13831
0.333333	1	[ā*a]	2060
0.25	1	[l*n]	20488
0.25	1	[o*ụ]	17944
0.25	1	[ọ̄*ọ]	14871
0.25	1	[-b]	14336
0.2	1	[ọ̀*ọ]	15895
0.2	1	[ọ̀*a]	15884
0.142857	1	[-kw]	15360
0.142857	1	[d*z]	12839
0.142857	1	[k*d]	11289
0.125	2	[ụ*u]	12338
0.125	2	[à*a]	7180
0.125	1	[ọ*e]	11783
0.111111	1	[ị*ch]	5678
0.111111	1	[h*sh]	3117
0.111111	1	[h*g]	3082
0.0909091	1	[m*.]	10316
0.0909091	1	[m*m̄]	10272
0.0909091	1	[m*h]	10246
0.0666667	1	[i*ī]	2611
0.0666667	1	[i*ị̀]	2598
0.0666667	1	[i*e]	2567
0.0666667	1	[-i]	2560
0.0645161	2	[a*ā]	6148
0.0625	1	[ụ*ị̀]	12326
0.0625	1	[ụ*ụ̄]	12305
0.0625	1	[-ụ]	12288
0.047619	1	[n*k]	4118
0.047619	1	[n*ǹ]	4117
0.047619	1	[n*m]	4116
0.047619	1	[n*j]	4114
0.0454545	1	[e*ī]	3635
0.0454545	1	[e*ụ̀]	3599
0.0454545	1	[e*i]	3589
0.0322581	1	[a*à]	6158

5.71795,7.08217	5.6027,7.322
1	1	[hw*h]	26630
1	1	[z*zh]	20043
1	1	[m̄*m]	16404
1	1	[+m]	20
0.5	2	[ī*i]	26117
0.5	1	[gw*nw]	32300
0.5	1	[gw*k]	32278
0.5	1	[ò*o]	31779
0.5	1	[ò*,]	31746
0.5	1	[l*n]	20488
0.5	1	[j*zh]	9291
0.333333	1	[m̀*m]	24084
0.333333	1	[ọ̄*ọ]	14871
0.25	1	[ọ̀*ọ]	15895
0.25	1	[ọ̀*a]	15884
0.25	1	[ọ̀*e]	15879
0.25	1	[ụ̀*ụ]	7704
0.2	1	[gb*g]	25098
0.2	1	[nw*m]	22548
0.2	1	[kp*à]	13326
0.166667	2	[ụ*ụ̀]	12303
0.166667	1	[ọ*e]	11783
0.125	1	[m*ọ̄]	10269
0.125	1	[ị*ị̀]	5670
0.0833333	1	[ụ*ụ̄]	12305
0.0833333	1	[ụ*ị]	12299
0.0714286	1	[e*u]	3634
0.0714286	1	[e*ē]	3627
0.0625	1	[n*l]	4136
0.0625	1	[n*k]	4118
0.0625	1	[n*m]	4116
0.0555556	1	[a*à]	6158
0.0555556	1	[a*g]	6154

5.71795,7.08217	5.664,7.012
1	1	[ù*u]	21554
1	1	[m̄*m]	16404
0.666667	2	[ò*o]	31779
0.5	1	[gw*kw]	32286
0.5	1	[f*n]	16904
0.5	1	[+kp]	26
0.5	1	[+ǹ]	21
0.4	2	[ī*i]	26117
0.4	2	[ā*a]	2060
0.333333	1	[ò*,]	31746
0.333333	1	[ọ̄*ọ̀]	14879
0.25	3	[è*e]	13831
0.25	1	[hw*kp]	26650
0.25	1	[hw*h]	26630
0.25	1	[t*ch]	21038
0.25	1	[j*ch]	9262
0.25	1	[j*g]	9226
0.2	1	[u*ū]	25648
0.2	1	[u*e]	25607
0.2	1	[l*n]	20488
0.2	1	[d*kw]	12830
0.142857	1	[o*ò]	17982
0.142857	1	[kp*k]	13334
0.125	1	[ọ̀*a]	15884
0.111111	1	[h*z]	3111
0.0909091	1	[ị*ị̄]	5666
0.0909091	1	[-ị]	5632
0.0857143	3	[à*a]	7180
0.0833333	2	[ụ*ụ̄]	12305
0.0833333	1	[è*ò]	13886
0.0769231	1	[i*ī]	2611
0.0769231	1	[i*ì]	2579
0.0555556	1	[m*.]	10316
0.0555556	1	[m*r]	10277
0.0555556	1	[m*m̄]	10272
0.0555556	1	[m*n]	10248
0.05	1	[n*k]	4118
0.05	1	[n*m]	4116
0.05	1	[n*g]	4106
0.0416667	1	[ụ*ụ̀]	12303
0.04	1	[e*è]	3611
0.04	1	[e*i]	3589
0.0285714	1	[à*è]	7195
0.0227273	1	[a*ị̄]	6178
0.0227273	1	[a*à]	6158
0.0227273	1	[a*ā]	6148

5.71795,7.08217	5.71795,7.08217

5.71795,7.08217	5.72517,7.13325
1	1	[gw*nw]	32300
1	1	[ē*ī]	22067
0.666667	2	[ī*i]	26117
0.5	1	[ò*o]	31779
0.5	1	[ò*,]	31746
0.5	1	[hw*h]	26630
0.5	1	[m̄*m]	16404
0.5	1	[j*zh]	9291
0.5	1	[+à]	14
0.5	1	[+e]	7
0.333333	1	[m̀*m]	24084
0.333333	1	[z*zh]	20043
0.333333	1	[ị̄*ī]	17459
0.285714	2	[ọ̀*ọ]	15895
0.25	2	[ụ̄*ụ]	8728
0.25	1	[ǹ*n]	10760
0.2	1	[l*w]	20496
0.2	1	[ì*i]	9733
0.181818	2	[ụ̀*ụ]	7704
0.166667	1	[gb*gɦ]	25248
0.166667	1	[gb*r]	25125
0.166667	1	[nw*m]	22548
0.166667	1	[-kw]	15360
0.142857	1	[r*n]	18952
0.142857	1	[ọ̀*a]	15884
0.142857	1	[ọ̀*e]	15879
0.142857	1	[g*gw]	5183
0.142857	1	[g*m]	5140
0.125	1	[ọ*e]	11783
0.125	1	[ụ̄*ì]	8723
0.125	1	[ā*ị̄]	2082
0.125	1	[ā*a]	2060
0.111111	1	[b*k]	14358
0.0909091	1	[k*kh]	11320
0.0769231	1	[ụ*ọ̄]	12317
0.0769231	1	[ụ*ụ̀]	12303
0.0666667	1	[o*u]	17970
0.0666667	1	[o*ụ]	17944
0.0666667	1	[è*e]	13831
0.0645161	2	[e*ē]	3627
0.0645161	2	[e*è]	3611
0.0625	1	[m*ụ]	10264
0.0625	1	[i*ì]	2579
0.0588235	2	[a*à]	6158
0.0588235	2	[a*ā]	6148
0.0526316	1	[à*a]	7180
0.0416667	1	[n*z]	4135
0.0416667	1	[n*r]	4133
0.0322581	1	[e*ụ̄]	3601

5.72517,7.13325	5.3999,7.0167
1	2	[ụ̀*ụ]	7704
1	1	[A*ē]	45099
0.666667	2	[è*e]	13831
0.5	1	[ē*ō]	22069
0.5	1	[ē*à]	22030
0.5	1	[ụ̄*ụ]	8728
0.5	1	[-*a]	6668
0.333333	1	[ny*y]	18435
0.333333	1	[ā*à]	2062
0.333333	1	[ā*ị]	2059
0.25	1	[ọ̀*ò]	15934
0.25	1	[ọ̀*ọ]	15895
0.25	1	[j*à]	9230
0.25	1	[w*n]	8200
0.2	1	[ọ*ọ̀]	11807
0.2	1	[h*k]	3094
0.181818	2	[à*a]	7180
0.142857	1	[ụ*m̄]	12320
0.111111	1	[e*è]	3611
0.0588235	1	[a*ny]	6180

5.72517,7.13325	5.4244,7.1967
1	2	[ụ̀*ụ]	7704
1	1	[A*Ị]	45156
1	1	[ò*ọ́]	31821
1	1	[th*w]	29712
1	1	[ī*ị̀]	26150
1	1	[ē*á]	22095
1	1	[-ǹ]	10752
1	1	[+u]	50
0.666667	2	[ọ̄*ọ]	14871
0.5	1	[ị̀*ì]	19475
0.4	2	[ị*i]	5637
0.333333	1	[nw*h]	22534
0.333333	1	[ny*gb]	18481
0.333333	1	[ọ̄*É]	14929
0.333333	1	[ụ̄*u]	8754
0.333333	1	[ụ̄*ụ]	8728
0.333333	1	[ā*á]	2127
0.333333	1	[ā*ị]	2059
0.333333	1	[ā*i]	2053
0.2	1	[è*ị]	13835
0.2	1	[j*b]	9244
0.166667	1	[ì*e]	9735
0.166667	1	[-ì]	9728
0.166667	1	[g*d]	5145
0.166667	1	[g*k]	5142
0.142857	2	[i*ì]	2579
0.142857	1	[u*ù]	25642
0.142857	1	[kw*gb]	15409
0.142857	1	[w*y]	8195
0.125	1	[b*m]	14356
0.1	1	[ọ*ọ̄]	11805
0.0769231	1	[m*?]	10318
0.0714286	1	[i*é]	2644
0.0526316	1	[ụ*ọ̀]	12319
0.0526316	1	[ụ*ọ]	12311
0.0526316	1	[-ụ]	12288
0.05	1	[n*r]	4133
0.05	1	[n*k]	4118
0.047619	1	[e*è]	3611
0.047619	1	[-e]	3584
0.0333333	1	[a*e]	6151

5.72517,7.13325	5.4543,7.0247
1	1	[th*w]	29712
1	1	[ə*i]	27653
1	1	[ō*o]	27171
1	1	[gb*kp]	25114
1	1	[m̀*n]	24072
1	1	[ē*E]	22105
1	1	[ọ̄*ọ]	14871
1	1	[è*i]	13829
1	1	[-ǹ]	10752
1	1	[ụ̀*ụ]	7704
1	1	[à*a]	7180
0.5	1	[ị̄*ị]	17419
0.5	1	[ị̄*i]	17413
0.5	1	[ì*e]	9735
0.5	1	[-ì]	9728
0.5	1	[+E]	89
0.5	1	[+b]	28
0.4	2	[ụ̄*u]	8754
0.4	2	[ụ̄*ụ]	8728
0.333333	1	[nw*h]	22534
0.333333	1	[j*s]	9282
0.333333	1	[j*ny]	9252
0.333333	1	[ā*Ị]	2148
0.333333	1	[ā*a]	2060
0.333333	1	[ā*i]	2053
0.2	1	[ụ̄*ị]	8715
0.2	1	[ị*i]	5637
0.2	1	[g*k]	5142
0.166667	1	[ụ*?]	12366
0.166667	1	[ọ*ụ]	11800
0.0833333	1	[n*r]	4133
0.0833333	1	[n*d]	4121
0.0588235	1	[-e]	3584
0.037037	1	[-a]	6144

5.72517,7.13325	5.4829,7.0337
1	1	[ō*o]	27171
1	1	[+kw]	30
0.333333	1	[ī*i]	26117
0.333333	1	[ọ̄*ọ]	14871
0.333333	1	[ụ̄*ị̄]	8738
0.333333	1	[ụ̄*e]	8711
0.25	1	[ē*e]	22023
0.25	1	[ị̄*i]	17413
0.25	1	[ị̄*ā]	17412
0.25	1	[ọ̀*ụ̀]	15887
0.25	1	[d*j]	12818
0.2	1	[u*ụ]	25624
0.2	1	[u*ì]	25619
0.2	1	[u*i]	25605
0.2	1	[sh*d]	23065
0.2	1	[j*ny]	9252
0.2	1	[j*b]	9244
0.166667	1	[l*gb]	20529
0.166667	1	[l*n]	20488
0.166667	1	[-l]	20480
0.166667	1	[r*n]	18952
0.166667	1	[ụ̀*ī]	7731
0.166667	1	[ụ̀*ụ]	7704
0.142857	1	[ì*ī]	9779
0.142857	1	[-ì]	9728
0.133333	2	[è*e]	13831
0.125	1	[w*ny]	8228
0.111111	1	[y*r]	1573
0.111111	1	[y*ny]	1572
0.105263	2	[e*è]	3611
0.1	1	[h*hw]	3124
0.0909091	1	[ụ*.]	12364
0.0909091	1	[i*ị̀]	2598
0.0909091	1	[i*ị̄]	2594
0.0666667	1	[è*ị]	13835
0.0666667	1	[è*i]	13829
0.0588235	1	[n*r]	4133
0.0588235	1	[n*kw]	4126
0.0588235	1	[n*k]	4118
0.0588235	1	[n*ǹ]	4117
0.0526316	1	[e*à]	3598
0.0526316	1	[e*i]	3589
0.0416667	1	[a*à]	6158
0.0416667	1	[a*e]	6151
0.037037	1	[à*a]	7180

5.72517,7.13325	5.522,6.923
1	1	[s*kw]	33822
1	1	[kh*h]	28678
1	1	[z*h]	19974
0.5	1	[+ọ]	23
0.5	1	[+ụ̄]	17
0.333333	1	[u*è]	25627
0.333333	1	[nw*j]	22546
0.333333	1	[t*kw]	21022
0.333333	1	[ny*j]	18450
0.333333	1	[ọ̄*ị̀]	14886
0.25	1	[ì*i]	9733
0.25	1	[ụ̄*ị]	8715
0.25	1	[ụ̄*e]	8711
0.2	1	[ē*è]	22043
0.2	1	[ọ̀*ò]	15934
0.2	1	[ọ̀*ọ]	15895
0.2	1	[ā*à]	2062
0.166667	1	[ị̄*ī]	17459
0.166667	1	[ị̄*ā]	17412
0.142857	1	[r*j]	18962
0.142857	1	[d*sh]	12845
0.142857	1	[y*r]	1573
0.142857	1	[y*ny]	1572
0.125	1	[o*ò]	17982
0.125	1	[o*u]	17970
0.125	1	[o*ọ̄]	17949
0.111111	2	[ụ*ụ̄]	12305
0.111111	1	[g*n]	5128
0.1	1	[w*y]	8195
0.0952381	2	[è*i]	13829
0.0909091	1	[ọ*ọ̀]	11807
0.0909091	1	[k*kh]	11320
0.0689655	2	[à*a]	7180
0.0666667	1	[h*j]	3090
0.0666667	1	[h*e]	3079
0.0555556	1	[ụ*.]	12364
0.0555556	1	[ụ*ụ̀]	12303
0.0555556	1	[n*r]	4133
0.0555556	1	[n*g]	4106
0.047619	1	[-è]	13824
0.0357143	1	[e*ē]	3627
0.0357143	1	[e*ā]	3588
0.0285714	1	[a*à]	6158
0.0285714	1	[a*ā]	6148

5.72517,7.13325	5.5832,7.05
1	1	[lw*l]	81448
1	1	[A*ō]	45109
1	1	[kh*h]	28678
0.5	1	[r̃*r]	34853
0.5	1	[s*t]	33833
0.5	1	[s*kw]	33822
0.5	1	[t*kw]	21022
0.5	1	[z*h]	19974
0.333333	2	[ụ̄*ụ]	8728
0.25	1	[ī*i]	26117
0.25	1	[ọ̄*ọ]	14871
0.25	1	[kp*ch]	13358
0.25	1	[+gw]	63
0.25	1	[+ò]	62
0.25	1	[+ụ]	24
0.25	1	[+i]	5
0.2	1	[ē*ī]	22067
0.2	1	[ị̀*ị̄]	19490
0.2	1	[ị̀*ì]	19475
0.2	1	[ny*m]	18452
0.2	1	[ny*y]	18435
0.166667	1	[l*n]	20488
0.166667	1	[-l]	20480
0.166667	1	[-ǹ]	10752
0.166667	1	[j*à]	9230
0.166667	1	[ā*à]	2062
0.166667	1	[ā*i]	2053
0.142857	1	[ì*ī]	9779
0.142857	1	[ì*ị̀]	9766
0.142857	1	[-ì]	9728
0.136364	3	[n*r]	4133
0.125	1	[ụ̀*ụ]	7704
0.115385	3	[è*i]	13829
0.111111	1	[y*ny]	1572
0.1	1	[g*gb]	5169
0.0909091	1	[r*n]	18952
0.0833333	1	[o*ò]	17982
0.0833333	1	[o*ọ]	17943
0.0833333	1	[h*k]	3094
0.0789474	3	[a*à]	6158
0.0714286	1	[w*ny]	8228
0.0714286	1	[w*d]	8217
0.0714286	1	[i*ī]	2611
0.0588235	1	[ọ*ọ̀]	11807
0.0588235	1	[ọ*ọ̄]	11805
0.0526316	2	[a*ā]	6148
0.0454545	1	[n*d]	4121
0.0416667	1	[ụ*ụ̄]	12305
0.0416667	1	[-ụ]	12288
0.04	1	[m*?]	10318
0.04	1	[m*n]	10248
0.0384615	1	[è*e]	13831
0.0322581	1	[e*è]	3611
0.0322581	1	[-e]	3584
0.0294118	1	[à*a]	7180
0.0263158	1	[a*ny]	6180
0.0263158	1	[a*e]	6151

5.72517,7.13325	5.5834,7.05
1	1	[ḍ*z]	82471
1	1	[p*k]	30742
0.5	2	[z*h]	19974
0.5	1	[gw*j]	32274
0.5	1	[ō*o]	27171
0.5	1	[-m̄]	16384
0.333333	1	[+o]	35
0.333333	1	[+m̄]	32
0.333333	1	[+ọ̄]	29
0.25	1	[z*j]	19986
0.222222	2	[j*sh]	9261
0.2	2	[ọ̄*ọ]	14871
0.2	1	[ò*O]	31834
0.2	1	[ch*s]	23618
0.2	1	[-ch]	23552
0.166667	1	[ì*Ị]	9828
0.166667	1	[ì*m̀]	9775
0.166667	1	[-ì]	9728
0.153846	2	[ụ̄*ụ]	8728
0.142857	1	[ē*e]	22023
0.142857	1	[-l]	20480
0.142857	1	[ị̀*I]	19552
0.142857	1	[ị̀*ì]	19475
0.142857	1	[ị̀*ị]	19467
0.142857	1	[ny*m]	18452
0.142857	1	[-ǹ]	10752
0.125	1	[ī*ē]	26155
0.125	1	[ī*i]	26117
0.125	1	[nw*kw]	22558
0.125	1	[nw*h]	22534
0.111111	1	[j*ny]	9252
0.111111	1	[j*h]	9222
0.1	1	[ọ̄*ị̀]	14886
0.1	1	[d*r]	12837
0.1	1	[ụ̀*u]	7730
0.1	1	[ụ̀*ụ]	7704
0.1	1	[y*n]	1544
0.0952381	2	[ọ*ọ̀]	11807
0.0851064	4	[à*a]	7180
0.0833333	1	[t*kw]	21022
0.0833333	1	[t*d]	21017
0.0833333	1	[t*j]	21010
0.0769231	1	[ụ̄*ụ̀]	8719
0.0769231	1	[w*d]	8217
0.0714286	1	[o*ò]	17982
0.0714286	1	[g*kw]	5150
0.0714286	1	[ā*ụ]	2072
0.0714286	1	[ā*ọ]	2071
0.0714286	1	[ā*à]	2062
0.0714286	1	[ā*a]	2060
0.0714286	1	[ā*e]	2055
0.0666667	1	[ọ̀*ọ]	15895
0.0606061	2	[i*ī]	2611
0.0588235	1	[u*ù]	25642
0.0588235	1	[u*è]	25627
0.0588235	1	[u*ì]	25619
0.0571429	2	[è*e]	13831
0.0571429	2	[-è]	13824
0.0540541	2	[n*r]	4133
0.05	1	[k*g]	11274
0.05	1	[h*sh]	3117
0.047619	1	[r*s]	19010
0.047619	1	[r*d]	18969
0.047619	1	[r*n]	18952
0.046875	3	[a*à]	6158
0.0408163	2	[e*ā]	3588
0.0344828	1	[ụ*.]	12364
0.0344828	1	[-ụ]	12288
0.0344828	1	[m*?]	10318
0.0344828	1	[m*ị]	10251
0.0344828	1	[m*h]	10246
0.0344828	1	[-m]	10240
0.03125	2	[a*ā]	6148
0.030303	1	[i*è]	2587
0.0285714	1	[è*ī]	13875
0.0285714	1	[è*ù]	13866
0.0285714	1	[è*à]	13838
0.027027	1	[n*l]	4136
0.027027	1	[n*d]	4121
0.027027	1	[n*ǹ]	4117
0.0204082	1	[e*E]	3673
0.0204082	1	[-e]	3584
0.015625	1	[a*ị̄]	6178

5.72517,7.13325	5.6027,7.322
1	1	[gɦ*g]	81930
1	1	[N*n]	43528
1	1	[ū*ù]	24618
0.5	1	[th*l]	29736
0.333333	1	[hw*z]	26663
0.25	1	[zh*j]	38418
0.25	1	[r̃*l]	34856
0.25	1	[r̃*r]	34853
0.25	1	[+t]	41
0.25	1	[+m̄]	32
0.25	1	[+b]	28
0.25	1	[+e]	7
0.166667	1	[z*j]	19986
0.166667	1	[z*h]	19974
0.142857	2	[ī*ē]	26155
0.142857	1	[ch*s]	23618
0.142857	1	[f*th]	16954
0.125	2	[j*sh]	9261
0.111111	1	[ò*ō]	31797
0.111111	1	[ò*o]	31779
0.1	1	[s*z]	33831
0.1	1	[s*k]	33814
0.0833333	1	[ọ̄*ọ̀]	14879
0.0833333	1	[ọ̄*ọ]	14871
0.0769231	2	[g*h]	5126
0.0769231	1	[l*nw]	20524
0.0769231	1	[-l]	20480
0.0714286	2	[ā*a]	2060
0.0666667	2	[o*ò]	17982
0.0625	1	[gb*gɦ]	25248
0.0625	1	[gb*gw]	25151
0.0625	1	[kp*kh]	13368
0.0625	1	[kp*t]	13353
0.0625	1	[kp*kw]	13342
0.0625	1	[kp*j]	13330
0.0625	1	[kp*n]	13320
0.0625	1	[ì*i]	9733
0.0625	1	[j*b]	9244
0.0526316	1	[kw*nw]	15404
0.0526316	1	[kw*t]	15401
0.05	1	[ụ̀*ụ]	7704
0.0454545	1	[nw*kw]	22558
0.0454545	1	[nw*n]	22536
0.0454545	1	[nw*h]	22534
0.0454545	1	[ọ̀*ụ̄]	15889
0.0434783	1	[ē*ī]	22067
0.0434783	1	[ē*e]	22023
0.0416667	1	[ụ̄*u]	8754
0.0416667	1	[ụ̄*ù]	8746
0.0416667	1	[ụ̄*ụ]	8728
0.04	1	[t*d]	21017
0.0384615	1	[g*gw]	5183
0.0384615	1	[g*d]	5145
0.037037	1	[b*m]	14356
0.037037	1	[h*w]	3088
0.0357143	1	[u*ū]	25648
0.0357143	1	[u*ù]	25642
0.0357143	1	[u*o]	25635
0.0357143	1	[u*ụ̄]	25617
0.0357143	1	[u*ụ̀]	25615
0.0327869	2	[ụ*ụ̀]	12303
0.0326087	3	[e*è]	3611
0.0322581	2	[r*r̃]	19012
0.030303	1	[ị*ị̀]	5670
0.030303	1	[ị*à]	5646
0.0288462	3	[à*a]	7180
0.0285714	2	[è*e]	13831
0.0252101	3	[a*à]	6158
0.0243902	1	[k*kh]	11320
0.0243902	1	[k*b]	11292
0.0243902	1	[k*kp]	11290
0.0243902	1	[k*g]	11274
0.0238095	1	[ọ*ọ̀]	11807
0.0238095	1	[ọ*ụ̄]	11793
0.0204082	1	[m*?]	10318
0.0204082	1	[m*nw]	10284
0.0204082	1	[m*ị]	10251
0.0204082	1	[m*n]	10248
0.0163934	1	[ụ*ọ̄]	12317
0.0163934	1	[ụ*ọ]	12311
0.0163934	1	[-ụ]	12288
0.0163934	1	[i*ì]	2579
0.0163934	1	[i*ị]	2571
0.0163934	1	[i*e]	2567
0.016129	1	[r*zh]	19019
0.016129	1	[r*d]	18969
0.016129	1	[-r]	18944
0.0147059	1	[n*l]	4136
0.0147059	1	[n*r]	4133
0.0147059	1	[n*m]	4116
0.0108696	1	[e*ē]	3627
0.0108696	1	[e*o]	3619
0.0108696	1	[e*ā]	3588
0.00840336	1	[a*e]	6151
0.00840336	1	[a*i]	6149
0.00840336	1	[a*ā]	6148

5.72517,7.13325	5.664,7.012
1	1	[A*è]	45083
1	1	[ō*o]	27171
0.666667	2	[z*h]	19974
0.5	1	[gw*kp]	32282
0.5	1	[gw*g]	32266
0.5	1	[ị̀*ì]	19475
0.5	1	[+ǹ]	21
0.5	1	[+i]	5
0.25	2	[ī*i]	26117
0.25	1	[ē*è]	22043
0.25	1	[t*l]	21032
0.222222	2	[j*sh]	9261
0.2	1	[l*m]	20500
0.2	1	[ny*y]	18435
0.2	1	[ị̄*ị]	17419
0.2	1	[ị̄*ā]	17412
0.2	1	[ì*ị̀]	9766
0.166667	1	[nw*kw]	22558
0.142857	1	[d*r]	12837
0.142857	1	[d*kw]	12830
0.142857	1	[ụ̀*ụ]	7704
0.133333	2	[ọ*ọ̄]	11805
0.125	1	[o*ò]	17982
0.125	1	[ọ̄*ọ̀]	14879
0.111111	1	[j*à]	9230
0.1	1	[ā*ù]	2090
0.1	1	[ā*ụ]	2072
0.0909091	1	[ọ̀*ọ]	15895
0.0869565	2	[ụ*ụ̀]	12303
0.0833333	1	[g*t]	5161
0.0666667	1	[h*z]	3111
0.0666667	1	[h*n]	3080
0.0625	2	[n*r]	4133
0.0526316	2	[à*ā]	7172
0.047619	1	[-è]	13824
0.047619	1	[i*ī]	2611
0.0434783	1	[ụ*.]	12364
0.0434783	1	[ụ*à]	12302
0.0434783	1	[-ụ]	12288
0.0357143	1	[m*nw]	10284
0.0357143	1	[m*ny]	10276
0.0357143	1	[m*ọ̀]	10271
0.0357143	1	[m*g]	10250
0.0344828	1	[e*o]	3619
0.0344828	1	[e*ọ̀]	3615
0.0344828	1	[e*è]	3611
0.0344828	1	[-e]	3584
0.03125	1	[n*l]	4136
0.0263158	1	[à*a]	7180
0.0169492	1	[a*ny]	6180
0.0169492	1	[a*ị̄]	6178
0.0169492	1	[a*à]	6158
0.0169492	1	[a*e]	6151
0.0169492	1	[a*ā]	6148

5.72517,7.13325	5.71795,7.08217
1	2	[ē*e]	22023
1	1	[gɦ*gb]	81969
1	1	[gw*g]	32266
1	1	[kh*k]	28694
1	1	[,*ò]	1086
1	1	[+kw]	30
0.5	1	[zh*z]	38439
0.5	1	[zh*j]	38418
0.333333	1	[ī*ē]	26155
0.333333	1	[ī*ị̄]	26146
0.333333	1	[z*n]	19976
0.333333	1	[ị̄*ā]	17412
0.25	2	[ā*a]	2060
0.222222	2	[ọ*ọ̀]	11807
0.2	1	[ọ̄*ụ]	14872
0.166667	1	[u*o]	25635
0.166667	1	[nw*gw]	22591
0.166667	1	[ì*ụ̄]	9745
0.166667	1	[ì*i]	9733
0.166667	1	[ụ̄*e]	8711
0.125	2	[è*e]	13831
0.125	1	[r*gb]	18993
0.125	1	[r*n]	18952
0.125	1	[w*l]	8232
0.117647	2	[ụ*ụ̄]	12305
0.117647	2	[ụ*ụ̀]	12303
0.111111	2	[i*ī]	2611
0.1	1	[ụ̀*ụ]	7704
0.1	1	[h*hw]	3124
0.0952381	2	[à*a]	7180
0.0909091	1	[k*b]	11292
0.0714286	1	[o*ò]	17982
0.0588235	1	[ụ*o]	12323
0.0588235	1	[ụ*m]	12308
0.0555556	1	[i*ì]	2579
0.0526316	1	[m*m̀]	10287
0.0526316	1	[m*nw]	10284
0.0526316	1	[m*m̄]	10272
0.0526316	1	[m*g]	10250
0.047619	1	[-à]	7168
0.0416667	1	[n*r]	4133
0.0416667	1	[n*ǹ]	4117
0.0333333	1	[e*ọ̀]	3615
0.0333333	1	[e*è]	3611
0.0333333	1	[e*ọ]	3607
0.0333333	1	[-e]	3584
0.030303	1	[a*ọ̀]	6175
0.030303	1	[a*à]	6158
0.030303	1	[a*ā]	6148

5.72517,7.13325	5.72517,7.13325

