722	5.4244,7.1967	121	n%a%
722	5.4543,7.0247	121	n%a%
722	5.522,6.923	121	n%a%
722	5.5832,7.05	121	n%a%
722	5.5834,7.05	121	n%a%
722	5.6027,7.322	121	n%a%
722	5.664,7.012	121	n%a%
722	5.71795,7.08217	27	n%ọ̀%
722	5.72517,7.13325	121	n%a%

496	5.3999,7.0167	403	n%a%a%
496	5.4543,7.0247	41	n%a%-%
496	5.522,6.923	41	n%a%-%
496	5.5832,7.05	41	n%a%-%
496	5.5834,7.05	41	n%a%-%
496	5.6027,7.322	41	n%a%-%
496	5.664,7.012	41	n%a%-%
496	5.71795,7.08217	41	n%a%-%
496	5.72517,7.13325	7441	n%à%-%

328	5.3999,7.0167	131	a%h%ụ%
328	5.4543,7.0247	131	a%h%ụ%
328	5.4829,7.0337	10	a%h%ụ̀%
328	5.522,6.923	10	a%h%ụ̀%
328	5.5832,7.05	10	a%h%ụ̀%
328	5.5834,7.05	10	a%h%ụ̀%
328	5.6027,7.322	10	a%h%ụ̀%
328	5.664,7.012	10	a%h%ụ̀%
328	5.71795,7.08217	145	a%hw%ụ̀%
328	5.72517,7.13325	10	a%h%ụ̀%

238	5.3999,7.0167	115	y%à%
238	5.4244,7.1967	738	y%á%
238	5.4829,7.0337	107	y%ē%
238	5.522,6.923	107	y%ē%
238	5.5832,7.05	107	y%ē%
238	5.5834,7.05	107	y%ē%
238	5.6027,7.322	107	y%ē%
238	5.664,7.012	107	y%ē%
238	5.72517,7.13325	107	y%ē%

235	5.4244,7.1967	63	n%d%e%
235	5.4543,7.0247	63	n%d%e%
235	5.4829,7.0337	63	n%d%e%
235	5.5832,7.05	63	n%d%e%
235	5.5834,7.05	63	n%d%e%
235	5.664,7.012	398	n%k%e%
235	5.71795,7.08217	6794	n%k%è%

195	5.4244,7.1967	626	k%e%
195	5.4543,7.0247	626	k%e%
195	5.5832,7.05	87	i%k%e%
195	5.5834,7.05	848	o%k%e%
195	5.6027,7.322	626	k%e%
195	5.71795,7.08217	3641	k%ọ%
195	5.72517,7.13325	626	k%e%

174	5.4244,7.1967	125	h%e%
174	5.4543,7.0247	125	h%e%
174	5.522,6.923	83	e%e%
174	5.5834,7.05	125	h%e%
174	5.664,7.012	119	h%ā%
174	5.72517,7.13325	125	h%e%

172	5.4244,7.1967	627	g%a%
172	5.4543,7.0247	627	g%a%
172	5.522,6.923	627	g%a%
172	5.5832,7.05	516	g%ā%
172	5.5834,7.05	627	g%a%
172	5.664,7.012	627	g%a%
172	5.72517,7.13325	627	g%a%

168	5.4244,7.1967	464	j%i%
168	5.4543,7.0247	464	j%i%
168	5.522,6.923	464	j%i%
168	5.5832,7.05	461	j%ī%
168	5.5834,7.05	464	j%i%
168	5.6027,7.322	464	j%i%
168	5.664,7.012	464	j%i%
168	5.72517,7.13325	464	j%i%

147	5.3999,7.0167	54	a%ny%ị%
147	5.4543,7.0247	54	a%ny%ị%
147	5.5832,7.05	21	a%y%ị%
147	5.5834,7.05	54	a%ny%ị%
147	5.6027,7.322	54	a%ny%ị%
147	5.664,7.012	54	a%ny%ị%
147	5.72517,7.13325	54	a%ny%ị%

146	5.3999,7.0167	433	m%a%a%
146	5.4543,7.0247	434	m%a%
146	5.4829,7.0337	410	m%ụ%
146	5.522,6.923	3357	m%ụ̀%
146	5.5834,7.05	434	m%a%
146	5.6027,7.322	633	m%m%a%
146	5.664,7.012	434	m%a%
146	5.71795,7.08217	121	n%a%

145	5.3999,7.0167	87	i%k%e%
145	5.4543,7.0247	87	i%k%e%
145	5.522,6.923	163	i%kh%e%
145	5.5834,7.05	87	i%k%e%
145	5.6027,7.322	87	i%k%e%
145	5.664,7.012	87	i%k%e%
145	5.72517,7.13325	87	i%k%e%

141	5.3999,7.0167	41	n%a%-%
141	5.4244,7.1967	41	n%a%-%
141	5.5834,7.05	1666	n%e%
141	5.664,7.012	8787	n%e%-%
141	5.72517,7.13325	41	n%a%-%

139	5.522,6.923	5820	a%h%ụ̄%
139	5.5832,7.05	131	a%h%ụ%
139	5.5834,7.05	131	a%h%ụ%
139	5.664,7.012	131	a%h%ụ%
139	5.72517,7.13325	732	a%z%ụ%

138	5.4829,7.0337	54	a%ny%ị%
138	5.522,6.923	54	a%ny%ị%
138	5.5832,7.05	54	a%ny%ị%
138	5.6027,7.322	21	a%y%ị%
138	5.664,7.012	21	a%y%ị%
138	5.71795,7.08217	21	a%y%ị%
138	5.72517,7.13325	21	a%y%ị%

124	5.4543,7.0247	655	n%i%
124	5.4829,7.0337	638	d%i%
124	5.522,6.923	657	g%i%
124	5.5834,7.05	692	d%ị%
124	5.6027,7.322	1879	d%ị̀%
124	5.664,7.012	692	d%ị%
124	5.71795,7.08217	692	d%ị%

124	5.4244,7.1967	628	sh%ị%
124	5.4543,7.0247	628	sh%ị%
124	5.4829,7.0337	628	sh%ị%
124	5.5832,7.05	628	sh%ị%
124	5.5834,7.05	628	sh%ị%
124	5.664,7.012	5790	sh%ị̄%

122	5.4244,7.1967	53	sh%i%
122	5.4543,7.0247	53	sh%i%
122	5.4829,7.0337	53	sh%i%
122	5.5832,7.05	53	sh%i%
122	5.5834,7.05	53	sh%i%
122	5.71795,7.08217	52	i%sh%i%
122	5.72517,7.13325	3727	i%sh%ì%

117	5.4244,7.1967	635	b%i%a%
117	5.4543,7.0247	567	b%ị%a%
117	5.522,6.923	567	b%ị%a%
117	5.5832,7.05	567	b%ị%a%
117	5.5834,7.05	567	b%ị%a%
117	5.6027,7.322	567	b%ị%a%
117	5.664,7.012	567	b%ị%a%
117	5.71795,7.08217	567	b%ị%a%
117	5.72517,7.13325	567	b%ị%a%

114	5.4244,7.1967	366	o%t%u%
114	5.4543,7.0247	366	o%t%u%
114	5.522,6.923	642	u%kw%u%
114	5.5832,7.05	372	o%kw%u%
114	5.5834,7.05	372	o%kw%u%
114	5.664,7.012	158	o%l%u%
114	5.72517,7.13325	366	o%t%u%

102	5.522,6.923	3692	j%è%r%è%
102	5.5832,7.05	140	nw%è%r%è%
102	5.5834,7.05	140	nw%è%r%è%
102	5.6027,7.322	140	nw%è%r%è%
102	5.664,7.012	140	nw%è%r%è%
102	5.71795,7.08217	140	nw%è%r%è%
102	5.72517,7.13325	140	nw%è%r%è%

93	5.4244,7.1967	642	u%kw%u%
93	5.4543,7.0247	642	u%kw%u%
93	5.5832,7.05	642	u%kw%u%
93	5.5834,7.05	642	u%kw%u%
93	5.664,7.012	642	u%kw%u%
93	5.71795,7.08217	169	u%kw%ù%

90	5.3999,7.0167	34	g%ị̄%
90	5.4543,7.0247	657	g%i%
90	5.4829,7.0337	34	g%ị̄%
90	5.522,6.923	34	g%ị̄%
90	5.5832,7.05	34	g%ị̄%
90	5.5834,7.05	34	g%ị̄%
90	5.6027,7.322	34	g%ị̄%
90	5.664,7.012	34	g%ị̄%
90	5.72517,7.13325	34	g%ị̄%

88	5.3999,7.0167	201	m%gb%a%
88	5.4244,7.1967	633	m%m%a%
88	5.522,6.923	633	m%m%a%
88	5.5832,7.05	633	m%m%a%
88	5.5834,7.05	633	m%m%a%
88	5.664,7.012	633	m%m%a%

87	5.3999,7.0167	366	o%t%u%
87	5.4543,7.0247	1597	o%b%u%
87	5.522,6.923	158	o%l%u%
87	5.5834,7.05	366	o%t%u%
87	5.6027,7.322	7358	o%t%u%ù%
87	5.664,7.012	366	o%t%u%

83	5.522,6.923	157	m̀%gb%e%
83	5.5832,7.05	157	m̀%gb%e%
83	5.5834,7.05	629	m%gb%e%
83	5.6027,7.322	157	m̀%gb%e%
83	5.664,7.012	629	m%gb%e%

83	5.522,6.923	861	gw%a%
83	5.5832,7.05	632	k%a%
83	5.5834,7.05	632	k%a%
83	5.6027,7.322	632	k%a%
83	5.664,7.012	665	kw%a%
83	5.71795,7.08217	861	gw%a%

81	5.4543,7.0247	633	m%m%a%
81	5.4829,7.0337	68	m%m%ā%
81	5.522,6.923	68	m%m%ā%
81	5.5832,7.05	68	m%m%ā%
81	5.6027,7.322	68	m%m%ā%
81	5.72517,7.13325	68	m%m%ā%

73	5.3999,7.0167	434	m%a%
73	5.4244,7.1967	434	m%a%
73	5.5832,7.05	659	n%gw%a%
73	5.664,7.012	5813	ǹ%g%a%
73	5.71795,7.08217	627	g%a%
73	5.72517,7.13325	434	m%a%

73	5.3999,7.0167	446	k%ụ%
73	5.4244,7.1967	489	h%ụ%
73	5.4829,7.0337	5942	hw%ụ%
73	5.5834,7.05	630	h%u%
73	5.6027,7.322	488	h%ụ̀%
73	5.71795,7.08217	489	h%ụ%
73	5.72517,7.13325	488	h%ụ̀%

71	5.4829,7.0337	282	ọ%n%ụ%
71	5.5832,7.05	282	ọ%n%ụ%
71	5.5834,7.05	811	ọ%r%ụ%
71	5.6027,7.322	811	ọ%r%ụ%
71	5.71795,7.08217	282	ọ%n%ụ%
71	5.72517,7.13325	811	ọ%r%ụ%

69	5.4244,7.1967	131	a%h%ụ%
69	5.4543,7.0247	669	a%h%u%
69	5.5834,7.05	31	ā%h%ụ̄%
69	5.6027,7.322	5820	a%h%ụ̄%
69	5.72517,7.13325	8511	a%nw%ụ̄%

68	5.4829,7.0337	14	ǹ%k%e%
68	5.5832,7.05	398	n%k%e%
68	5.5834,7.05	398	n%k%e%
68	5.71795,7.08217	30	ǹ%k%è%
68	5.72517,7.13325	6794	n%k%è%

68	5.4543,7.0247	248	n%nw%a%
68	5.4829,7.0337	248	n%nw%a%
68	5.522,6.923	248	n%nw%a%
68	5.5832,7.05	248	n%nw%a%
68	5.5834,7.05	248	n%nw%a%
68	5.6027,7.322	248	n%nw%a%
68	5.71795,7.08217	659	n%gw%a%
68	5.72517,7.13325	248	n%nw%a%

67	5.4543,7.0247	672	m%m%a%d%ụ%
67	5.4829,7.0337	1769	m%m%a%n%ụ%
67	5.522,6.923	1769	m%m%a%n%ụ%
67	5.5832,7.05	672	m%m%a%d%ụ%
67	5.5834,7.05	672	m%m%a%d%ụ%
67	5.6027,7.322	1769	m%m%a%n%ụ%
67	5.664,7.012	1769	m%m%a%n%ụ%
67	5.72517,7.13325	1769	m%m%a%n%ụ%

64	5.4244,7.1967	61	a%ny%a%
64	5.4543,7.0247	652	a%h%a%
64	5.5832,7.05	644	a%l%a%
64	5.5834,7.05	644	a%l%a%
64	5.6027,7.322	61	a%ny%a%
64	5.72517,7.13325	8510	a%ny%ị̄%

64	5.3999,7.0167	19	à%kp%ọ%
64	5.4829,7.0337	19	à%kp%ọ%
64	5.522,6.923	19	à%kp%ọ%
64	5.5834,7.05	651	a%kp%ọ%
64	5.664,7.012	19	à%kp%ọ%
64	5.71795,7.08217	19	à%kp%ọ%
64	5.72517,7.13325	19	à%kp%ọ%

64	5.4244,7.1967	83	e%e%
64	5.4543,7.0247	83	e%e%
64	5.522,6.923	550	e%ē%
64	5.5832,7.05	83	e%e%
64	5.5834,7.05	83	e%e%
64	5.71795,7.08217	755	e%kw%e%
64	5.72517,7.13325	83	e%e%

63	5.4244,7.1967	631	n%n%u%
63	5.4543,7.0247	631	n%n%u%
63	5.4829,7.0337	648	n%n%e%
63	5.522,6.923	648	n%n%e%
63	5.5834,7.05	5866	n%n%ụ̀%
63	5.6027,7.322	631	n%n%u%
63	5.72517,7.13325	1235	n%n%ọ%

62	5.4829,7.0337	119	h%ā%
62	5.5832,7.05	119	h%ā%
62	5.5834,7.05	119	h%ā%
62	5.6027,7.322	119	h%ā%
62	5.664,7.012	5838	n%ā%
62	5.72517,7.13325	119	h%ā%

62	5.4244,7.1967	398	n%k%e%
62	5.4543,7.0247	398	n%k%e%
62	5.5834,7.05	14	ǹ%k%e%
62	5.71795,7.08217	398	n%k%e%
62	5.72517,7.13325	398	n%k%e%

61	5.4244,7.1967	632	k%a%
61	5.4543,7.0247	632	k%a%
61	5.5832,7.05	944	gb%a%
61	5.5834,7.05	665	kw%a%
61	5.72517,7.13325	5813	ǹ%g%a%

61	5.4244,7.1967	654	a%b%i%a%
61	5.4543,7.0247	635	b%i%a%
61	5.522,6.923	4725	a%b%ị%a%
61	5.5834,7.05	4725	a%b%ị%a%
61	5.6027,7.322	4725	a%b%ị%a%
61	5.664,7.012	4725	a%b%ị%a%
61	5.72517,7.13325	4725	a%b%ị%a%

59	5.3999,7.0167	282	ọ%n%ụ%
59	5.4543,7.0247	2231	ọ%w%ụ%
59	5.522,6.923	16	ọ%w%ụ̄%
59	5.5832,7.05	16	ọ%w%ụ̄%
59	5.6027,7.322	16	ọ%w%ụ̄%
59	5.664,7.012	16	ọ%w%ụ̄%
59	5.72517,7.13325	16	ọ%w%ụ̄%

58	5.4244,7.1967	645	n%ụ%
58	5.4543,7.0247	645	n%ụ%
58	5.522,6.923	43	ọ%n%ụ̄%
58	5.5834,7.05	645	n%ụ%
58	5.664,7.012	819	n%ụ̀%
58	5.72517,7.13325	645	n%ụ%

57	5.4543,7.0247	760	m%b%ụ%
57	5.5832,7.05	410	m%ụ%
57	5.5834,7.05	410	m%ụ%
57	5.71795,7.08217	6100	m%ụ̄%
57	5.72517,7.13325	6100	m%ụ̄%

55	5.4244,7.1967	817	g%ì%
55	5.522,6.923	724	ch%i%
55	5.5832,7.05	464	j%i%
55	5.5834,7.05	657	g%i%
55	5.664,7.012	657	g%i%

54	5.3999,7.0167	343	w%ụ̀%
54	5.4244,7.1967	343	w%ụ̀%
54	5.522,6.923	1329	w%u%
54	5.5834,7.05	1329	w%u%
54	5.6027,7.322	5897	w%ū%

52	5.6027,7.322	131	a%h%ụ%
52	5.664,7.012	127	a%h%à%
52	5.72517,7.13325	131	a%h%ụ%

51	5.4829,7.0337	322	à%ny%ị%
51	5.5832,7.05	322	à%ny%ị%
51	5.5834,7.05	322	à%ny%ị%
51	5.6027,7.322	322	à%ny%ị%
51	5.664,7.012	56	à%y%ị%
51	5.72517,7.13325	322	à%ny%ị%

51	5.3999,7.0167	72	a%ny%à%
51	5.4543,7.0247	61	a%ny%a%
51	5.4829,7.0337	61	a%ny%a%
51	5.5832,7.05	72	a%ny%à%
51	5.5834,7.05	61	a%ny%a%
51	5.664,7.012	72	a%ny%à%
51	5.72517,7.13325	1111	a%j%a%

49	5.3999,7.0167	66	n%ọ%
49	5.4829,7.0337	819	n%ụ̀%
49	5.522,6.923	66	n%ọ%
49	5.5834,7.05	66	n%ọ%
49	5.664,7.012	66	n%ọ%
49	5.72517,7.13325	27	n%ọ̀%

48	5.3999,7.0167	313	è%j%i%
48	5.4543,7.0247	646	e%j%i%
48	5.4829,7.0337	464	j%i%
48	5.522,6.923	638	d%i%
48	5.5834,7.05	638	d%i%
48	5.72517,7.13325	638	d%i%

47	5.5834,7.05	646	e%j%i%
47	5.71795,7.08217	28	e%j%ì%

45	5.522,6.923	885	d%ị%k%a%
45	5.5834,7.05	885	d%ị%k%a%
45	5.6027,7.322	7133	d%ị%k%à%
45	5.664,7.012	7133	d%ị%k%à%
45	5.72517,7.13325	7133	d%ị%k%à%

44	5.4829,7.0337	121	n%a%
44	5.5832,7.05	66	n%ọ%
44	5.5834,7.05	969	n%ị%
44	5.664,7.012	969	n%ị%
44	5.72517,7.13325	1666	n%e%

43	5.4543,7.0247	20	i%m%e%
43	5.522,6.923	5786	è%m%e%
43	5.5832,7.05	5786	è%m%e%
43	5.5834,7.05	5786	è%m%e%
43	5.6027,7.322	5786	è%m%e%
43	5.71795,7.08217	643	e%m%e%
43	5.72517,7.13325	5786	è%m%e%

42	5.4244,7.1967	410	m%ụ%
42	5.4829,7.0337	489	h%ụ%
42	5.522,6.923	488	h%ụ̀%

41	5.5832,7.05	317	à%w%ụ%
41	5.5834,7.05	2231	ọ%w%ụ%

40	5.3999,7.0167	27	n%ọ̀%
40	5.522,6.923	27	n%ọ̀%
40	5.5832,7.05	27	n%ọ̀%
40	5.5834,7.05	27	n%ọ̀%
40	5.664,7.012	27	n%ọ̀%
40	5.72517,7.13325	66	n%ọ%

39	5.3999,7.0167	88	i%sh%ī%
39	5.4244,7.1967	52	i%sh%i%
39	5.4829,7.0337	52	i%sh%i%
39	5.522,6.923	3727	i%sh%ì%
39	5.6027,7.322	88	i%sh%ī%

39	5.4244,7.1967	644	a%l%a%
39	5.4543,7.0247	727	a%m%a%
39	5.522,6.923	61	a%ny%a%
39	5.5832,7.05	61	a%ny%a%
39	5.664,7.012	61	a%ny%a%

39	5.4244,7.1967	648	n%n%e%
39	5.4543,7.0247	648	n%n%e%
39	5.5832,7.05	648	n%n%e%
39	5.5834,7.05	648	n%n%e%
39	5.664,7.012	648	n%n%e%
39	5.71795,7.08217	648	n%n%e%
39	5.72517,7.13325	6792	n%n%i%

38	5.3999,7.0167	482	i%h%ē%
38	5.4244,7.1967	676	i%h%i%
38	5.5832,7.05	6974	i%h%ì%
38	5.5834,7.05	676	i%h%i%

38	5.3999,7.0167	452	k%è%
38	5.4244,7.1967	452	k%è%
38	5.4829,7.0337	78	k%ē%
38	5.5834,7.05	452	k%è%
38	5.664,7.012	452	k%è%

37	5.4244,7.1967	664	ụ%l%ọ%
37	5.4829,7.0337	2171	ụ%l%ọ̀%
37	5.5832,7.05	2171	ụ%l%ọ̀%
37	5.5834,7.05	664	ụ%l%ọ%

36	5.522,6.923	1517	ò%b%ò%d%ò%
36	5.5832,7.05	1517	ò%b%ò%d%ò%
36	5.5834,7.05	1517	ò%b%ò%d%ò%
36	5.664,7.012	1517	ò%b%ò%d%ò%
36	5.72517,7.13325	8732	ò%b%ò%d%o%

36	5.5832,7.05	5224	s%ị%
36	5.5834,7.05	5224	s%ị%
36	5.664,7.012	777	s%i%

36	5.4543,7.0247	489	h%ụ%
36	5.522,6.923	489	h%ụ%
36	5.5832,7.05	446	k%ụ%
36	5.5834,7.05	2915	sh%ụ%
36	5.71795,7.08217	6983	h%ụ̄%
36	5.72517,7.13325	489	h%ụ%

34	5.3999,7.0167	21	a%y%ị%
34	5.4244,7.1967	54	a%ny%ị%
34	5.5834,7.05	91	a%ny%ā%
34	5.664,7.012	91	a%ny%ā%
34	5.72517,7.13325	91	a%ny%ā%

34	5.522,6.923	452	k%è%
34	5.5834,7.05	626	k%e%
34	5.72517,7.13325	1988	k%è%è%

34	5.4543,7.0247	1126	a%gw%ụ%
34	5.4829,7.0337	131	a%h%ụ%
34	5.522,6.923	47	à%h%ụ%

33	5.6027,7.322	5927	m%m%i%r%ī%
33	5.664,7.012	5927	m%m%i%r%ī%
33	5.71795,7.08217	5843	m%m%ī%r%ī%
33	5.72517,7.13325	5927	m%m%i%r%ī%

32	5.4829,7.0337	461	j%ī%
32	5.522,6.923	7009	g%ī%
32	5.5834,7.05	461	j%ī%
32	5.6027,7.322	461	j%ī%
32	5.664,7.012	461	j%ī%
32	5.72517,7.13325	461	j%ī%

31	5.4244,7.1967	66	n%ọ%
31	5.4543,7.0247	66	n%ọ%
31	5.6027,7.322	27	n%ọ̀%
31	5.72517,7.13325	392	n%ọ̄%

30	5.6027,7.322	5941	a%z%ụ̀%
30	5.72517,7.13325	145	a%hw%ụ̀%

30	5.5832,7.05	489	h%ụ%
30	5.5834,7.05	489	h%ụ%
30	5.6027,7.322	6332	ị%h%ụ%
30	5.664,7.012	6985	h%ụ%ụ%
30	5.71795,7.08217	6985	h%ụ%ụ%

30	5.664,7.012	1873	n%kw%ụ%
30	5.71795,7.08217	1027	n%d%ụ%
30	5.72517,7.13325	1027	n%d%ụ%

30	5.3999,7.0167	138	a%f%ọ%
30	5.4543,7.0247	138	a%f%ọ%
30	5.5834,7.05	138	a%f%ọ%
30	5.6027,7.322	138	a%f%ọ%
30	5.664,7.012	33	a%f%ọ̄%
30	5.72517,7.13325	138	a%f%ọ%

29	5.522,6.923	312	è%j%ì%
29	5.5832,7.05	312	è%j%ì%
29	5.5834,7.05	313	è%j%i%
29	5.6027,7.322	312	è%j%ì%
29	5.71795,7.08217	7069	e%sh%ì%
29	5.72517,7.13325	5836	è%sh%ì%

29	5.4244,7.1967	663	w%è%
29	5.4543,7.0247	675	w%e%
29	5.522,6.923	119	h%ā%
29	5.5832,7.05	125	h%e%
29	5.5834,7.05	681	h%è%
29	5.72517,7.13325	663	w%è%

29	5.4543,7.0247	5003	e%s%i%
29	5.5834,7.05	722	e%sh%i%
29	5.664,7.012	307	è%sh%i%
29	5.72517,7.13325	646	e%j%i%

28	5.522,6.923	7820	à%n%a%-%
28	5.5832,7.05	671	a%n%a%-%
28	5.5834,7.05	671	a%n%a%-%

28	5.3999,7.0167	312	è%j%ì%
28	5.4244,7.1967	28	e%j%ì%
28	5.522,6.923	28	e%j%ì%
28	5.5832,7.05	28	e%j%ì%
28	5.5834,7.05	28	e%j%ì%
28	5.664,7.012	28	e%j%ì%
28	5.72517,7.13325	28	e%j%ì%

27	5.4244,7.1967	710	a%gb%a%
27	5.664,7.012	8510	a%ny%ị̄%
27	5.71795,7.08217	61	a%ny%a%
27	5.72517,7.13325	61	a%ny%a%

27	5.5834,7.05	795	i%j%i%
27	5.6027,7.322	7543	i%j%è%
27	5.72517,7.13325	7543	i%j%è%

27	5.5832,7.05	770	gb%a%s%a%r%a%
27	5.5834,7.05	770	gb%a%s%a%r%a%
27	5.71795,7.08217	12471	gb%à%s%a%r%a%

27	5.4244,7.1967	655	n%i%
27	5.4543,7.0247	1326	r%i%
27	5.5832,7.05	655	n%i%
27	5.72517,7.13325	5838	n%ā%

26	5.4244,7.1967	675	w%e%
26	5.4829,7.0337	3134	ny%e%
26	5.5832,7.05	6130	ò%ny%e%
26	5.72517,7.13325	815	w%a%

26	5.4244,7.1967	776	ọ%k%ụ%
26	5.4829,7.0337	950	a%k%ụ%
26	5.5834,7.05	776	ọ%k%ụ%
26	5.6027,7.322	776	ọ%k%ụ%
26	5.664,7.012	776	ọ%k%ụ%
26	5.72517,7.13325	6083	ọ%k%à%

26	5.4543,7.0247	522	g%a%a%
26	5.522,6.923	403	n%a%a%
26	5.6027,7.322	522	g%a%a%
26	5.72517,7.13325	522	g%a%a%

25	5.4244,7.1967	662	n%n%a%
25	5.4829,7.0337	1692	n%n%à%
25	5.72517,7.13325	662	n%n%a%

25	5.5834,7.05	9858	a%hw%ụ%
25	5.6027,7.322	9858	a%hw%ụ%
25	5.664,7.012	145	a%hw%ụ̀%

25	5.522,6.923	5841	o%g%è%
25	5.5832,7.05	5841	o%g%è%
25	5.6027,7.322	1376	o%g%e%
25	5.664,7.012	5841	o%g%è%
25	5.72517,7.13325	5841	o%g%è%

24	5.522,6.923	313	è%j%i%
24	5.5834,7.05	308	è%r%i%
24	5.6027,7.322	308	è%r%i%
24	5.664,7.012	308	è%r%i%
24	5.72517,7.13325	308	è%r%i%

24	5.5834,7.05	747	n%r%i%
24	5.6027,7.322	9358	n%r%ī%
24	5.664,7.012	747	n%r%i%
24	5.72517,7.13325	9358	n%r%ī%

24	5.4244,7.1967	661	ụ%z%ọ%
24	5.4543,7.0247	661	ụ%z%ọ%
24	5.5832,7.05	257	ụ%z%ọ̀%
24	5.5834,7.05	257	ụ%z%ọ̀%
24	5.6027,7.322	257	ụ%z%ọ̀%

24	5.4244,7.1967	2225	ọ%ọ%
24	5.4543,7.0247	2225	ọ%ọ%
24	5.5832,7.05	35	ọ%ọ̄%
24	5.5834,7.05	2225	ọ%ọ%
24	5.6027,7.322	2225	ọ%ọ%
24	5.72517,7.13325	2225	ọ%ọ%

24	5.4244,7.1967	871	j%e%
24	5.4543,7.0247	871	j%e%
24	5.522,6.923	5427	j%i%e%
24	5.5832,7.05	871	j%e%
24	5.5834,7.05	871	j%e%
24	5.664,7.012	1666	n%e%
24	5.71795,7.08217	5848	n%è%

23	5.5834,7.05	878	ụ%f%ọ%d%ụ%
23	5.664,7.012	65	ụ̀%f%ọ%d%ụ%

23	5.522,6.923	79	ọ̀%z%ọ%
23	5.5832,7.05	79	ọ̀%z%ọ%
23	5.5834,7.05	7667	ọ̀%ḍ%ọ%
23	5.664,7.012	7683	ọ̀%d%ọ%

23	5.5832,7.05	5927	m%m%i%r%ī%
23	5.5834,7.05	5843	m%m%ī%r%ī%
23	5.6027,7.322	5843	m%m%ī%r%ī%
23	5.664,7.012	5843	m%m%ī%r%ī%
23	5.72517,7.13325	5843	m%m%ī%r%ī%

23	5.4244,7.1967	138	a%f%ọ%
23	5.4829,7.0337	138	a%f%ọ%
23	5.664,7.012	223	a%f%ọ̀%
23	5.71795,7.08217	581	ā%f%ọ̄%
23	5.72517,7.13325	33	a%f%ọ̄%

23	5.522,6.923	80	i%h%u%
23	5.5832,7.05	8633	i%w%u%
23	5.5834,7.05	8633	i%w%u%

23	5.3999,7.0167	619	a%ch%a%
23	5.4244,7.1967	729	a%n%a%
23	5.5832,7.05	652	a%h%a%
23	5.5834,7.05	652	a%h%a%

23	5.4244,7.1967	656	ụ%m%ụ%
23	5.4829,7.0337	5812	ụ%m%ụ̀%
23	5.5834,7.05	5376	m%h%
23	5.664,7.012	5376	m%h%

23	5.4829,7.0337	5788	a%g%à%
23	5.522,6.923	5788	a%g%à%
23	5.664,7.012	5788	a%g%à%
23	5.71795,7.08217	1790	a%n%à%

22	5.5834,7.05	1027	n%d%ụ%
22	5.6027,7.322	1027	n%d%ụ%
22	5.72517,7.13325	8064	n%t%ụ%

22	5.5832,7.05	425	m%e%r%e%
22	5.5834,7.05	425	m%e%r%e%
22	5.72517,7.13325	1040	ny%e%r%e%

22	5.5834,7.05	777	s%i%
22	5.6027,7.322	724	ch%i%
22	5.664,7.012	53	sh%i%
22	5.72517,7.13325	724	ch%i%

22	5.4244,7.1967	651	a%kp%ọ%
22	5.4543,7.0247	1359	a%ch%ọ%

22	5.4244,7.1967	102	r%ị%
22	5.4829,7.0337	102	r%ị%
22	5.5832,7.05	39	r%ị̀%
22	5.6027,7.322	39	r%ị̀%

21	5.4244,7.1967	32	ǹ%g%à%
21	5.4829,7.0337	5813	ǹ%g%a%
21	5.6027,7.322	5801	ǹ%g%a%à%

21	5.4543,7.0247	368	o%o%
21	5.4829,7.0337	368	o%o%
21	5.5834,7.05	368	o%o%
21	5.664,7.012	368	o%o%
21	5.72517,7.13325	7980	o%ō%

21	5.4244,7.1967	409	m̀%gb%è%
21	5.5834,7.05	157	m̀%gb%e%
21	5.664,7.012	157	m̀%gb%e%
21	5.72517,7.13325	157	m̀%gb%e%

21	5.522,6.923	789	h%ù%
21	5.5832,7.05	6983	h%ụ̄%
21	5.5834,7.05	488	h%ụ̀%

21	5.522,6.923	127	a%h%à%
21	5.5832,7.05	127	a%h%à%
21	5.5834,7.05	127	a%h%à%
21	5.6027,7.322	127	a%h%à%
21	5.664,7.012	614	a%h%ā%
21	5.72517,7.13325	127	a%h%à%

20	5.6027,7.322	646	e%j%i%
20	5.664,7.012	313	è%j%i%
20	5.71795,7.08217	646	e%j%i%
20	5.72517,7.13325	313	è%j%i%

20	5.5832,7.05	1172	e%ny%e%
20	5.5834,7.05	1172	e%ny%e%
20	5.72517,7.13325	5797	è%ny%e%

20	5.5834,7.05	714	o%l%e%
20	5.664,7.012	714	o%l%e%
20	5.71795,7.08217	9011	ò%l%e%

20	5.4829,7.0337	481	i%j%ī%
20	5.5832,7.05	481	i%j%ī%
20	5.6027,7.322	313	è%j%i%
20	5.664,7.012	646	e%j%i%
20	5.72517,7.13325	312	è%j%ì%

20	5.4829,7.0337	2662	à%h%ụ̀%
20	5.522,6.923	7356	ā%h%ụ̀%
20	5.5834,7.05	7356	ā%h%ụ̀%
20	5.6027,7.322	7356	ā%h%ụ̀%
20	5.72517,7.13325	8393	e%h%ụ̀%

20	5.4829,7.0337	633	m%m%a%
20	5.5834,7.05	668	m%m%
20	5.664,7.012	668	m%m%
20	5.72517,7.13325	673	m%m%m%

20	5.4244,7.1967	1263	m%à%k%à%
20	5.4829,7.0337	1263	m%à%k%à%
20	5.6027,7.322	1014	m%à%n%à%
20	5.72517,7.13325	1014	m%à%n%à%

20	5.3999,7.0167	61	a%ny%a%
20	5.4829,7.0337	127	a%h%à%
20	5.522,6.923	72	a%ny%à%
20	5.5834,7.05	1111	a%j%a%
20	5.664,7.012	710	a%gb%a%

20	5.3999,7.0167	14	ǹ%k%e%
20	5.4244,7.1967	30	ǹ%k%è%
20	5.6027,7.322	7363	ǹ%k%e%è%

19	5.4244,7.1967	716	n%u%
19	5.5832,7.05	645	n%ụ%
19	5.5834,7.05	392	n%ọ̄%
19	5.71795,7.08217	1753	n%
19	5.72517,7.13325	1753	n%

19	5.5834,7.05	1080	a%kw%ụ%kw%ọ%
19	5.6027,7.322	1080	a%kw%ụ%kw%ọ%
19	5.664,7.012	15194	a%kw%ụ%kw%ọ̄%
19	5.71795,7.08217	15194	a%kw%ụ%kw%ọ̄%
19	5.72517,7.13325	15194	a%kw%ụ%kw%ọ̄%

19	5.6027,7.322	627	g%a%
19	5.72517,7.13325	632	k%a%

19	5.5832,7.05	7361	o%t%u%à%
19	5.5834,7.05	5249	o%t%u%a%

19	5.5834,7.05	47	à%h%ụ%
19	5.6027,7.322	47	à%h%ụ%
19	5.664,7.012	47	à%h%ụ%
19	5.72517,7.13325	112	à%z%ụ%

19	5.4543,7.0247	102	r%ị%
19	5.4829,7.0337	75	r%ị̄%
19	5.522,6.923	102	r%ị%
19	5.5834,7.05	8814	r%ụ̄%
19	5.6027,7.322	8814	r%ụ̄%
19	5.72517,7.13325	8814	r%ụ̄%

19	5.522,6.923	857	gb%a%r%a%
19	5.5834,7.05	687	m%a%r%a%
19	5.664,7.012	687	m%a%r%a%

19	5.4543,7.0247	80	i%h%u%
19	5.4829,7.0337	6974	i%h%ì%
19	5.5834,7.05	80	i%h%u%
19	5.72517,7.13325	80	i%h%u%

19	5.522,6.923	7543	i%j%è%
19	5.6027,7.322	482	i%h%ē%
19	5.664,7.012	5906	i%h%è%
19	5.72517,7.13325	482	i%h%ē%

18	5.5834,7.05	285	ọ%kw%a%
18	5.6027,7.322	285	ọ%kw%a%
18	5.664,7.012	285	ọ%kw%a%
18	5.72517,7.13325	750	ọ%nw%a%

18	5.5834,7.05	6628	s%ụ%
18	5.71795,7.08217	9929	s%o%
18	5.72517,7.13325	6628	s%ụ%

18	5.5832,7.05	687	m%a%r%a%
18	5.5834,7.05	741	m%a%n%a%

18	5.5834,7.05	282	ọ%n%ụ%
18	5.6027,7.322	281	ọ%r̃%ụ%
18	5.664,7.012	281	ọ%r̃%ụ%
18	5.71795,7.08217	811	ọ%r%ụ%

18	5.4244,7.1967	87	i%k%e%
18	5.4829,7.0337	478	i%k%ē%

18	5.4244,7.1967	819	n%ụ̀%
18	5.522,6.923	716	n%u%
18	5.5832,7.05	819	n%ụ̀%
18	5.6027,7.322	6796	n%h%ụ̀%

18	5.3999,7.0167	40	m%m%a%d%ụ̀%
18	5.4244,7.1967	672	m%m%a%d%ụ%

17	5.4244,7.1967	1692	n%n%à%
17	5.6027,7.322	648	n%n%e%
17	5.72517,7.13325	648	n%n%e%

17	5.5834,7.05	79	ọ̀%z%ọ%
17	5.6027,7.322	7667	ọ̀%ḍ%ọ%
17	5.72517,7.13325	7667	ọ̀%ḍ%ọ%

17	5.5834,7.05	636	n%g%a%
17	5.664,7.012	3262	n%kw%a%

17	5.5834,7.05	545	e%l%u%
17	5.6027,7.322	109	e%l%ū%
17	5.664,7.012	545	e%l%u%
17	5.72517,7.13325	545	e%l%u%

17	5.5832,7.05	4175	e%g%o%
17	5.5834,7.05	4175	e%g%o%
17	5.664,7.012	7112	e%g%ō%

17	5.3999,7.0167	545	e%l%u%
17	5.4244,7.1967	545	e%l%u%
17	5.5832,7.05	6449	è%gb%u%

17	5.4829,7.0337	134	à%gb%a%
17	5.5832,7.05	5859	à%l%a%
17	5.6027,7.322	5859	à%l%a%
17	5.664,7.012	324	à%m%a%
17	5.72517,7.13325	5859	à%l%a%

17	5.4244,7.1967	703	n%ì%
17	5.4829,7.0337	655	n%i%
17	5.5834,7.05	716	n%u%
17	5.6027,7.322	819	n%ụ̀%
17	5.664,7.012	827	n%ù%

16	5.6027,7.322	652	a%h%a%
16	5.664,7.012	6478	à%t%a%
16	5.72517,7.13325	696	a%g%a%

16	5.6027,7.322	410	m%ụ%
16	5.664,7.012	489	h%ụ%
16	5.72517,7.13325	410	m%ụ%

16	5.5834,7.05	1034	ọ%g%ụ%
16	5.6027,7.322	7378	ọ%kh%ụ%
16	5.72517,7.13325	776	ọ%k%ụ%

16	5.5832,7.05	8758	m̀%b%ụ%
16	5.5834,7.05	760	m%b%ụ%
16	5.664,7.012	760	m%b%ụ%
16	5.72517,7.13325	8758	m̀%b%ụ%

16	5.3999,7.0167	46	à%l%à%
16	5.4829,7.0337	5787	à%à%
16	5.5832,7.05	5787	à%à%
16	5.5834,7.05	5787	à%à%

16	5.3999,7.0167	408	m̀%m%à%
16	5.4244,7.1967	408	m̀%m%à%
16	5.5832,7.05	149	m%m%à%
16	5.5834,7.05	408	m̀%m%à%
16	5.72517,7.13325	633	m%m%a%

15	5.3999,7.0167	609	a%kp%ọ̀%
15	5.4244,7.1967	90	à%kp%ọ̀%
15	5.664,7.012	7485	à%s%ụ%
15	5.71795,7.08217	5898	à%hw%ụ%
15	5.72517,7.13325	5983	à%kp%ụ%

15	5.522,6.923	483	i%h%e%è%
15	5.5832,7.05	483	i%h%e%è%
15	5.6027,7.322	5822	è%h%e%è%
15	5.72517,7.13325	5822	è%h%e%è%

15	5.4829,7.0337	5790	sh%ị̄%
15	5.5832,7.05	5790	sh%ị̄%
15	5.664,7.012	863	sh%ì%

15	5.4244,7.1967	772	nw%e%
15	5.5834,7.05	77	nw%e%e%

15	5.3999,7.0167	28	e%j%ì%
15	5.4244,7.1967	705	é%j%ì%
15	5.5832,7.05	313	è%j%i%

15	5.3999,7.0167	340	y%e%
15	5.4244,7.1967	682	y%è%
15	5.4829,7.0337	2745	y%ị%
15	5.72517,7.13325	682	y%è%

15	5.3999,7.0167	30	ǹ%k%è%
15	5.4244,7.1967	695	ǹ%d%è%

15	5.4244,7.1967	743	d%ì%
15	5.6027,7.322	638	d%i%
15	5.72517,7.13325	657	g%i%

15	5.3999,7.0167	43	ọ%n%ụ̄%
15	5.4244,7.1967	282	ọ%n%ụ%
15	5.6027,7.322	43	ọ%n%ụ̄%

15	5.4543,7.0247	4275	d%a%a%
15	5.522,6.923	433	m%a%a%
15	5.5832,7.05	433	m%a%a%
15	5.6027,7.322	433	m%a%a%
15	5.72517,7.13325	433	m%a%a%

15	5.5834,7.05	564	b%ụ%
15	5.72517,7.13325	405	m̄%b%ụ̄%

14	5.4829,7.0337	5852	p%ụ̀%t%a%
14	5.5832,7.05	5852	p%ụ̀%t%a%
14	5.5834,7.05	730	p%ụ%t%a%

14	5.4244,7.1967	747	n%r%i%
14	5.5832,7.05	9358	n%r%ī%
14	5.5834,7.05	9358	n%r%ī%
14	5.664,7.012	9358	n%r%ī%
14	5.71795,7.08217	747	n%r%i%

14	5.522,6.923	12	j%ì%
14	5.5832,7.05	863	sh%ì%
14	5.5834,7.05	863	sh%ì%

14	5.4543,7.0247	893	r%i%e%
14	5.5832,7.05	102	r%ị%
14	5.5834,7.05	102	r%ị%
14	5.6027,7.322	6663	r%ī%

14	5.4829,7.0337	45	a%k%ā%
14	5.522,6.923	45	a%k%ā%
14	5.664,7.012	45	a%k%ā%
14	5.71795,7.08217	45	a%k%ā%
14	5.72517,7.13325	7405	a%k%ị̄%

14	5.522,6.923	2662	à%h%ụ̀%
14	5.5832,7.05	47	à%h%ụ%
14	5.6027,7.322	2662	à%h%ụ̀%
14	5.664,7.012	112	à%z%ụ%
14	5.71795,7.08217	47	à%h%ụ%
14	5.72517,7.13325	47	à%h%ụ%

14	5.5832,7.05	553	d%ị̄%
14	5.5834,7.05	743	d%ì%
14	5.71795,7.08217	1879	d%ị̀%
14	5.72517,7.13325	1879	d%ị̀%

14	5.3999,7.0167	372	o%kw%u%
14	5.6027,7.322	366	o%t%u%
14	5.664,7.012	372	o%kw%u%
14	5.72517,7.13325	372	o%kw%u%

14	5.4829,7.0337	452	k%è%
14	5.5832,7.05	452	k%è%
14	5.6027,7.322	682	y%è%
14	5.72517,7.13325	452	k%è%

13	5.4244,7.1967	679	kw%à%
13	5.6027,7.322	965	kw%e%

13	5.4244,7.1967	140	nw%è%r%è%
13	5.5834,7.05	82	e%nw%è%r%è%
13	5.6027,7.322	82	e%nw%è%r%è%
13	5.664,7.012	82	e%nw%è%r%è%
13	5.71795,7.08217	82	e%nw%è%r%è%

13	5.5834,7.05	696	a%g%a%
13	5.71795,7.08217	652	a%h%a%

13	5.4829,7.0337	5018	i%h%e%e%
13	5.5832,7.05	5018	i%h%e%e%
13	5.5834,7.05	9914	E%h%e%e%
13	5.664,7.012	5018	i%h%e%e%

13	5.522,6.923	3565	kw%a%a%
13	5.5832,7.05	1398	k%a%a%
13	5.5834,7.05	522	g%a%a%

13	5.5832,7.05	163	i%kh%e%
13	5.5834,7.05	163	i%kh%e%
13	5.664,7.012	163	i%kh%e%
13	5.71795,7.08217	7412	i%kh%è%

13	5.3999,7.0167	24	ụ%kw%ụ̄%
13	5.4244,7.1967	1030	ụ%kw%a%
13	5.4829,7.0337	24	ụ%kw%ụ̄%
13	5.6027,7.322	13855	ụ%kw%à%

13	5.4829,7.0337	6353	ù%gb%u%
13	5.5832,7.05	6353	ù%gb%u%
13	5.6027,7.322	6352	ù%gb%u%à%
13	5.664,7.012	6353	ù%gb%u%

13	5.6027,7.322	307	è%sh%i%
13	5.664,7.012	5836	è%sh%ì%
13	5.71795,7.08217	307	è%sh%i%

13	5.522,6.923	784	e%l%e%
13	5.5832,7.05	784	e%l%e%
13	5.5834,7.05	888	e%nw%e%
13	5.664,7.012	888	e%nw%e%

13	5.4829,7.0337	1326	r%i%
13	5.522,6.923	75	r%ị̄%
13	5.5834,7.05	5811	n%ị̄%
13	5.6027,7.322	10154	y%ị̄%
13	5.72517,7.13325	10154	y%ị̄%

13	5.4244,7.1967	740	n%o%
13	5.4829,7.0337	5848	n%è%
13	5.5834,7.05	819	n%ụ̀%
13	5.664,7.012	716	n%u%

13	5.3999,7.0167	507	gb%a%a%
13	5.4543,7.0247	1432	kp%a%a%
13	5.4829,7.0337	507	gb%a%a%
13	5.522,6.923	507	gb%a%a%
13	5.6027,7.322	507	gb%a%a%
13	5.72517,7.13325	507	gb%a%a%

12	5.6027,7.322	6213	ụ%n%ụ%
12	5.664,7.012	5812	ụ%m%ụ̀%
12	5.72517,7.13325	656	ụ%m%ụ%

12	5.522,6.923	482	i%h%ē%
12	5.5832,7.05	482	i%h%ē%
12	5.6027,7.322	5861	i%kh%ē%
12	5.72517,7.13325	5861	i%kh%ē%

12	5.4244,7.1967	1552	a%n%ọ̀%
12	5.4543,7.0247	690	a%n%ọ%
12	5.522,6.923	5802	a%n%ụ̀%
12	5.5834,7.05	6213	ụ%n%ụ%
12	5.664,7.012	5992	ụ%n%ụ̀%

12	5.5834,7.05	68	m%m%ā%
12	5.6027,7.322	149	m%m%à%
12	5.664,7.012	68	m%m%ā%
12	5.72517,7.13325	149	m%m%à%

12	5.4829,7.0337	567	b%ị%a%
12	5.522,6.923	5806	b%ị%à%
12	5.5834,7.05	5806	b%ị%à%
12	5.6027,7.322	5806	b%ị%à%
12	5.664,7.012	5806	b%ị%à%
12	5.72517,7.13325	5806	b%ị%à%

12	5.522,6.923	60	a%k%à%
12	5.5832,7.05	60	a%k%à%
12	5.5834,7.05	60	a%k%à%
12	5.6027,7.322	45	a%k%ā%
12	5.72517,7.13325	45	a%k%ā%

12	5.4829,7.0337	871	j%e%
12	5.522,6.923	871	j%e%
12	5.6027,7.322	3134	ny%e%
12	5.72517,7.13325	3134	ny%e%

12	5.4244,7.1967	727	a%m%a%
12	5.4543,7.0247	729	a%n%a%

12	5.3999,7.0167	37	j%ì%r%ì%
12	5.4244,7.1967	37	j%ì%r%ì%
12	5.6027,7.322	352	sh%ì%r%ì%
12	5.72517,7.13325	37	j%ì%r%ì%

11	5.6027,7.322	124	o%nw%è%r%è%
11	5.664,7.012	124	o%nw%è%r%è%
11	5.72517,7.13325	82	e%nw%è%r%è%

11	5.4829,7.0337	28	e%j%ì%
11	5.5834,7.05	6119	è%j%e%
11	5.6027,7.322	7372	è%d%e%
11	5.72517,7.13325	7372	è%d%e%

11	5.4829,7.0337	5910	è%è%
11	5.5832,7.05	5910	è%è%
11	5.5834,7.05	314	è%e%
11	5.6027,7.322	314	è%e%
11	5.72517,7.13325	310	è%l%e%

11	5.5832,7.05	2845	u%l%ò%
11	5.5834,7.05	5933	u%lw%ò%
11	5.6027,7.322	10272	u%lw%ō%
11	5.664,7.012	5933	u%lw%ò%
11	5.72517,7.13325	5933	u%lw%ò%

11	5.522,6.923	8085	n%d%ị%à%
11	5.5834,7.05	5026	n%d%ị%a%
11	5.6027,7.322	8085	n%d%ị%à%

11	5.4543,7.0247	5469	h%a%a%
11	5.4829,7.0337	3565	kw%a%a%
11	5.522,6.923	522	g%a%a%
11	5.5834,7.05	403	n%a%a%
11	5.664,7.012	403	n%a%a%
11	5.72517,7.13325	403	n%a%a%

11	5.4244,7.1967	3570	kp%ọ̄%
11	5.4829,7.0337	736	kp%ọ%
11	5.5834,7.05	736	kp%ọ%
11	5.6027,7.322	736	kp%ọ%
11	5.72517,7.13325	736	kp%ọ%

11	5.522,6.923	575	ā%ny%ị̄%
11	5.5832,7.05	575	ā%ny%ị̄%
11	5.5834,7.05	8510	a%ny%ị̄%
11	5.6027,7.322	575	ā%ny%ị̄%

11	5.4244,7.1967	807	n%d%u%
11	5.4543,7.0247	807	n%d%u%
11	5.5832,7.05	1027	n%d%ụ%
11	5.6027,7.322	807	n%d%u%

11	5.4543,7.0247	5228	s%i%r%i%
11	5.4829,7.0337	354	sh%i%r%i%
11	5.5832,7.05	702	j%i%r%i%
11	5.5834,7.05	702	j%i%r%i%
11	5.664,7.012	702	j%i%r%i%

11	5.5832,7.05	6119	è%j%e%
11	5.5834,7.05	785	e%j%e%
11	5.664,7.012	1328	e%d%e%

11	5.4543,7.0247	1376	o%g%e%
11	5.4829,7.0337	6716	o%g%ē%
11	5.522,6.923	7981	o%ny%ē%
11	5.5832,7.05	6716	o%g%ē%
11	5.5834,7.05	5841	o%g%è%

11	5.4829,7.0337	44	m̄%m%ā%d%ụ̀%
11	5.5832,7.05	44	m̄%m%ā%d%ụ̀%
11	5.5834,7.05	44	m̄%m%ā%d%ụ̀%
11	5.664,7.012	242	m%m%ā%d%ụ̀%
11	5.71795,7.08217	40	m%m%a%d%ụ̀%

11	5.4543,7.0247	3565	kw%a%a%
11	5.522,6.923	7012	g%a%ā%
11	5.5832,7.05	522	g%a%a%

11	5.3999,7.0167	553	d%ị̄%
11	5.4543,7.0247	692	d%ị%
11	5.522,6.923	5790	sh%ị̄%
11	5.5834,7.05	553	d%ị̄%
11	5.6027,7.322	553	d%ị̄%
11	5.664,7.012	553	d%ị̄%
11	5.72517,7.13325	553	d%ị̄%

11	5.5832,7.05	807	n%d%u%
11	5.5834,7.05	807	n%d%u%
11	5.6027,7.322	5901	n%d%ụ̀%
11	5.72517,7.13325	807	n%d%u%

11	5.4244,7.1967	713	e%gb%e%
11	5.4543,7.0247	884	e%z%e%

10	5.4829,7.0337	3727	i%sh%ì%
10	5.522,6.923	5836	è%sh%ì%
10	5.5834,7.05	5836	è%sh%ì%
10	5.72517,7.13325	15213	u%sh%ì%

10	5.6027,7.322	7069	e%sh%ì%
10	5.72517,7.13325	722	e%sh%i%

10	5.5832,7.05	1123	a%a%
10	5.5834,7.05	1123	a%a%
10	5.6027,7.322	584	a%à%
10	5.72517,7.13325	1123	a%a%

10	5.522,6.923	440	kw%u%o%
10	5.5832,7.05	440	kw%u%o%
10	5.6027,7.322	5099	s%u%o%
10	5.72517,7.13325	5099	s%u%o%

10	5.5834,7.05	405	m̄%b%ụ̄%
10	5.6027,7.322	405	m̄%b%ụ̄%
10	5.72517,7.13325	561	b%ụ̄%

10	5.5834,7.05	5031	u%b%i%
10	5.664,7.012	922	u%b%e%

10	5.4829,7.0337	6663	r%ī%
10	5.5832,7.05	202	r%ụ̀%
10	5.5834,7.05	2960	r%ụ%
10	5.6027,7.322	645	n%ụ%
10	5.664,7.012	2960	r%ụ%
10	5.72517,7.13325	819	n%ụ̀%

10	5.5834,7.05	836	e%kw%u%
10	5.664,7.012	1482	e%k%u%

10	5.5832,7.05	6233	ọ̄%w%ụ̄%n%à%
10	5.6027,7.322	7407	ọ̄%w%ụ̄%l%à%
10	5.72517,7.13325	7407	ọ̄%w%ụ̄%l%à%

10	5.5832,7.05	9098	à%r%ụ%
10	5.5834,7.05	1086	a%r%ụ%

10	5.3999,7.0167	128	g%à%
10	5.4829,7.0337	627	g%a%
10	5.5834,7.05	944	gb%a%

10	5.4543,7.0247	737	i%r%i%
10	5.4829,7.0337	754	e%r%i%
10	5.5832,7.05	2034	e%r%e%
10	5.5834,7.05	2034	e%r%e%

10	5.4829,7.0337	5786	è%m%e%
10	5.522,6.923	6418	è%r%e%

10	5.4829,7.0337	47	à%h%ụ%
10	5.5832,7.05	6332	ị%h%ụ%

10	5.4829,7.0337	6647	r%ị̄%k%à%
10	5.5832,7.05	5980	r%ị%k%à%

10	5.3999,7.0167	281	ọ%r̃%ụ%
10	5.4244,7.1967	811	ọ%r%ụ%
10	5.5834,7.05	10030	ọ%r̃%ụ̄%
10	5.664,7.012	10030	ọ%r̃%ụ̄%
10	5.71795,7.08217	281	ọ%r̃%ụ%

10	5.6027,7.322	747	n%r%i%
10	5.71795,7.08217	9358	n%r%ī%
10	5.72517,7.13325	747	n%r%i%

9	5.6027,7.322	372	o%kw%u%
9	5.72517,7.13325	642	u%kw%u%

9	5.6027,7.322	28	e%j%ì%
9	5.72517,7.13325	6971	i%j%ì%

9	5.5834,7.05	1316	m̀%gb%ò%
9	5.6027,7.322	5823	ì%gb%ò%
9	5.72517,7.13325	5823	ì%gb%ò%

9	5.4244,7.1967	789	h%ù%
9	5.71795,7.08217	630	h%u%
9	5.72517,7.13325	630	h%u%

9	5.4829,7.0337	366	o%t%u%
9	5.5832,7.05	366	o%t%u%
9	5.5834,7.05	6358	ò%t%u%

9	5.5832,7.05	3134	ny%e%
9	5.5834,7.05	3134	ny%e%
9	5.664,7.012	3134	ny%e%
9	5.72517,7.13325	694	N%n%e%

9	5.5834,7.05	710	a%gb%a%
9	5.664,7.012	915	a%kp%a%

9	5.4829,7.0337	553	d%ị̄%
9	5.5834,7.05	353	sh%ī%
9	5.6027,7.322	53	sh%i%
9	5.72517,7.13325	53	sh%i%

9	5.5832,7.05	415	m%à%ọ̀%w%ụ%
9	5.5834,7.05	5896	m%à%ọ̀%w%ụ̀%
9	5.6027,7.322	5896	m%à%ọ̀%w%ụ̀%
9	5.72517,7.13325	5896	m%à%ọ̀%w%ụ̀%

9	5.6027,7.322	431	m%a%r̃%a%
9	5.72517,7.13325	687	m%a%r%a%

9	5.5832,7.05	8628	à%t%ụ%
9	5.6027,7.322	7485	à%s%ụ%
9	5.72517,7.13325	7485	à%s%ụ%

9	5.5834,7.05	1873	n%kw%ụ%
9	5.71795,7.08217	6089	n%kw%ụ̄%
9	5.72517,7.13325	1873	n%kw%ụ%

9	5.5834,7.05	1453	n%kw%u%
9	5.6027,7.322	6089	n%kw%ụ̄%
9	5.71795,7.08217	1873	n%kw%ụ%

9	5.5832,7.05	5979	ì%r%i%
9	5.5834,7.05	737	i%r%i%

9	5.664,7.012	5797	è%ny%e%
9	5.71795,7.08217	309	è%nw%e%
9	5.72517,7.13325	309	è%nw%e%

9	5.5834,7.05	1303	M%gb%e%
9	5.71795,7.08217	157	m̀%gb%e%

9	5.5832,7.05	8624	ọ%z%ọ̄%
9	5.5834,7.05	8624	ọ%z%ọ̄%
9	5.72517,7.13325	42	ọ̄%z%ọ̄%

9	5.4829,7.0337	2984	r%i%m%e%
9	5.5834,7.05	893	r%i%e%
9	5.664,7.012	893	r%i%e%

9	5.5832,7.05	827	n%ù%
9	5.5834,7.05	740	n%o%
9	5.664,7.012	126	n%ụ̄%

9	5.4829,7.0337	473	i%m%ī%
9	5.522,6.923	88	i%sh%ī%
9	5.5834,7.05	3727	i%sh%ì%
9	5.664,7.012	3727	i%sh%ì%

9	5.3999,7.0167	140	nw%è%r%è%
9	5.4829,7.0337	140	nw%è%r%è%
9	5.522,6.923	7534	nw%è%r̃%è%
9	5.5834,7.05	7534	nw%è%r̃%è%
9	5.664,7.012	7534	nw%è%r̃%è%

9	5.4244,7.1967	1418	d%i%k%a%
9	5.522,6.923	7133	d%ị%k%à%
9	5.5834,7.05	7133	d%ị%k%à%
9	5.71795,7.08217	7133	d%ị%k%à%

9	5.4829,7.0337	575	ā%ny%ị̄%
9	5.5834,7.05	575	ā%ny%ị̄%
9	5.71795,7.08217	8510	a%ny%ị̄%
9	5.72517,7.13325	575	ā%ny%ị̄%

9	5.3999,7.0167	347	w%è%r%è%
9	5.4829,7.0337	347	w%è%r%è%
9	5.5832,7.05	347	w%è%r%è%
9	5.5834,7.05	104	w%è%r%e%
9	5.664,7.012	347	w%è%r%è%

9	5.5834,7.05	5099	s%u%o%
9	5.72517,7.13325	360	r%u%o%

8	5.4244,7.1967	78	k%ē%
8	5.6027,7.322	452	k%è%

8	5.5834,7.05	482	i%h%ē%
8	5.6027,7.322	161	i%m%ē%
8	5.71795,7.08217	161	i%m%ē%
8	5.72517,7.13325	473	i%m%ī%

8	5.5834,7.05	21	a%y%ị%
8	5.6027,7.322	13220	a%y%ị̀%
8	5.664,7.012	13220	a%y%ị̀%
8	5.72517,7.13325	13220	a%y%ị̀%

8	5.6027,7.322	659	n%gw%a%
8	5.664,7.012	636	n%g%a%
8	5.72517,7.13325	636	n%g%a%

8	5.71795,7.08217	87	i%k%e%
8	5.72517,7.13325	163	i%kh%e%

8	5.664,7.012	2112	n%i%i%l%e%
8	5.72517,7.13325	650	n%i%l%e%

8	5.5834,7.05	1794	g%ị%n%ị%
8	5.664,7.012	9614	g%ị%n%ị̄%

8	5.664,7.012	69	e%w%ū%
8	5.71795,7.08217	139	e%w%u%

8	5.5832,7.05	6647	r%ị̄%k%à%
8	5.5834,7.05	5980	r%ị%k%à%
8	5.6027,7.322	6647	r%ị̄%k%à%

8	5.5834,7.05	2073	o%f%e%
8	5.6027,7.322	5978	o%f%ē%
8	5.72517,7.13325	5978	o%f%ē%

8	5.4543,7.0247	3463	m%b%ọ%
8	5.4829,7.0337	6019	m%b%à%
8	5.522,6.923	6019	m%b%à%
8	5.5834,7.05	6019	m%b%à%
8	5.72517,7.13325	8152	m%b%è%

8	5.5834,7.05	6647	r%ị̄%k%à%
8	5.6027,7.322	7130	d%ị̄%k%à%
8	5.664,7.012	5980	r%ị%k%à%
8	5.72517,7.13325	7130	d%ị̄%k%à%

8	5.4829,7.0337	48	o%t%ù%
8	5.5832,7.05	1488	ò%t%ù%
8	5.664,7.012	6358	ò%t%u%
8	5.71795,7.08217	366	o%t%u%

8	5.4829,7.0337	149	m%m%à%
8	5.5832,7.05	6019	m%b%à%
8	5.5834,7.05	1047	m%b%a%

8	5.5832,7.05	246	nw%a%
8	5.5834,7.05	704	Nw%a%

8	5.522,6.923	1879	d%ị̀%
8	5.5832,7.05	692	d%ị%
8	5.5834,7.05	9926	G%ị%

8	5.5834,7.05	995	E%e%
8	5.72517,7.13325	833	e%ch%e%

8	5.5834,7.05	186	a%n%ụ%
8	5.664,7.012	732	a%z%ụ%
8	5.71795,7.08217	112	à%z%ụ%

8	5.4244,7.1967	1879	d%ị̀%
8	5.4829,7.0337	39	r%ị̀%
8	5.522,6.923	39	r%ị̀%
8	5.5834,7.05	39	r%ị̀%

8	5.4829,7.0337	5978	o%f%ē%
8	5.522,6.923	6716	o%g%ē%
8	5.5832,7.05	7981	o%ny%ē%

8	5.4543,7.0247	5056	n%d%e%e%
8	5.4829,7.0337	185	n%d%e%è%
8	5.5834,7.05	185	n%d%e%è%
8	5.6027,7.322	185	n%d%e%è%

8	5.4244,7.1967	1488	ò%t%ù%
8	5.4829,7.0337	1488	ò%t%ù%
8	5.5834,7.05	48	o%t%ù%
8	5.664,7.012	1488	ò%t%ù%

8	5.3999,7.0167	63	n%d%e%
8	5.4244,7.1967	782	n%d%i%

8	5.4244,7.1967	781	kp%à%
8	5.4543,7.0247	718	kp%a%

8	5.4244,7.1967	755	e%kw%e%
8	5.4543,7.0247	966	e%k%e%

8	5.3999,7.0167	186	a%n%ụ%
8	5.4244,7.1967	732	a%z%ụ%

8	5.3999,7.0167	307	è%sh%i%
8	5.4543,7.0247	722	e%sh%i%
8	5.4829,7.0337	307	è%sh%i%
8	5.5832,7.05	5836	è%sh%ì%

8	5.3999,7.0167	104	w%è%r%e%
8	5.4244,7.1967	347	w%è%r%è%
8	5.522,6.923	5948	e%w%è%r%e%
8	5.5832,7.05	104	w%è%r%e%

8	5.4244,7.1967	186	a%n%ụ%
8	5.4829,7.0337	790	kw%a%n%ụ%
8	5.72517,7.13325	186	a%n%ụ%

8	5.3999,7.0167	33	a%f%ọ̄%
8	5.4244,7.1967	223	a%f%ọ̀%
8	5.4829,7.0337	33	a%f%ọ̄%
8	5.522,6.923	138	a%f%ọ%

7	5.71795,7.08217	79	ọ̀%z%ọ%
7	5.72517,7.13325	641	ọ%z%ọ%

7	5.6027,7.322	7383	e%d%è%
7	5.72517,7.13325	1328	e%d%e%

7	5.5834,7.05	13379	a%kp%ụ̄%
7	5.6027,7.322	5664	a%kp%ụ%
7	5.72517,7.13325	13379	a%kp%ụ̄%

7	5.6027,7.322	8042	n%à%-%è%m%e%
7	5.664,7.012	9347	n%à%-%è%nw%e%
7	5.71795,7.08217	9347	n%à%-%è%nw%e%
7	5.72517,7.13325	8042	n%à%-%è%m%e%

7	5.5834,7.05	3575	kp%ọ%ọ%
7	5.664,7.012	736	kp%ọ%

7	5.5834,7.05	1060	e%b%i%r%i%
7	5.664,7.012	916	e%j%i%r%i%

7	5.5832,7.05	43	ọ%n%ụ̄%
7	5.6027,7.322	282	ọ%n%ụ%
7	5.664,7.012	282	ọ%n%ụ%
7	5.72517,7.13325	282	ọ%n%ụ%

7	5.5834,7.05	5927	m%m%i%r%ī%
7	5.6027,7.322	14660	m̀%m%i%r%ī%
7	5.664,7.012	640	m%m%i%r%i%

7	5.5832,7.05	1256	ch%ọ̀%r%ọ̀%
7	5.5834,7.05	3573	kp%ọ̀%r%ọ̀%
7	5.6027,7.322	3573	kp%ọ̀%r%ọ̀%
7	5.664,7.012	3573	kp%ọ̀%r%ọ̀%
7	5.72517,7.13325	3573	kp%ọ̀%r%ọ̀%

7	5.5834,7.05	778	t%a%a%
7	5.6027,7.322	1432	kp%a%a%
7	5.72517,7.13325	1432	kp%a%a%

7	5.6027,7.322	7650	ụ̀%z%ọ̀%
7	5.72517,7.13325	257	ụ%z%ọ̀%

7	5.5832,7.05	8861	ụ̀%t%ụ%
7	5.5834,7.05	9923	ụ%t%ụ%

7	5.5834,7.05	7407	ọ̄%w%ụ̄%l%à%
7	5.6027,7.322	6233	ọ̄%w%ụ̄%n%à%
7	5.664,7.012	7407	ọ̄%w%ụ̄%l%à%
7	5.72517,7.13325	6233	ọ̄%w%ụ̄%n%à%

7	5.5832,7.05	281	ọ%r̃%ụ%
7	5.6027,7.322	10030	ọ%r̃%ụ̄%
7	5.72517,7.13325	10030	ọ%r̃%ụ̄%

7	5.4829,7.0337	6510	à%k%ọ%
7	5.5832,7.05	19	à%kp%ọ%
7	5.5834,7.05	5846	à%ch%ọ%

7	5.5834,7.05	1054	n%ọ%r%ọ%
7	5.6027,7.322	5805	n%ọ̀%r%ọ%

7	5.5834,7.05	3235	n%z%e%
7	5.71795,7.08217	63	n%d%e%

7	5.5832,7.05	5934	i%h̃%e%
7	5.5834,7.05	3739	i%nw%e%

7	5.522,6.923	5814	à%b%à%l%ị̀%
7	5.5832,7.05	5814	à%b%à%l%ị̀%
7	5.5834,7.05	8594	a%b%à%l%ị̀%
7	5.6027,7.322	8594	a%b%à%l%ị̀%
7	5.72517,7.13325	8594	a%b%à%l%ị̀%

7	5.4829,7.0337	482	i%h%ē%
7	5.522,6.923	470	ī%h%ē%
7	5.72517,7.13325	470	ī%h%ē%

7	5.4829,7.0337	717	a%sh%ị%
7	5.5832,7.05	5808	à%sh%ị%
7	5.5834,7.05	5808	à%sh%ị%

7	5.522,6.923	5980	r%ị%k%à%
7	5.5832,7.05	7133	d%ị%k%à%

7	5.4829,7.0337	6358	ò%t%u%
7	5.522,6.923	366	o%t%u%

7	5.5832,7.05	5801	ǹ%g%a%à%
7	5.71795,7.08217	32	ǹ%g%à%

7	5.4829,7.0337	392	n%ọ̄%
7	5.5832,7.05	392	n%ọ̄%
7	5.664,7.012	392	n%ọ̄%
7	5.71795,7.08217	66	n%ọ%

7	5.4829,7.0337	5922	i%r%ī%
7	5.522,6.923	473	i%m%ī%
7	5.5832,7.05	5922	i%r%ī%
7	5.5834,7.05	473	i%m%ī%

7	5.5832,7.05	473	i%m%ī%
7	5.6027,7.322	473	i%m%ī%
7	5.72517,7.13325	161	i%m%ē%

7	5.4543,7.0247	5026	n%d%ị%a%
7	5.4829,7.0337	130	n%d%ị%ị%
7	5.5832,7.05	8085	n%d%ị%à%

7	5.3999,7.0167	474	i%m%e%e%
7	5.4829,7.0337	426	m%e%e%

7	5.4829,7.0337	133	à%kp%à%
7	5.522,6.923	133	à%kp%à%
7	5.6027,7.322	133	à%kp%à%
7	5.71795,7.08217	90	à%kp%ọ̀%

7	5.6027,7.322	2960	r%ụ%
7	5.71795,7.08217	202	r%ụ̀%
7	5.72517,7.13325	2960	r%ụ%

7	5.4244,7.1967	3023	o%w%u%
7	5.4543,7.0247	3023	o%w%u%
7	5.6027,7.322	158	o%l%u%
7	5.72517,7.13325	8708	o%th%u%

7	5.5834,7.05	5859	à%l%a%
7	5.664,7.012	644	a%l%a%

6	5.5834,7.05	33	a%f%ọ̄%
6	5.6027,7.322	33	a%f%ọ̄%
6	5.71795,7.08217	33	a%f%ọ̄%
6	5.72517,7.13325	581	ā%f%ọ̄%

6	5.664,7.012	5845	ọ%k%ụ̄%
6	5.71795,7.08217	776	ọ%k%ụ%

6	5.6027,7.322	6478	à%t%a%
6	5.72517,7.13325	5834	à%kp%a%

6	5.522,6.923	6352	ù%gb%u%à%
6	5.5832,7.05	297	ù%gb%u%ù%
6	5.5834,7.05	297	ù%gb%u%ù%

6	5.5834,7.05	343	w%ụ̀%
6	5.664,7.012	1329	w%u%

6	5.5832,7.05	757	b%u%r%u%
6	5.5834,7.05	757	b%u%r%u%
6	5.664,7.012	787	r%u%r%u%

6	5.664,7.012	652	a%h%a%
6	5.71795,7.08217	127	a%h%à%
6	5.72517,7.13325	652	a%h%a%

6	5.5834,7.05	929	a%j%ụ%
6	5.664,7.012	725	a%g%ụ%

6	5.5834,7.05	631	n%n%u%
6	5.72517,7.13325	6787	n%n%ụ̄%

6	5.4829,7.0337	1034	ọ%g%ụ%
6	5.5832,7.05	1034	ọ%g%ụ%
6	5.5834,7.05	1136	ọ%nw%ụ%

6	5.522,6.923	6286	ọ%h%ụ%r̃%ụ̄%
6	5.5832,7.05	8756	ọ%h%ụ%r%ụ̄%
6	5.5834,7.05	1122	ọ%h%ụ%r%ụ%

6	5.5834,7.05	9925	nw%e%gh%ị%
6	5.664,7.012	11665	nw%e%gh%ị̄%

6	5.5834,7.05	8038	n%à%-%è%sh%i%
6	5.6027,7.322	8038	n%à%-%è%sh%i%
6	5.664,7.012	8038	n%à%-%è%sh%i%
6	5.72517,7.13325	8044	n%à%-%è%j%i%

6	5.5834,7.05	8076	n%i%ī%n%ē%
6	5.6027,7.322	8076	n%i%ī%n%ē%
6	5.664,7.012	8076	n%i%ī%n%ē%
6	5.71795,7.08217	5864	n%i%ī%l%ē%

6	5.5834,7.05	6040	ī%k%ē%
6	5.664,7.012	478	i%k%ē%
6	5.72517,7.13325	6040	ī%k%ē%

6	5.5834,7.05	896	e%h%u%
6	5.664,7.012	80	i%h%u%
6	5.71795,7.08217	80	i%h%u%

6	5.5834,7.05	771	e%e%e%
6	5.6027,7.322	771	e%e%e%
6	5.72517,7.13325	1515	e%m%e%e%

6	5.5832,7.05	5941	a%z%ụ̀%
6	5.5834,7.05	732	a%z%ụ%

6	5.522,6.923	5874	a%h%ị%ā%
6	5.5832,7.05	5677	a%h%ị%a%
6	5.5834,7.05	735	a%h%i%a%
6	5.664,7.012	5677	a%h%ị%a%

6	5.5834,7.05	619	a%ch%a%
6	5.664,7.012	4738	a%b%a%
6	5.71795,7.08217	4725	a%b%ị%a%

6	5.4829,7.0337	5916	ì%gb%o%
6	5.5832,7.05	5916	ì%gb%o%
6	5.6027,7.322	5916	ì%gb%o%
6	5.71795,7.08217	5823	ì%gb%ò%
6	5.72517,7.13325	5916	ì%gb%o%

6	5.522,6.923	63	n%d%e%
6	5.5832,7.05	1666	n%e%

6	5.4543,7.0247	790	kw%a%n%ụ%
6	5.5832,7.05	186	a%n%ụ%
6	5.5834,7.05	7817	à%n%ụ%
6	5.6027,7.322	2648	à%n%ọ̀%
6	5.72517,7.13325	2648	à%n%ọ̀%

6	5.4829,7.0337	1027	n%d%ụ%
6	5.522,6.923	5901	n%d%ụ̀%

6	5.4829,7.0337	6256	ọ̀%kw%à%
6	5.522,6.923	5869	a%kw%à%

6	5.522,6.923	6663	r%ī%
6	5.5832,7.05	75	r%ị̄%
6	5.6027,7.322	75	r%ị̄%

6	5.4829,7.0337	408	m̀%m%à%
6	5.522,6.923	149	m%m%à%

6	5.4829,7.0337	527	ē%zh%ī%
6	5.522,6.923	5981	ē%r%ī%

6	5.4829,7.0337	5836	è%sh%ì%
6	5.522,6.923	7069	e%sh%ì%
6	5.71795,7.08217	5836	è%sh%ì%
6	5.72517,7.13325	7069	e%sh%ì%

6	5.4829,7.0337	5809	à%b%ị%a%
6	5.5832,7.05	4725	a%b%ị%a%

6	5.4244,7.1967	777	s%i%
6	5.4829,7.0337	724	ch%i%

6	5.4244,7.1967	1099	p%ụ%r%ụ%
6	5.4543,7.0247	1164	b%ụ%r%ụ%

6	5.4244,7.1967	791	nw%ụ%r%ụ%
6	5.4829,7.0337	711	h%ụ%r%ụ%

6	5.4543,7.0247	687	m%a%r%a%
6	5.4829,7.0337	687	m%a%r%a%
6	5.522,6.923	431	m%a%r̃%a%

6	5.4244,7.1967	80	i%h%u%
6	5.4543,7.0247	676	i%h%i%

6	5.4244,7.1967	784	e%l%e%
6	5.4543,7.0247	2034	e%r%e%

6	5.4244,7.1967	779	e%h%i%
6	5.4543,7.0247	1113	e%z%i%

6	5.4244,7.1967	771	e%e%e%
6	5.4543,7.0247	874	E%e%e%

6	5.4244,7.1967	4275	d%a%a%
6	5.4543,7.0247	403	n%a%a%

6	5.5832,7.05	45	a%k%ā%
6	5.5834,7.05	45	a%k%ā%
6	5.664,7.012	199	a%j%ā%

6	5.4543,7.0247	282	ọ%n%ụ%
6	5.522,6.923	7817	à%n%ụ%
6	5.5832,7.05	7817	à%n%ụ%
6	5.71795,7.08217	43	ọ%n%ụ̄%

6	5.3999,7.0167	134	à%gb%a%
6	5.4244,7.1967	329	à%gb%à%
6	5.6027,7.322	329	à%gb%à%
6	5.72517,7.13325	133	à%kp%à%

6	5.3999,7.0167	392	n%ọ̄%
6	5.4543,7.0247	740	n%o%
6	5.4829,7.0337	66	n%ọ%

6	5.3999,7.0167	552	e%b%e%e%
6	5.4829,7.0337	5840	e%b%e%è%
6	5.522,6.923	5840	e%b%e%è%
6	5.6027,7.322	5840	e%b%e%è%
6	5.72517,7.13325	5840	e%b%e%è%

5	5.6027,7.322	2845	u%l%ò%
5	5.72517,7.13325	2846	u%l%o%

5	5.6027,7.322	48	o%t%ù%
5	5.72517,7.13325	1937	o%t%ū%

5	5.4244,7.1967	820	gb%u%o%
5	5.72517,7.13325	440	kw%u%o%

5	5.5834,7.05	550	e%ē%
5	5.6027,7.322	83	e%e%
5	5.72517,7.13325	550	e%ē%

5	5.5834,7.05	16	ọ%w%ụ̄%
5	5.6027,7.322	7212	a%w%ụ̄%
5	5.72517,7.13325	573	ā%w%ụ̄%

5	5.5834,7.05	12275	ī%h%e%
5	5.6027,7.322	470	ī%h%ē%
5	5.664,7.012	470	ī%h%ē%

5	5.5834,7.05	1552	a%n%ọ̀%
5	5.6027,7.322	5802	a%n%ụ̀%
5	5.72517,7.13325	5941	a%z%ụ̀%

5	5.4829,7.0337	954	m%u%
5	5.5832,7.05	3357	m%ụ̀%
5	5.5834,7.05	6100	m%ụ̄%
5	5.664,7.012	8119	m%ọ̀%

5	5.5834,7.05	5906	i%h%è%
5	5.6027,7.322	183	i%gw%è%
5	5.72517,7.13325	183	i%gw%è%

5	5.4829,7.0337	5874	a%h%ị%ā%
5	5.5832,7.05	5874	a%h%ị%ā%
5	5.5834,7.05	5909	ọ%h%ị%ā%

5	5.5834,7.05	8042	n%à%-%è%m%e%
5	5.6027,7.322	7367	g%à%-%è%m%e%
5	5.664,7.012	8042	n%à%-%è%m%e%

5	5.5834,7.05	151	m%kp%ụ%r%ụ̄%
5	5.6027,7.322	84	m%kp%ụ%r%ụ%
5	5.664,7.012	151	m%kp%ụ%r%ụ̄%

5	5.5834,7.05	718	kp%a%
5	5.664,7.012	944	gb%a%

5	5.5834,7.05	3720	j%a%a%
5	5.6027,7.322	3720	j%a%a%
5	5.664,7.012	507	gb%a%a%
5	5.72517,7.13325	1330	z%a%a%

5	5.522,6.923	6796	n%h%ụ̀%
5	5.5832,7.05	488	h%ụ̀%
5	5.5834,7.05	6983	h%ụ̄%

5	5.5834,7.05	2044	a%s%ụ%
5	5.71795,7.08217	6050	a%s%ụ̄%

5	5.4829,7.0337	87	i%k%e%
5	5.5832,7.05	478	i%k%ē%
5	5.6027,7.322	478	i%k%ē%
5	5.72517,7.13325	478	i%k%ē%

5	5.5832,7.05	8762	gw%à%r%à%
5	5.5834,7.05	8762	gw%à%r%à%
5	5.664,7.012	1310	g%à%r%à%
5	5.72517,7.13325	8762	gw%à%r%à%

5	5.5832,7.05	2102	a%t%ụ%
5	5.664,7.012	2044	a%s%ụ%
5	5.71795,7.08217	7485	à%s%ụ%

5	5.4543,7.0247	1160	ọ%t%ụ%t%ụ%
5	5.4829,7.0337	6127	ọ̀%t%ụ%t%ụ%
5	5.5834,7.05	6127	ọ̀%t%ụ%t%ụ%

5	5.5832,7.05	811	ọ%r%ụ%
5	5.72517,7.13325	281	ọ%r̃%ụ%

5	5.4829,7.0337	5799	à%ṭ%ọ%
5	5.522,6.923	7804	à%t%ọ%

5	5.4244,7.1967	2745	y%ị%
5	5.522,6.923	2750	y%i%
5	5.5832,7.05	638	d%i%
5	5.6027,7.322	2745	y%ị%

5	5.4829,7.0337	360	r%u%o%
5	5.522,6.923	820	gb%u%o%

5	5.4244,7.1967	1105	j%è%
5	5.5832,7.05	5848	n%è%
5	5.5834,7.05	5838	n%ā%

5	5.4244,7.1967	507	gb%a%a%
5	5.4543,7.0247	826	b%a%a%
5	5.522,6.923	560	ch%a%a%
5	5.5832,7.05	3720	j%a%a%

5	5.3999,7.0167	55	e%b%e%
5	5.4543,7.0247	1328	e%d%e%
5	5.4829,7.0337	1328	e%d%e%

5	5.4829,7.0337	1879	d%ị̀%
5	5.5834,7.05	1879	d%ị̀%
5	5.6027,7.322	692	d%ị%
5	5.664,7.012	1879	d%ị̀%

5	5.4244,7.1967	826	b%a%a%
5	5.4543,7.0247	1398	k%a%a%

5	5.4829,7.0337	5806	b%ị%à%
5	5.5832,7.05	7166	b%ị%ā%

5	5.3999,7.0167	38	o%b%ì%
5	5.4244,7.1967	1597	o%b%u%

5	5.4244,7.1967	887	nw%à%
5	5.4829,7.0337	772	nw%e%
5	5.5834,7.05	1204	nw%è%

5	5.4244,7.1967	1873	n%kw%ụ%
5	5.4543,7.0247	1027	n%d%ụ%

5	5.4244,7.1967	1298	k%e%e%
5	5.4543,7.0247	1298	k%e%e%
5	5.6027,7.322	6923	k%è%e%

5	5.4244,7.1967	823	i%t%e%
5	5.4543,7.0247	5447	i%kp%e%

5	5.4244,7.1967	851	a%sh%i%
5	5.4543,7.0247	1413	a%s%i%

5	5.4244,7.1967	816	a%kw%ụ%
5	5.6027,7.322	15125	a%kw%ụ̄%

5	5.4244,7.1967	609	a%kp%ọ̀%
5	5.4543,7.0247	651	a%kp%ọ%

4	5.6027,7.322	6083	ọ%k%à%
4	5.72517,7.13325	261	ụ%k%à%

4	5.6027,7.322	309	è%nw%e%
4	5.72517,7.13325	6434	è%kw%e%

4	5.6027,7.322	95	a%k%a%
4	5.72517,7.13325	135	à%k%a%

4	5.6027,7.322	8708	o%th%u%
4	5.72517,7.13325	3081	o%f%u%

4	5.6027,7.322	5860	n%ọ̀%ọ%
4	5.72517,7.13325	5805	n%ọ̀%r%ọ%

4	5.6027,7.322	969	n%ị%
4	5.72517,7.13325	655	n%i%

4	5.6027,7.322	489	h%ụ%
4	5.72517,7.13325	1041	g%ụ%

4	5.6027,7.322	7354	e%h%ù%
4	5.72517,7.13325	896	e%h%u%

4	5.6027,7.322	1118	s%a%a%
4	5.72517,7.13325	560	ch%a%a%

4	5.71795,7.08217	173	a%m%ụ̀%
4	5.72517,7.13325	4529	a%m%ụ%

4	5.5834,7.05	6353	ù%gb%u%
4	5.6027,7.322	6449	è%gb%u%
4	5.72517,7.13325	6449	è%gb%u%

4	5.71795,7.08217	38	o%b%ì%
4	5.72517,7.13325	689	o%b%i%

4	5.664,7.012	655	n%i%
4	5.71795,7.08217	1666	n%e%
4	5.72517,7.13325	5848	n%è%

4	5.5834,7.05	478	i%k%ē%
4	5.6027,7.322	6040	ī%k%ē%
4	5.664,7.012	6040	ī%k%ē%

4	5.6027,7.322	13379	a%kp%ụ̄%
4	5.664,7.012	609	a%kp%ọ̀%
4	5.72517,7.13325	609	a%kp%ọ̀%

4	5.5834,7.05	6612	t%i%i%
4	5.6027,7.322	7430	è%t%i%i%
4	5.664,7.012	6612	t%i%i%
4	5.72517,7.13325	7430	è%t%i%i%

4	5.5834,7.05	38	o%b%ì%
4	5.6027,7.322	1597	o%b%u%
4	5.72517,7.13325	1597	o%b%u%

4	5.6027,7.322	791	nw%ụ%r%ụ%
4	5.72517,7.13325	773	m%ụ%r%ụ%

4	5.6027,7.322	5907	nw%ē%
4	5.71795,7.08217	772	nw%e%
4	5.72517,7.13325	5907	nw%ē%

4	5.4244,7.1967	27	n%ọ̀%
4	5.6027,7.322	66	n%ọ%

4	5.71795,7.08217	609	a%kp%ọ̀%
4	5.72517,7.13325	651	a%kp%ọ%

4	5.5832,7.05	167	p%ụ̀%ọ%
4	5.5834,7.05	1444	p%ụ%ọ%

4	5.5834,7.05	5048	o%r%i%r%i%
4	5.664,7.012	76	e%r%i%r%i%

4	5.4829,7.0337	125	h%e%
4	5.5832,7.05	681	h%è%
4	5.664,7.012	1204	nw%è%

4	5.522,6.923	3209	n%ị̀%
4	5.5832,7.05	1879	d%ị̀%

4	5.5832,7.05	5038	k%a%r%ị%a%
4	5.5834,7.05	455	k%a%r%a%
4	5.664,7.012	455	k%a%r%a%

4	5.5834,7.05	881	k%a%m%a%
4	5.6027,7.322	456	k%a%m%à%
4	5.72517,7.13325	456	k%a%m%à%

4	5.5832,7.05	783	sh%i%e%
4	5.5834,7.05	5427	j%i%e%

4	5.5834,7.05	1155	i%s%e%
4	5.664,7.012	5950	ì%s%e%

4	5.5832,7.05	7771	è%m%i%
4	5.5834,7.05	195	i%m%i%

4	5.5834,7.05	1164	b%ụ%r%ụ%
4	5.664,7.012	773	m%ụ%r%ụ%

4	5.5834,7.05	9759	b%ù%
4	5.6027,7.322	561	b%ụ̄%
4	5.72517,7.13325	876	b%u%

4	5.5832,7.05	5820	a%h%ụ̄%
4	5.5834,7.05	8511	a%nw%ụ̄%
4	5.664,7.012	8511	a%nw%ụ̄%

4	5.6027,7.322	651	a%kp%ọ%
4	5.664,7.012	13379	a%kp%ụ̄%

4	5.4543,7.0247	754	e%r%i%
4	5.4829,7.0337	737	i%r%i%
4	5.664,7.012	5979	ì%r%i%

4	5.5832,7.05	308	è%r%i%
4	5.5834,7.05	307	è%sh%i%

4	5.6027,7.322	5841	o%g%è%
4	5.71795,7.08217	6184	o%gb%è%
4	5.72517,7.13325	6713	o%gɦ%è%

4	5.664,7.012	645	n%ụ%
4	5.71795,7.08217	410	m%ụ%

4	5.5834,7.05	5871	h%e%è%
4	5.6027,7.322	6179	k%e%è%
4	5.664,7.012	5871	h%e%è%

4	5.5832,7.05	3786	i%b%è%
4	5.5834,7.05	70	i%ch%è%

4	5.5832,7.05	779	e%h%i%
4	5.5834,7.05	779	e%h%i%
4	5.6027,7.322	8650	e%h%è%

4	5.5832,7.05	894	b%i%
4	5.5834,7.05	894	b%i%
4	5.664,7.012	7176	b%à%

4	5.4829,7.0337	5823	ì%gb%ò%
4	5.522,6.923	5916	ì%gb%o%

4	5.522,6.923	392	n%ọ̄%
4	5.72517,7.13325	740	n%o%

4	5.522,6.923	3786	i%b%è%
4	5.5832,7.05	70	i%ch%è%
4	5.5834,7.05	7543	i%j%è%

4	5.4543,7.0247	885	d%ị%k%a%
4	5.4829,7.0337	7133	d%ị%k%à%

4	5.522,6.923	7444	a%g%ā%h%ā%
4	5.5832,7.05	5828	a%g%ā%ā%

4	5.522,6.923	33	a%f%ọ̄%
4	5.5832,7.05	223	a%f%ọ̀%

4	5.522,6.923	307	è%sh%i%
4	5.5832,7.05	307	è%sh%i%
4	5.6027,7.322	5836	è%sh%ì%

4	5.4829,7.0337	159	m%è%r%è%
4	5.5832,7.05	159	m%è%r%è%
4	5.5834,7.05	3692	j%è%r%è%

4	5.3999,7.0167	246	nw%a%
4	5.4543,7.0247	704	Nw%a%
4	5.4829,7.0337	665	kw%a%
4	5.5832,7.05	861	gw%a%

4	5.4829,7.0337	6951	ī%sh%ī%
4	5.5832,7.05	6163	o%sh%ī%
4	5.5834,7.05	6163	o%sh%ī%

4	5.4829,7.0337	5857	ī%r%ī%
4	5.522,6.923	6951	ī%sh%ī%

4	5.5834,7.05	481	i%j%ī%
4	5.664,7.012	795	i%j%i%
4	5.71795,7.08217	481	i%j%ī%

4	5.4543,7.0247	1691	Ch%u%kw%u%
4	5.522,6.923	7152	ch%u%kw%u%
4	5.5834,7.05	7152	ch%u%kw%u%

4	5.4543,7.0247	2995	r%a%
4	5.4829,7.0337	434	m%a%
4	5.5832,7.05	434	m%a%

4	5.4543,7.0247	965	kw%e%
4	5.4829,7.0337	626	k%e%
4	5.5832,7.05	626	k%e%

4	5.4244,7.1967	2231	ọ%w%ụ%
4	5.4829,7.0337	16	ọ%w%ụ̄%

4	5.4244,7.1967	2915	sh%ụ%
4	5.4829,7.0337	2915	sh%ụ%
4	5.5834,7.05	5942	hw%ụ%
4	5.6027,7.322	6628	s%ụ%

4	5.4244,7.1967	1937	o%t%ū%
4	5.4829,7.0337	6675	ō%t%ū%
4	5.6027,7.322	6675	ō%t%ū%

4	5.3999,7.0167	450	k%è%r%è%
4	5.4244,7.1967	1988	k%è%è%
4	5.5834,7.05	6923	k%è%e%
4	5.6027,7.322	1988	k%è%è%

4	5.4244,7.1967	1012	i%kw%u%
4	5.4543,7.0247	372	o%kw%u%

4	5.4244,7.1967	4428	a%y%i%
4	5.4543,7.0247	698	a%ny%i%

4	5.3999,7.0167	398	n%k%e%
4	5.4244,7.1967	4794	N%k%e%
4	5.6027,7.322	398	n%k%e%

4	5.3999,7.0167	47	à%h%ụ%
4	5.4244,7.1967	2662	à%h%ụ̀%

4	5.3999,7.0167	130	n%d%ị%ị%
4	5.4543,7.0247	130	n%d%ị%ị%
4	5.5832,7.05	130	n%d%ị%ị%
4	5.5834,7.05	8085	n%d%ị%à%

3	5.6027,7.322	5149	ọ%w%ụ%r%ụ%
3	5.72517,7.13325	1122	ọ%h%ụ%r%ụ%

3	5.5834,7.05	5904	à%d%ị%
3	5.6027,7.322	5904	à%d%ị%
3	5.72517,7.13325	320	à%r%ị%

3	5.6027,7.322	434	m%a%
3	5.72517,7.13325	1287	sh%a%

3	5.6027,7.322	7361	o%t%u%à%
3	5.72517,7.13325	5249	o%t%u%a%

3	5.6027,7.322	163	i%kh%e%
3	5.72517,7.13325	5447	i%kp%e%

3	5.6027,7.322	8762	gw%à%r%à%
3	5.72517,7.13325	497	gb%à%r%à%

3	5.4244,7.1967	1635	g%ị̀%
3	5.71795,7.08217	34	g%ị̄%
3	5.72517,7.13325	7009	g%ī%

3	5.6027,7.322	527	ē%zh%ī%
3	5.72517,7.13325	5981	ē%r%ī%

3	5.6027,7.322	5948	e%w%è%r%e%
3	5.72517,7.13325	798	e%w%e%r%e%

3	5.71795,7.08217	561	b%ụ̄%
3	5.72517,7.13325	2014	b%ì%

3	5.6027,7.322	1552	a%n%ọ̀%
3	5.72517,7.13325	690	a%n%ọ%

3	5.4244,7.1967	4529	a%m%ụ%
3	5.664,7.012	173	a%m%ụ̀%
3	5.72517,7.13325	173	a%m%ụ̀%

3	5.71795,7.08217	5813	ǹ%g%a%
3	5.72517,7.13325	5801	ǹ%g%a%à%

3	5.6027,7.322	789	h%ù%
3	5.72517,7.13325	6983	h%ụ̄%

3	5.5834,7.05	65	ụ̀%f%ọ%d%ụ%
3	5.664,7.012	878	ụ%f%ọ%d%ụ%

3	5.5834,7.05	5955	ọ̀%w%ụ%
3	5.664,7.012	2231	ọ%w%ụ%

3	5.5834,7.05	281	ọ%r̃%ụ%
3	5.664,7.012	1136	ọ%nw%ụ%

3	5.664,7.012	6418	è%r%e%
3	5.71795,7.08217	5786	è%m%e%

3	5.6027,7.322	2673	à%g%à%
3	5.664,7.012	135	à%k%a%
3	5.71795,7.08217	5834	à%kp%a%

3	5.5834,7.05	3191	n%ụ%ọ%
3	5.664,7.012	7941	r̃%ụ%ọ%

3	5.664,7.012	718	kp%a%
3	5.72517,7.13325	861	gw%a%

3	5.5834,7.05	5922	i%r%ī%
3	5.664,7.012	51	i%r%e%
3	5.71795,7.08217	51	i%r%e%

3	5.5834,7.05	8307	g%à%-%è%j%i%
3	5.664,7.012	13853	g%à%-%è%r%i%

3	5.664,7.012	7069	e%sh%ì%
3	5.71795,7.08217	15213	u%sh%ì%

3	5.664,7.012	690	a%n%ọ%
3	5.71795,7.08217	138	a%f%ọ%

3	5.6027,7.322	5837	è%zh%i%
3	5.71795,7.08217	313	è%j%i%
3	5.72517,7.13325	5837	è%zh%i%

3	5.6027,7.322	8717	b%à%t%a%
3	5.72517,7.13325	6478	à%t%a%

3	5.5834,7.05	7843	à%k%ụ̀%
3	5.72517,7.13325	7815	à%p%ụ̀%

3	5.5834,7.05	7485	à%s%ụ%
3	5.6027,7.322	7817	à%n%ụ%

3	5.6027,7.322	6005	à%l%ụ%
3	5.71795,7.08217	186	a%n%ụ%
3	5.72517,7.13325	7817	à%n%ụ%

3	5.6027,7.322	1330	z%a%a%
3	5.72517,7.13325	1118	s%a%a%

3	5.5834,7.05	75	r%ị̄%
3	5.6027,7.322	102	r%ị%
3	5.72517,7.13325	102	r%ị%

3	5.71795,7.08217	636	n%g%a%
3	5.72517,7.13325	659	n%gw%a%

3	5.5834,7.05	5822	è%h%e%è%
3	5.6027,7.322	483	i%h%e%è%
3	5.72517,7.13325	483	i%h%e%è%

3	5.6027,7.322	9674	e%zh%i%gb%o%
3	5.71795,7.08217	1119	e%z%i%gb%o%
3	5.72517,7.13325	9674	e%zh%i%gb%o%

3	5.5834,7.05	5014	s%a%
3	5.6027,7.322	1006	ch%a%
3	5.72517,7.13325	1006	ch%a%

3	5.5832,7.05	1086	a%r%ụ%
3	5.5834,7.05	9098	à%r%ụ%
3	5.6027,7.322	1086	a%r%ụ%

3	5.6027,7.322	60	a%k%à%
3	5.72517,7.13325	4604	a%k%ị%

3	5.3999,7.0167	127	a%h%à%
3	5.6027,7.322	614	a%h%ā%
3	5.72517,7.13325	614	a%h%ā%

3	5.5834,7.05	2732	z%u%o%
3	5.664,7.012	360	r%u%o%

3	5.5832,7.05	4099	e%m%u%m%e%
3	5.5834,7.05	918	o%m%u%m%e%

3	5.5834,7.05	693	m%b%e%
3	5.6027,7.322	8152	m%b%è%

3	5.5832,7.05	455	k%a%r%a%
3	5.5834,7.05	1395	kw%a%r%a%

3	5.5834,7.05	1398	k%a%a%
3	5.664,7.012	522	g%a%a%

3	5.5832,7.05	7431	i%hw%u%
3	5.5834,7.05	1012	i%kw%u%

3	5.6027,7.322	5871	h%e%è%
3	5.72517,7.13325	1483	h%e%e%

3	5.5834,7.05	669	a%h%u%
3	5.664,7.012	5820	a%h%ụ̄%

3	5.522,6.923	322	à%ny%ị%
3	5.5832,7.05	1776	à%ny%ị̀%
3	5.5834,7.05	1776	à%ny%ị̀%

3	5.522,6.923	5808	à%sh%ị%
3	5.5832,7.05	8636	à%ch%ị%

3	5.4829,7.0337	642	u%kw%u%
3	5.5832,7.05	955	u%gw%u%

3	5.4543,7.0247	5427	j%i%e%
3	5.4829,7.0337	783	sh%i%e%

3	5.5832,7.05	7980	o%ō%
3	5.5834,7.05	7980	o%ō%
3	5.6027,7.322	368	o%o%

3	5.4244,7.1967	3134	ny%e%
3	5.4543,7.0247	1540	g%e%
3	5.72517,7.13325	871	j%e%

3	5.5834,7.05	149	m%m%à%
3	5.664,7.012	6019	m%b%à%

3	5.4829,7.0337	3720	j%a%a%
3	5.5832,7.05	560	ch%a%a%
3	5.6027,7.322	7475	t%a%à%

3	5.4829,7.0337	5841	o%g%è%
3	5.522,6.923	6692	o%s%è%

3	5.522,6.923	124	o%nw%è%r%è%
3	5.5832,7.05	122	o%nw%è%è%

3	5.5832,7.05	9353	n%à%-%à%kp%ị%
3	5.5834,7.05	8051	n%à%-%à%kp%ọ%
3	5.664,7.012	8523	a%n%à%-%à%kp%ọ%

3	5.522,6.923	7683	ọ̀%d%ọ%
3	5.5832,7.05	7667	ọ̀%ḍ%ọ%

3	5.4543,7.0247	731	a%gw%a%
3	5.4829,7.0337	6524	à%gw%a%
3	5.5832,7.05	6524	à%gw%a%

3	5.4543,7.0247	777	s%i%
3	5.4829,7.0337	6633	s%ị̄%

3	5.4543,7.0247	769	o%sh%i%
3	5.4829,7.0337	6163	o%sh%ī%
3	5.522,6.923	6163	o%sh%ī%

3	5.4829,7.0337	5849	nw%o%k%è%
3	5.522,6.923	178	nw%o%k%ē%

3	5.4244,7.1967	1027	n%d%ụ%
3	5.4829,7.0337	5901	n%d%ụ̀%

3	5.3999,7.0167	410	m%ụ%
3	5.4829,7.0337	6100	m%ụ̄%
3	5.522,6.923	8119	m%ọ̀%

3	5.4543,7.0247	85	l%e%e%
3	5.4829,7.0337	5913	l%è%e%
3	5.5832,7.05	5913	l%è%e%

3	5.522,6.923	70	i%ch%è%
3	5.5832,7.05	7543	i%j%è%

3	5.4244,7.1967	433	m%a%a%
3	5.4543,7.0247	2762	y%a%a%

3	5.4543,7.0247	4175	e%g%o%
3	5.4829,7.0337	7112	e%g%ō%
3	5.5832,7.05	7112	e%g%ō%

3	5.4829,7.0337	72	a%ny%à%
3	5.522,6.923	1790	a%n%à%

3	5.3999,7.0167	280	ọ%s%ọ%
3	5.4543,7.0247	2267	ọ%f%ọ%
3	5.4829,7.0337	6264	ọ̀%f%ọ%

3	5.4244,7.1967	1029	l%ụ%ọ%
3	5.4543,7.0247	5100	t%ụ%ọ%

3	5.4829,7.0337	643	e%m%e%
3	5.522,6.923	785	e%j%e%

3	5.4244,7.1967	1111	a%j%a%
3	5.4543,7.0247	1024	a%r%a%

3	5.6027,7.322	8732	ò%b%ò%d%o%
3	5.72517,7.13325	1517	ò%b%ò%d%ò%

3	5.3999,7.0167	102	r%ị%
3	5.4244,7.1967	1326	r%i%

3	5.4244,7.1967	3027	o%t%e%
3	5.4543,7.0247	1281	o%ch%e%

3	5.4244,7.1967	997	n%a%r%a%
3	5.4543,7.0247	857	gb%a%r%a%

3	5.4244,7.1967	1540	g%e%
3	5.6027,7.322	125	h%e%

3	5.4244,7.1967	1213	e%r%u%
3	5.4543,7.0247	545	e%l%u%

3	5.4543,7.0247	691	a%kw%a%
3	5.4829,7.0337	5869	a%kw%à%

3	5.3999,7.0167	95	a%k%a%
3	5.4543,7.0247	710	a%gb%a%

3	5.4543,7.0247	811	ọ%r%ụ%
3	5.4829,7.0337	281	ọ%r̃%ụ%

3	5.3999,7.0167	285	ọ%kw%a%
3	5.4543,7.0247	285	ọ%kw%a%
3	5.4829,7.0337	1030	ụ%kw%a%

3	5.3999,7.0167	286	ọ%j%ọ%ọ̄%
3	5.4543,7.0247	764	ọ%j%ọ%ọ%

3	5.3999,7.0167	470	ī%h%ē%
3	5.4244,7.1967	482	i%h%ē%
3	5.4829,7.0337	470	ī%h%ē%

3	5.71795,7.08217	545	e%l%u%
3	5.72517,7.13325	139	e%w%u%

2	5.664,7.012	7650	ụ̀%z%ọ̀%
2	5.71795,7.08217	257	ụ%z%ọ̀%

2	5.4244,7.1967	1160	ọ%t%ụ%t%ụ%
2	5.72517,7.13325	1001	ụ%t%ụ%t%ụ%

2	5.6027,7.322	8756	ọ%h%ụ%r%ụ̄%
2	5.72517,7.13325	6286	ọ%h%ụ%r̃%ụ̄%

2	5.6027,7.322	134	à%gb%a%
2	5.72517,7.13325	329	à%gb%à%

2	5.71795,7.08217	689	o%b%i%
2	5.72517,7.13325	5031	u%b%i%

2	5.6027,7.322	7941	r̃%ụ%ọ%
2	5.72517,7.13325	2956	r%ụ%ọ%

2	5.71795,7.08217	36	o%ny%e%
2	5.72517,7.13325	7981	o%ny%ē%

2	5.6027,7.322	5838	n%ā%
2	5.72517,7.13325	165	nw%ā%

2	5.5834,7.05	5805	n%ọ̀%r%ọ%
2	5.72517,7.13325	1054	n%ọ%r%ọ%

2	5.5834,7.05	43	ọ%n%ụ̄%
2	5.6027,7.322	126	n%ụ̄%

2	5.6027,7.322	5825	n%s%ò%gb%u%
2	5.72517,7.13325	1015	n%s%o%gb%u%

2	5.6027,7.322	6787	n%n%ụ̄%
2	5.72517,7.13325	631	n%n%u%

2	5.6027,7.322	687	m%a%r%a%
2	5.72517,7.13325	997	n%a%r%a%

2	5.4829,7.0337	6799	n%e%e%
2	5.72517,7.13325	5913	l%è%e%

2	5.6027,7.322	392	n%ọ̄%
2	5.72517,7.13325	3570	kp%ọ̄%

2	5.6027,7.322	3575	kp%ọ%ọ%
2	5.72517,7.13325	3622	k%ọ%ọ%

2	5.5834,7.05	456	k%a%m%à%
2	5.72517,7.13325	881	k%a%m%a%

2	5.71795,7.08217	713	e%gb%e%
2	5.72517,7.13325	2034	e%r%e%

2	5.6027,7.322	4095	e%nw%e%e%
2	5.72517,7.13325	1628	e%l%e%e%

2	5.6027,7.322	564	b%ụ%
2	5.72517,7.13325	446	k%ụ%

2	5.6027,7.322	1646	b%i%e%
2	5.72517,7.13325	635	b%i%a%

2	5.6027,7.322	4604	a%k%ị%
2	5.72517,7.13325	5622	a%s%ị%

2	5.71795,7.08217	729	a%n%a%
2	5.72517,7.13325	1024	a%r%a%

2	5.6027,7.322	1111	a%j%a%
2	5.72517,7.13325	915	a%kp%a%

2	5.664,7.012	3575	kp%ọ%ọ%
2	5.71795,7.08217	2225	ọ%ọ%

2	5.664,7.012	7009	g%ī%
2	5.71795,7.08217	353	sh%ī%

2	5.664,7.012	7363	ǹ%k%e%è%
2	5.71795,7.08217	86	ǹ%k%e%à%

2	5.664,7.012	5847	n%ch%à%
2	5.71795,7.08217	6782	n%t%à%

2	5.5834,7.05	13220	a%y%ị̀%
2	5.71795,7.08217	4428	a%y%i%

2	5.664,7.012	6130	ò%ny%e%
2	5.71795,7.08217	5797	è%ny%e%

2	5.5834,7.05	584	a%à%
2	5.664,7.012	5787	à%à%

2	5.664,7.012	686	o%nw%e%
2	5.71795,7.08217	179	ò%nw%e%

2	5.6027,7.322	6713	o%gɦ%è%
2	5.72517,7.13325	6184	o%gb%è%

2	5.664,7.012	44	m̄%m%ā%d%ụ̀%
2	5.71795,7.08217	242	m%m%ā%d%ụ̀%

2	5.5834,7.05	5877	w%è%e%
2	5.664,7.012	5913	l%è%e%

2	5.5834,7.05	1482	e%k%u%
2	5.664,7.012	1213	e%r%u%

2	5.5834,7.05	5979	ì%r%i%
2	5.664,7.012	754	e%r%i%

2	5.664,7.012	724	ch%i%
2	5.71795,7.08217	464	j%i%

2	5.664,7.012	5854	b%à%a%
2	5.71795,7.08217	826	b%a%a%

2	5.664,7.012	7405	a%k%ị̄%
2	5.71795,7.08217	4604	a%k%ị%

2	5.6027,7.322	5960	à%g%a%
2	5.72517,7.13325	2673	à%g%à%

2	5.6027,7.322	1029	l%ụ%ọ%
2	5.72517,7.13325	7941	r̃%ụ%ọ%

2	5.6027,7.322	5981	ē%r%ī%
2	5.72517,7.13325	5857	ī%r%ī%

2	5.6027,7.322	529	ē%j%ī%
2	5.72517,7.13325	527	ē%zh%ī%

2	5.4244,7.1967	564	b%ụ%
2	5.6027,7.322	9759	b%ù%

2	5.5832,7.05	2267	ọ%f%ọ%
2	5.5834,7.05	280	ọ%s%ọ%

2	5.5832,7.05	6870	l%è%kw%e%
2	5.5834,7.05	6434	è%kw%e%

2	5.4829,7.0337	5224	s%ị%
2	5.5832,7.05	6633	s%ị̄%

2	5.5834,7.05	5849	nw%o%k%è%
2	5.6027,7.322	178	nw%o%k%ē%

2	5.5832,7.05	6179	k%e%è%
2	5.5834,7.05	1988	k%è%è%

2	5.4829,7.0337	7098	e%kw%ē%
2	5.664,7.012	550	e%ē%

2	5.5834,7.05	4248	d%u%r%u%
2	5.6027,7.322	757	b%u%r%u%

2	5.6027,7.322	223	a%f%ọ̀%
2	5.664,7.012	138	a%f%ọ%

2	5.4829,7.0337	135	à%k%a%
2	5.5832,7.05	6501	à%kw%a%

2	5.522,6.923	6031	nw%a%à%y%ị̀%
2	5.5832,7.05	389	nw%a%à%ny%ị̀%

2	5.4829,7.0337	41	n%a%-%
2	5.5832,7.05	6802	n%ā%-%

2	5.5832,7.05	6100	m%ụ̄%
2	5.5834,7.05	3357	m%ụ̀%

2	5.522,6.923	6119	è%j%e%
2	5.5832,7.05	785	e%j%e%

2	5.522,6.923	6647	r%ị̄%k%à%
2	5.5832,7.05	7130	d%ị̄%k%à%

2	5.522,6.923	863	sh%ì%
2	5.5832,7.05	2014	b%ì%

2	5.4829,7.0337	5941	a%z%ụ̀%
2	5.5832,7.05	5802	a%n%ụ̀%

2	5.4829,7.0337	889	a%h%ù%
2	5.5834,7.05	5820	a%h%ụ̄%

2	5.4829,7.0337	257	ụ%z%ọ̀%
2	5.522,6.923	7650	ụ̀%z%ọ̀%

2	5.522,6.923	1160	ọ%t%ụ%t%ụ%
2	5.5832,7.05	6127	ọ̀%t%ụ%t%ụ%

2	5.4829,7.0337	758	a%r%ị%
2	5.522,6.923	1033	ọ%r%ị%

2	5.522,6.923	5909	ọ%h%ị%ā%
2	5.5832,7.05	2260	ọ%h%ị%a%

2	5.4829,7.0337	863	sh%ì%
2	5.522,6.923	628	sh%ị%

2	5.522,6.923	372	o%kw%u%
2	5.5832,7.05	8742	o%kw%ū%

2	5.4829,7.0337	6176	o%kh%è%ny%è%
2	5.522,6.923	203	o%k%è%ny%è%

2	5.522,6.923	3073	o%j%i%
2	5.5832,7.05	769	o%sh%i%

2	5.522,6.923	140	nw%è%r%è%
2	5.5832,7.05	7534	nw%è%r̃%è%

2	5.4829,7.0337	7006	g%à%à%
2	5.522,6.923	114	n%à%à%

2	5.522,6.923	631	n%n%u%
2	5.5832,7.05	6787	n%n%ụ̄%

2	5.522,6.923	40	m%m%a%d%ụ̀%
2	5.5832,7.05	242	m%m%ā%d%ụ̀%

2	5.4829,7.0337	3575	kp%ọ%ọ%
2	5.522,6.923	3622	k%ọ%ọ%

2	5.4829,7.0337	6971	i%j%ì%
2	5.522,6.923	481	i%j%ī%

2	5.522,6.923	6974	i%h%ì%
2	5.5832,7.05	80	i%h%u%

2	5.522,6.923	6985	h%ụ%ụ%
2	5.5832,7.05	5193	w%ụ%ụ%

2	5.4829,7.0337	7069	e%sh%ì%
2	5.522,6.923	722	e%sh%i%

2	5.4829,7.0337	896	e%h%u%
2	5.522,6.923	8393	e%h%ụ̀%

2	5.522,6.923	8523	a%n%à%-%à%kp%ọ%
2	5.5832,7.05	8051	n%à%-%à%kp%ọ%

2	5.4829,7.0337	60	a%k%à%
2	5.522,6.923	4604	a%k%ị%

2	5.522,6.923	131	a%h%ụ%
2	5.5834,7.05	112	à%z%ụ%

2	5.4829,7.0337	6213	ụ%n%ụ%
2	5.5832,7.05	5992	ụ%n%ụ̀%

2	5.4829,7.0337	2648	à%n%ọ̀%
2	5.5832,7.05	1552	a%n%ọ̀%

2	5.4543,7.0247	5664	a%kp%ụ%
2	5.4829,7.0337	5983	à%kp%ụ%

2	5.4829,7.0337	5966	s%ụ̀%
2	5.522,6.923	819	n%ụ̀%

2	5.4543,7.0247	2915	sh%ụ%
2	5.4829,7.0337	6628	s%ụ%

2	5.4829,7.0337	242	m%m%ā%d%ụ̀%
2	5.522,6.923	44	m̄%m%ā%d%ụ̀%

2	5.4829,7.0337	3622	k%ọ%ọ%
2	5.5832,7.05	9597	gw%ọ%ọ%

2	5.4829,7.0337	1988	k%è%è%
2	5.5832,7.05	6923	k%è%e%

2	5.5834,7.05	7121	e%b%ē%
2	5.664,7.012	96	e%z%ē%

2	5.4829,7.0337	915	a%kp%a%
2	5.522,6.923	5834	à%kp%a%

2	5.4244,7.1967	1361	ọ%d%ụ%
2	5.4543,7.0247	776	ọ%k%ụ%

2	5.4244,7.1967	77	nw%e%e%
2	5.4543,7.0247	2818	w%e%e%

2	5.3999,7.0167	360	r%u%o%
2	5.4543,7.0247	5099	s%u%o%

2	5.4543,7.0247	1099	p%ụ%r%ụ%
2	5.4829,7.0337	5899	t%ụ%r%ụ%

2	5.4244,7.1967	1281	o%ch%e%
2	5.4543,7.0247	2073	o%f%e%

2	5.4543,7.0247	1453	n%kw%u%
2	5.4829,7.0337	6089	n%kw%ụ̄%

2	5.3999,7.0167	121	n%a%
2	5.4543,7.0247	1431	l%a%

2	5.4543,7.0247	3622	k%ọ%ọ%
2	5.5832,7.05	5414	k%ụ%ọ%

2	5.4244,7.1967	4725	a%b%ị%a%
2	5.4543,7.0247	654	a%b%i%a%

2	5.4244,7.1967	2249	ọ%n%a%
2	5.4829,7.0337	284	ọ%m%a%

2	5.4244,7.1967	3357	m%ụ̀%
2	5.4543,7.0247	410	m%ụ%

2	5.4244,7.1967	1644	m%kp%a%
2	5.4543,7.0247	201	m%gb%a%

2	5.6027,7.322	679	kw%à%
2	5.72517,7.13325	781	kp%à%

2	5.4244,7.1967	1846	e%t%o%
2	5.4543,7.0247	5046	e%t%u%

2	5.3999,7.0167	107	y%ē%
2	5.4244,7.1967	2	y%ā%

2	5.3999,7.0167	202	r%ụ̀%
2	5.4244,7.1967	2960	r%ụ%

