237	5.4244,7.1967	649	?%
237	5.4543,7.0247	660	!%
237	5.5834,7.05	649	?%
237	5.71795,7.08217	8119	m%ọ̀%
237	5.72517,7.13325	410	m%ụ%

126	5.3999,7.0167	81	a%
126	5.4244,7.1967	59	à%
126	5.522,6.923	682	y%è%
126	5.5834,7.05	660	!%
126	5.664,7.012	302	ò%
126	5.72517,7.13325	733	A%

112	5.3999,7.0167	353	sh%ī%
112	5.4244,7.1967	53	sh%i%
112	5.4829,7.0337	5789	sh%ị̀%
112	5.5832,7.05	5790	sh%ị̄%
112	5.5834,7.05	53	sh%i%
112	5.71795,7.08217	52	i%sh%i%
112	5.72517,7.13325	3727	i%sh%ì%

97	5.4244,7.1967	158	o%l%u%
97	5.4543,7.0247	366	o%t%u%
97	5.5832,7.05	372	o%kw%u%
97	5.5834,7.05	366	o%t%u%
97	5.664,7.012	48	o%t%ù%

85	5.3999,7.0167	564	b%ụ%
85	5.4244,7.1967	410	m%ụ%
85	5.5832,7.05	1009	m%ụ%ọ%
85	5.5834,7.05	410	m%ụ%
85	5.71795,7.08217	202	r%ụ̀%
85	5.72517,7.13325	1191	r%u%

76	5.5832,7.05	944	gb%a%
76	5.5834,7.05	632	k%a%

74	5.4244,7.1967	61	a%ny%a%
74	5.4543,7.0247	729	a%n%a%
74	5.5832,7.05	5859	à%l%a%
74	5.5834,7.05	644	a%l%a%
74	5.71795,7.08217	5834	à%kp%a%
74	5.72517,7.13325	134	à%gb%a%

71	5.4244,7.1967	646	e%j%i%
71	5.4543,7.0247	858	e%ch%i%
71	5.5834,7.05	646	e%j%i%
71	5.664,7.012	795	i%j%i%
71	5.71795,7.08217	481	i%j%ī%
71	5.72517,7.13325	6971	i%j%ì%

66	5.4244,7.1967	131	a%h%ụ%
66	5.4543,7.0247	669	a%h%u%
66	5.5832,7.05	6005	à%l%ụ%
66	5.5834,7.05	112	à%z%ụ%

55	5.3999,7.0167	481	i%j%ī%
55	5.4543,7.0247	795	i%j%i%
55	5.4829,7.0337	737	i%r%i%
55	5.5834,7.05	5224	s%ị%
55	5.71795,7.08217	10002	s%ụ̄%
55	5.72517,7.13325	777	s%i%

54	5.4244,7.1967	629	m%gb%e%
54	5.5834,7.05	201	m%gb%a%
54	5.664,7.012	1644	m%kp%a%

54	5.4244,7.1967	366	o%t%u%
54	5.4543,7.0247	1152	o%h%u%
54	5.5834,7.05	48	o%t%ù%
54	5.72517,7.13325	1937	o%t%ū%

47	5.4244,7.1967	703	n%ì%
47	5.4829,7.0337	655	n%i%
47	5.522,6.923	3209	n%ị̀%
47	5.5834,7.05	5811	n%ị̄%
47	5.71795,7.08217	5848	n%è%
47	5.72517,7.13325	1666	n%e%

47	5.3999,7.0167	51	i%r%e%
47	5.4543,7.0247	875	i%j%e%
47	5.5832,7.05	481	i%j%ī%
47	5.5834,7.05	795	i%j%i%
47	5.71795,7.08217	646	e%j%i%
47	5.72517,7.13325	313	è%j%i%

44	5.4244,7.1967	938	Ị%
44	5.5834,7.05	733	A%
44	5.6027,7.322	4411	ā%

44	5.4244,7.1967	644	a%l%a%
44	5.4543,7.0247	1024	a%r%a%
44	5.5834,7.05	652	a%h%a%
44	5.664,7.012	727	a%m%a%
44	5.72517,7.13325	644	a%l%a%

38	5.4244,7.1967	636	n%g%a%
38	5.4829,7.0337	5813	ǹ%g%a%

38	5.4244,7.1967	4248	d%u%r%u%
38	5.4543,7.0247	4997	D%u%r%u%

38	5.4244,7.1967	645	n%ụ%
38	5.4543,7.0247	969	n%ị%
38	5.522,6.923	863	sh%ì%
38	5.5832,7.05	5789	sh%ị̀%
38	5.6027,7.322	819	n%ụ̀%
38	5.664,7.012	5790	sh%ị̄%
38	5.72517,7.13325	740	n%o%

37	5.4244,7.1967	58	i%
37	5.4829,7.0337	938	Ị%
37	5.522,6.923	1582	ì%
37	5.5834,7.05	734	E%
37	5.664,7.012	292	ị̀%

33	5.3999,7.0167	609	a%kp%ọ̀%
33	5.4244,7.1967	651	a%kp%ọ%
33	5.5832,7.05	2102	a%t%ụ%
33	5.5834,7.05	816	a%kw%ụ%
33	5.664,7.012	15125	a%kw%ụ̄%
33	5.72517,7.13325	1413	a%s%i%

31	5.3999,7.0167	126	n%ụ̄%
31	5.4829,7.0337	827	n%ù%
31	5.5834,7.05	645	n%ụ%
31	5.664,7.012	819	n%ụ̀%
31	5.72517,7.13325	66	n%ọ%

31	5.5834,7.05	670	Y%a%

31	5.522,6.923	885	d%ị%k%a%
31	5.5832,7.05	7133	d%ị%k%à%
31	5.5834,7.05	885	d%ị%k%a%

30	5.4543,7.0247	1376	o%g%e%
30	5.522,6.923	5841	o%g%è%
30	5.5832,7.05	6716	o%g%ē%
30	5.6027,7.322	2073	o%f%e%
30	5.72517,7.13325	848	o%k%e%

28	5.5832,7.05	70	i%ch%è%
28	5.5834,7.05	708	i%ch%e%

28	5.4244,7.1967	4411	ā%
28	5.522,6.923	58	i%
28	5.5832,7.05	292	ị̀%
28	5.5834,7.05	938	Ị%
28	5.71795,7.08217	49	ē%
28	5.72517,7.13325	4411	ā%

27	5.5834,7.05	874	E%e%e%

27	5.5832,7.05	8620	ọ̀%ch%ị%ch%ị%
27	5.5834,7.05	2273	ọ%ch%ị%ch%ị%

27	5.4244,7.1967	692	d%ị%
27	5.4829,7.0337	553	d%ị̄%
27	5.5834,7.05	743	d%ì%
27	5.6027,7.322	553	d%ị̄%
27	5.72517,7.13325	638	d%i%

26	5.5834,7.05	671	a%n%a%-%

26	5.4244,7.1967	647	ọ́%
26	5.5834,7.05	292	ị̀%
26	5.71795,7.08217	58	i%
26	5.72517,7.13325	1582	ì%

25	5.664,7.012	145	a%hw%ụ̀%
25	5.72517,7.13325	2102	a%t%ụ%

25	5.4543,7.0247	782	n%d%i%
25	5.4829,7.0337	5901	n%d%ụ̀%
25	5.5834,7.05	1027	n%d%ụ%
25	5.6027,7.322	807	n%d%u%

25	5.5834,7.05	788	o%l%e%e%

25	5.5834,7.05	8076	n%i%ī%n%ē%
25	5.6027,7.322	5864	n%i%ī%l%ē%
25	5.664,7.012	8076	n%i%ī%n%ē%
25	5.72517,7.13325	5864	n%i%ī%l%ē%

24	5.5834,7.05	697	u%n%u%

24	5.5834,7.05	4824	I%h%e%
24	5.6027,7.322	5851	ì%h%e%

24	5.5832,7.05	2171	ụ%l%ọ̀%
24	5.5834,7.05	664	ụ%l%ọ%
24	5.664,7.012	2171	ụ%l%ọ̀%

24	5.4244,7.1967	827	n%ù%
24	5.4543,7.0247	716	n%u%
24	5.522,6.923	789	h%ù%
24	5.5834,7.05	681	h%è%
24	5.71795,7.08217	489	h%ụ%
24	5.72517,7.13325	488	h%ụ̀%

24	5.3999,7.0167	35	ọ%ọ̄%
24	5.4543,7.0247	2225	ọ%ọ%
24	5.5832,7.05	35	ọ%ọ̄%
24	5.5834,7.05	2225	ọ%ọ%

24	5.3999,7.0167	98	k%à%
24	5.4244,7.1967	679	kw%à%
24	5.4829,7.0337	129	h%à%

23	5.5834,7.05	83	e%e%
23	5.6027,7.322	314	è%e%

23	5.5834,7.05	878	ụ%f%ọ%d%ụ%
23	5.664,7.012	65	ụ̀%f%ọ%d%ụ%

23	5.5834,7.05	707	m%a%k%a%

23	5.5832,7.05	985	i%s%i%
23	5.5834,7.05	676	i%h%i%

23	5.3999,7.0167	47	à%h%ụ%
23	5.4244,7.1967	2662	à%h%ụ̀%
23	5.4829,7.0337	47	à%h%ụ%
23	5.71795,7.08217	5898	à%hw%ụ%
23	5.72517,7.13325	112	à%z%ụ%

22	5.522,6.923	8119	m%ọ̀%
22	5.5832,7.05	3357	m%ụ̀%
22	5.5834,7.05	819	n%ụ̀%
22	5.71795,7.08217	66	n%ọ%
22	5.72517,7.13325	27	n%ọ̀%

22	5.4543,7.0247	704	Nw%a%
22	5.4829,7.0337	434	m%a%
22	5.522,6.923	670	Y%a%
22	5.5834,7.05	756	H%a%

21	5.3999,7.0167	43	ọ%n%ụ̄%
21	5.522,6.923	7378	ọ%kh%ụ%
21	5.5834,7.05	776	ọ%k%ụ%
21	5.72517,7.13325	282	ọ%n%ụ%

21	5.4829,7.0337	687	m%a%r%a%
21	5.522,6.923	431	m%a%r̃%a%
21	5.5834,7.05	741	m%a%n%a%

21	5.5832,7.05	123	e%z%è%
21	5.5834,7.05	884	e%z%e%
21	5.72517,7.13325	7121	e%b%ē%

21	5.4543,7.0247	3739	i%nw%e%
21	5.4829,7.0337	772	nw%e%
21	5.522,6.923	675	w%e%
21	5.5834,7.05	871	j%e%
21	5.72517,7.13325	724	ch%i%

20	5.6027,7.322	627	g%a%
20	5.664,7.012	861	gw%a%
20	5.72517,7.13325	632	k%a%

20	5.5834,7.05	661	ụ%z%ọ%

20	5.4829,7.0337	389	nw%a%à%ny%ị̀%
20	5.5832,7.05	6031	nw%a%à%y%ị̀%

20	5.4244,7.1967	656	ụ%m%ụ%
20	5.4829,7.0337	5812	ụ%m%ụ̀%

20	5.3999,7.0167	313	è%j%i%
20	5.4543,7.0247	646	e%j%i%
20	5.4829,7.0337	28	e%j%ì%

20	5.4244,7.1967	871	j%e%
20	5.4543,7.0247	639	j%e%e%
20	5.522,6.923	871	j%e%
20	5.5832,7.05	12	j%ì%
20	5.5834,7.05	461	j%ī%

20	5.5834,7.05	748	O%
20	5.72517,7.13325	302	ò%

19	5.4244,7.1967	650	n%i%l%e%

19	5.5834,7.05	684	n%e%w%

19	5.4543,7.0247	807	n%d%u%
19	5.4829,7.0337	1027	n%d%ụ%
19	5.5832,7.05	807	n%d%u%
19	5.6027,7.322	1027	n%d%ụ%
19	5.72517,7.13325	5901	n%d%ụ̀%

19	5.4543,7.0247	628	sh%ị%
19	5.4829,7.0337	863	sh%ì%
19	5.5832,7.05	53	sh%i%
19	5.5834,7.05	777	s%i%
19	5.664,7.012	53	sh%i%

19	5.4829,7.0337	347	w%è%r%è%
19	5.664,7.012	104	w%è%r%e%

19	5.3999,7.0167	19	à%kp%ọ%
19	5.4543,7.0247	651	a%kp%ọ%
19	5.522,6.923	7804	à%t%ọ%
19	5.5832,7.05	5799	à%ṭ%ọ%
19	5.664,7.012	19	à%kp%ọ%
19	5.72517,7.13325	651	a%kp%ọ%

19	5.5832,7.05	719	e%ny%i%
19	5.5834,7.05	1172	e%ny%e%

18	5.3999,7.0167	28	e%j%ì%
18	5.4244,7.1967	705	é%j%ì%
18	5.5832,7.05	307	è%sh%i%
18	5.5834,7.05	5836	è%sh%ì%

18	5.5834,7.05	5249	o%t%u%a%

18	5.6027,7.322	28	e%j%ì%
18	5.72517,7.13325	312	è%j%ì%

18	5.4244,7.1967	655	n%i%
18	5.522,6.923	638	d%i%

18	5.3999,7.0167	474	i%m%e%e%
18	5.4244,7.1967	426	m%e%e%

18	5.4244,7.1967	653	w%ụ%l%a%

17	5.4244,7.1967	661	ụ%z%ọ%
17	5.5834,7.05	2171	ụ%l%ọ̀%

17	5.5834,7.05	696	a%g%a%
17	5.664,7.012	5960	à%g%a%
17	5.72517,7.13325	6524	à%gw%a%

17	5.5834,7.05	638	d%i%

17	5.5834,7.05	1100	O%ny%e%

17	5.4244,7.1967	789	h%ù%
17	5.522,6.923	8393	e%h%ụ̀%
17	5.5834,7.05	488	h%ụ̀%

17	5.4244,7.1967	658	ǹ%d%ì%

16	5.4244,7.1967	662	n%n%a%

16	5.6027,7.322	313	è%j%i%
16	5.72517,7.13325	307	è%sh%i%

16	5.522,6.923	61	a%ny%a%
16	5.5832,7.05	644	a%l%a%
16	5.5834,7.05	5859	à%l%a%
16	5.71795,7.08217	46	à%l%à%

16	5.5834,7.05	818	nw%o%k%e%

16	5.5834,7.05	699	a%b%ụ%ọ%

16	5.522,6.923	7353	ù%r%ì%

16	5.6027,7.322	307	è%sh%i%
16	5.72517,7.13325	308	è%r%i%

16	5.5834,7.05	636	n%g%a%

15	5.5832,7.05	286	ọ%j%ọ%ọ̄%
15	5.5834,7.05	764	ọ%j%ọ%ọ%
15	5.664,7.012	286	ọ%j%ọ%ọ̄%

15	5.4244,7.1967	664	ụ%l%ọ%

15	5.5834,7.05	5013	ọ%b%ụ%l%a%

15	5.5834,7.05	972	b%i%k%o%

15	5.4244,7.1967	690	a%n%ọ%
15	5.4829,7.0337	5815	à%n%ọ%
15	5.522,6.923	2648	à%n%ọ̀%

15	5.5832,7.05	246	nw%a%
15	5.5834,7.05	704	Nw%a%
15	5.664,7.012	246	nw%a%
15	5.72517,7.13325	665	kw%a%

15	5.4829,7.0337	52	i%sh%i%
15	5.522,6.923	88	i%sh%ī%
15	5.664,7.012	3727	i%sh%ì%
15	5.72517,7.13325	88	i%sh%ī%

15	5.4829,7.0337	489	h%ụ%
15	5.522,6.923	6983	h%ụ̄%

15	5.4244,7.1967	666	á%h%ù%

15	5.3999,7.0167	24	ụ%kw%ụ̄%
15	5.4244,7.1967	1030	ụ%kw%a%
15	5.5834,7.05	9923	ụ%t%ụ%
15	5.664,7.012	799	ụ%t%ọ%

15	5.3999,7.0167	128	g%à%
15	5.4244,7.1967	831	g%á%
15	5.4829,7.0337	627	g%a%
15	5.522,6.923	718	kp%a%
15	5.5834,7.05	944	gb%a%

14	5.522,6.923	4418	a%z%a%
14	5.5832,7.05	729	a%n%a%
14	5.5834,7.05	727	a%m%a%

14	5.3999,7.0167	165	nw%ā%
14	5.4244,7.1967	887	nw%à%
14	5.522,6.923	119	h%ā%
14	5.6027,7.322	129	h%à%

14	5.3999,7.0167	38	o%b%ì%
14	5.5834,7.05	5031	u%b%i%
14	5.72517,7.13325	38	o%b%ì%

14	5.6027,7.322	6647	r%ị̄%k%à%
14	5.664,7.012	7133	d%ị%k%à%
14	5.72517,7.13325	7130	d%ị̄%k%à%

14	5.5834,7.05	9912	H%m%m%

14	5.4244,7.1967	740	n%o%
14	5.4543,7.0247	645	n%ụ%
14	5.522,6.923	66	n%ọ%
14	5.5834,7.05	126	n%ụ̄%
14	5.664,7.012	827	n%ù%

14	5.4244,7.1967	689	o%b%i%
14	5.4829,7.0337	5031	u%b%i%
14	5.71795,7.08217	689	o%b%i%
14	5.72517,7.13325	5031	u%b%i%

14	5.4829,7.0337	747	n%r%i%
14	5.5832,7.05	9358	n%r%ī%
14	5.5834,7.05	747	n%r%i%

14	5.4543,7.0247	5003	e%s%i%
14	5.4829,7.0337	646	e%j%i%
14	5.522,6.923	313	è%j%i%

14	5.522,6.923	7800	è%b%u%
14	5.6027,7.322	366	o%t%u%
14	5.71795,7.08217	158	o%l%u%

14	5.4244,7.1967	668	m%m%

14	5.5832,7.05	4725	a%b%ị%a%
14	5.5834,7.05	654	a%b%i%a%
14	5.6027,7.322	4725	a%b%ị%a%

14	5.4244,7.1967	671	a%n%a%-%

14	5.4244,7.1967	669	a%h%u%

13	5.4244,7.1967	673	m%m%m%

13	5.522,6.923	657	g%i%
13	5.5832,7.05	1635	g%ị̀%
13	5.6027,7.322	34	g%ị̄%
13	5.72517,7.13325	657	g%i%

13	5.5834,7.05	722	e%sh%i%

13	5.3999,7.0167	33	a%f%ọ̄%
13	5.4829,7.0337	138	a%f%ọ%
13	5.522,6.923	223	a%f%ọ̀%
13	5.5834,7.05	1359	a%ch%ọ%

13	5.664,7.012	7521	nw%ē%r̃%ē%
13	5.71795,7.08217	108	nw%ē%r%ē%

13	5.5834,7.05	985	i%s%i%

13	5.5834,7.05	959	kw%u%r%u%

13	5.5834,7.05	790	kw%a%n%ụ%

13	5.5834,7.05	1517	ò%b%ò%d%ò%
13	5.6027,7.322	8732	ò%b%ò%d%o%
13	5.664,7.012	1517	ò%b%ò%d%ò%
13	5.72517,7.13325	8732	ò%b%ò%d%o%

13	5.4543,7.0247	839	I%gb%o%

13	5.4244,7.1967	677	a%k%ụ%k%ọ%

13	5.664,7.012	157	m̀%gb%e%
13	5.71795,7.08217	409	m̀%gb%è%
13	5.72517,7.13325	157	m̀%gb%e%

13	5.3999,7.0167	551	e%e%m%
13	5.4543,7.0247	4998	E%e%m%

13	5.6027,7.322	5788	a%g%à%
13	5.664,7.012	135	à%k%a%
13	5.72517,7.13325	127	a%h%à%

12	5.4244,7.1967	875	i%j%e%
12	5.522,6.923	8152	m%b%è%
12	5.5834,7.05	728	i%b%e%
12	5.71795,7.08217	7543	i%j%è%
12	5.72517,7.13325	875	i%j%e%

12	5.5832,7.05	317	à%w%ụ%
12	5.5834,7.05	928	a%w%ụ%

12	5.4244,7.1967	85	l%e%e%

12	5.4244,7.1967	683	É%ny%í%ò%g%ù%g%ù%

12	5.3999,7.0167	431	m%a%r̃%a%
12	5.4244,7.1967	687	m%a%r%a%

12	5.4244,7.1967	678	w%e%r%e%

12	5.4244,7.1967	693	m%b%e%
12	5.4543,7.0247	1047	m%b%a%

12	5.4244,7.1967	680	a%t%ọ%

12	5.4244,7.1967	354	sh%i%r%i%
12	5.4543,7.0247	702	j%i%r%i%

12	5.3999,7.0167	561	b%ụ̄%
12	5.4543,7.0247	564	b%ụ%

11	5.4244,7.1967	686	o%nw%e%

11	5.5834,7.05	689	o%b%i%

11	5.72517,7.13325	2171	ụ%l%ọ̀%

11	5.5832,7.05	1582	ì%
11	5.5834,7.05	804	I%
11	5.6027,7.322	292	ị̀%

11	5.4244,7.1967	688	é%

11	5.522,6.923	5846	à%ch%ọ%

11	5.5834,7.05	151	m%kp%ụ%r%ụ̄%
11	5.6027,7.322	84	m%kp%ụ%r%ụ%
11	5.664,7.012	151	m%kp%ụ%r%ụ̄%
11	5.72517,7.13325	84	m%kp%ụ%r%ụ%

11	5.5834,7.05	85	l%e%e%

11	5.5834,7.05	522	g%a%a%

11	5.5834,7.05	2117	e%z%i%o%kw%u%

11	5.5832,7.05	717	a%sh%ị%
11	5.5834,7.05	5622	a%s%ị%
11	5.664,7.012	1413	a%s%i%

11	5.5834,7.05	1111	a%j%a%
11	5.664,7.012	710	a%gb%a%
11	5.72517,7.13325	1111	a%j%a%

11	5.5834,7.05	1236	O%l%e%e%

11	5.5834,7.05	9913	N%d%ị%

11	5.6027,7.322	127	a%h%à%
11	5.72517,7.13325	5788	a%g%à%

11	5.5834,7.05	785	e%j%e%
11	5.6027,7.322	646	e%j%i%
11	5.664,7.012	884	e%z%e%

11	5.4543,7.0247	635	b%i%a%
11	5.4829,7.0337	567	b%ị%a%
11	5.5832,7.05	7166	b%ị%ā%

11	5.522,6.923	5980	r%ị%k%à%
11	5.5832,7.05	6647	r%ị̄%k%à%
11	5.6027,7.322	13924	r%ụ̄%k%à%
11	5.72517,7.13325	13856	r%ụ%k%à%

11	5.4244,7.1967	684	n%e%w%

11	5.4244,7.1967	713	e%gb%e%
11	5.4543,7.0247	966	e%k%e%

11	5.664,7.012	679	kw%à%
11	5.72517,7.13325	626	k%e%

10	5.4543,7.0247	662	n%n%a%

10	5.3999,7.0167	12	j%ì%

10	5.4543,7.0247	1769	m%m%a%n%ụ%
10	5.5832,7.05	242	m%m%ā%d%ụ̀%
10	5.5834,7.05	40	m%m%a%d%ụ̀%
10	5.664,7.012	242	m%m%ā%d%ụ̀%
10	5.71795,7.08217	44	m̄%m%ā%d%ụ̀%

10	5.5834,7.05	79	ọ̀%z%ọ%
10	5.664,7.012	7683	ọ̀%d%ọ%

10	5.4543,7.0247	1588	E%b%e%
10	5.4829,7.0337	55	e%b%e%
10	5.5832,7.05	7121	e%b%ē%

10	5.4244,7.1967	695	ǹ%d%è%

10	5.5834,7.05	1235	n%n%ọ%

10	5.5834,7.05	650	n%i%l%e%

10	5.4829,7.0337	5861	i%kh%ē%
10	5.5832,7.05	163	i%kh%e%
10	5.6027,7.322	848	o%k%e%

10	5.5834,7.05	9914	E%h%e%e%

10	5.522,6.923	7152	ch%u%kw%u%
10	5.5834,7.05	1691	Ch%u%kw%u%
10	5.72517,7.13325	642	u%kw%u%

10	5.5834,7.05	1624	B%i%k%o%

10	5.4543,7.0247	4999	l%ọ%ọ%l%ọ%

10	5.4829,7.0337	312	è%j%ì%
10	5.522,6.923	28	e%j%ì%

10	5.3999,7.0167	134	à%gb%a%
10	5.4244,7.1967	710	a%gb%a%

10	5.4244,7.1967	698	a%ny%i%

10	5.4244,7.1967	700	É%

10	5.6027,7.322	6713	o%gɦ%è%
10	5.72517,7.13325	5841	o%g%è%

10	5.72517,7.13325	757	b%u%r%u%

10	5.3999,7.0167	246	nw%a%
10	5.4244,7.1967	704	Nw%a%

10	5.4244,7.1967	694	N%n%e%

10	5.5834,7.05	84	m%kp%ụ%r%ụ%
10	5.6027,7.322	151	m%kp%ụ%r%ụ̄%
10	5.664,7.012	84	m%kp%ụ%r%ụ%

9	5.71795,7.08217	5812	ụ%m%ụ̀%
9	5.72517,7.13325	656	ụ%m%ụ%

9	5.4543,7.0247	58	i%
9	5.4829,7.0337	1582	ì%
9	5.5834,7.05	831	g%á%
9	5.6027,7.322	1635	g%ị̀%
9	5.72517,7.13325	817	g%ì%

9	5.4244,7.1967	706	u%r%i%

9	5.6027,7.322	6792	n%n%i%
9	5.72517,7.13325	662	n%n%a%

9	5.72517,7.13325	880	e%gw%u%

9	5.3999,7.0167	186	a%n%ụ%
9	5.4244,7.1967	732	a%z%ụ%
9	5.4829,7.0337	5941	a%z%ụ̀%

9	5.5834,7.05	368	o%o%

9	5.664,7.012	7130	d%ị̄%k%à%
9	5.72517,7.13325	13924	r%ụ̄%k%à%

9	5.664,7.012	69	e%w%ū%
9	5.71795,7.08217	139	e%w%u%
9	5.72517,7.13325	8627	ì%w%u%

9	5.6027,7.322	9358	n%r%ī%
9	5.72517,7.13325	747	n%r%i%

9	5.6027,7.322	431	m%a%r̃%a%
9	5.72517,7.13325	687	m%a%r%a%

9	5.5834,7.05	91	a%ny%ā%
9	5.72517,7.13325	199	a%j%ā%

9	5.5834,7.05	782	n%d%i%

9	5.522,6.923	716	n%u%
9	5.5832,7.05	645	n%ụ%
9	5.664,7.012	716	n%u%
9	5.72517,7.13325	126	n%ụ̄%

9	5.5834,7.05	836	e%kw%u%

9	5.5834,7.05	635	b%i%a%

9	5.6027,7.322	7210	a%z%à%
9	5.664,7.012	5788	a%g%à%
9	5.72517,7.13325	1790	a%n%à%

9	5.3999,7.0167	302	ò%
9	5.4244,7.1967	749	Ọ́%
9	5.6027,7.322	2183	ọ̄%
9	5.664,7.012	625	.%

9	5.5834,7.05	797	N%n%a%

9	5.5832,7.05	8618	ọ%b%à%a%z%ụ̀%

9	5.5834,7.05	1086	a%r%ụ%

9	5.5834,7.05	440	kw%u%o%

9	5.4829,7.0337	161	i%m%ē%

9	5.3999,7.0167	15	m%

9	5.5832,7.05	415	m%à%ọ̀%w%ụ%
9	5.6027,7.322	5896	m%à%ọ̀%w%ụ̀%
9	5.72517,7.13325	415	m%à%ọ̀%w%ụ%

9	5.3999,7.0167	507	gb%a%a%
9	5.4543,7.0247	826	b%a%a%
9	5.4829,7.0337	5854	b%à%a%
9	5.5834,7.05	4275	d%a%a%
9	5.72517,7.13325	7475	t%a%à%

9	5.5834,7.05	284	ọ%m%a%
9	5.72517,7.13325	2249	ọ%n%a%

9	5.4244,7.1967	709	ó%ny%é%

9	5.4829,7.0337	85	l%e%e%
9	5.522,6.923	1849	t%e%e%

9	5.4244,7.1967	712	m%m%ụ%t%a%

9	5.4244,7.1967	718	kp%a%
9	5.4829,7.0337	781	kp%à%

9	5.4244,7.1967	702	j%i%r%i%

9	5.4244,7.1967	711	h%ụ%r%ụ%

9	5.3999,7.0167	584	a%à%
9	5.4543,7.0247	1123	a%a%
9	5.4829,7.0337	584	a%à%
9	5.5834,7.05	1123	a%a%

9	5.6027,7.322	4604	a%k%ị%
9	5.664,7.012	7405	a%k%ị̄%
9	5.71795,7.08217	45	a%k%ā%
9	5.72517,7.13325	7405	a%k%ị̄%

8	5.4244,7.1967	720	o%l%o%

8	5.4244,7.1967	894	b%i%
8	5.4829,7.0337	4403	b%e%
8	5.5832,7.05	981	m%e%
8	5.5834,7.05	1666	n%e%

8	5.4244,7.1967	781	kp%à%
8	5.4543,7.0247	718	kp%a%

8	5.72517,7.13325	2231	ọ%w%ụ%

8	5.72517,7.13325	722	e%sh%i%

8	5.5834,7.05	667	nw%a%ny%ị%

8	5.6027,7.322	78	k%ē%
8	5.664,7.012	965	kw%e%
8	5.72517,7.13325	452	k%è%

8	5.5834,7.05	753	g%a%-%e%m%e%

8	5.5834,7.05	9917	e%z%i%n%a%ụ%l%ọ%

8	5.5834,7.05	7166	b%ị%ā%
8	5.664,7.012	567	b%ị%a%
8	5.72517,7.13325	5806	b%ị%à%

8	5.5834,7.05	732	a%z%ụ%
8	5.664,7.012	2044	a%s%ụ%
8	5.71795,7.08217	6050	a%s%ụ̄%

8	5.5834,7.05	852	N%d%e%

8	5.5834,7.05	1303	M%gb%e%

8	5.5834,7.05	839	I%gb%o%

8	5.5834,7.05	9916	E%e%e%e%

8	5.5834,7.05	995	E%e%
8	5.664,7.012	83	e%e%

8	5.5834,7.05	838	kp%ọ%r%ọ%

8	5.4244,7.1967	774	e%dz%i%
8	5.522,6.923	1328	e%d%e%
8	5.5832,7.05	785	e%j%e%
8	5.5834,7.05	2034	e%r%e%

8	5.5834,7.05	31	ā%h%ụ̄%
8	5.6027,7.322	7356	ā%h%ụ̀%
8	5.664,7.012	31	ā%h%ụ̄%

8	5.5834,7.05	8795	a%ch%ị%

8	5.6027,7.322	5786	è%m%e%
8	5.72517,7.13325	2539	è%m%è%

8	5.5834,7.05	3073	o%j%i%

8	5.4829,7.0337	656	ụ%m%ụ%
8	5.522,6.923	5812	ụ%m%ụ̀%

8	5.6027,7.322	863	sh%ì%
8	5.72517,7.13325	53	sh%i%

8	5.5834,7.05	1034	ọ%g%ụ%

8	5.4244,7.1967	804	I%
8	5.4543,7.0247	733	A%

8	5.4244,7.1967	723	ọ́%nw%á%

8	5.4543,7.0247	737	i%r%i%
8	5.4829,7.0337	5979	ì%r%i%

8	5.5832,7.05	1692	n%n%à%
8	5.5834,7.05	8632	n%n%ā%

8	5.664,7.012	40	m%m%a%d%ụ̀%
8	5.71795,7.08217	242	m%m%ā%d%ụ̀%

8	5.5832,7.05	446	k%ụ%
8	5.5834,7.05	1041	g%ụ%

8	5.4244,7.1967	722	e%sh%i%

8	5.4244,7.1967	719	e%ny%i%

8	5.4543,7.0247	888	e%nw%e%
8	5.4829,7.0337	309	è%nw%e%

8	5.4244,7.1967	721	e%b%u%r%u%

8	5.4244,7.1967	717	a%sh%ị%

8	5.4244,7.1967	725	a%g%ụ%
8	5.4543,7.0247	1126	a%gw%ụ%

7	5.72517,7.13325	156	ụ̄%f%ọ̄%d%ụ̄%

7	5.4244,7.1967	750	ọ%nw%a%
7	5.4543,7.0247	1109	ọ%g%a%

7	5.6027,7.322	545	e%l%u%
7	5.664,7.012	109	e%l%ū%
7	5.72517,7.13325	139	e%w%u%

7	5.5834,7.05	1054	n%ọ%r%ọ%
7	5.6027,7.322	5805	n%ọ̀%r%ọ%

7	5.4829,7.0337	5811	n%ị̄%
7	5.5832,7.05	5848	n%è%
7	5.6027,7.322	5838	n%ā%
7	5.72517,7.13325	5848	n%è%

7	5.5834,7.05	139	e%w%u%
7	5.6027,7.322	8627	ì%w%u%
7	5.72517,7.13325	8633	i%w%u%

7	5.72517,7.13325	650	n%i%l%e%

7	5.5834,7.05	281	ọ%r̃%ụ%
7	5.6027,7.322	811	ọ%r%ụ%
7	5.664,7.012	10030	ọ%r̃%ụ̄%
7	5.71795,7.08217	281	ọ%r̃%ụ%

7	5.6027,7.322	7383	e%d%è%
7	5.72517,7.13325	1328	e%d%e%

7	5.5834,7.05	7252	a%m%à%
7	5.6027,7.322	294	ị%m%à%
7	5.71795,7.08217	727	a%m%a%

7	5.6027,7.322	7650	ụ̀%z%ọ̀%
7	5.72517,7.13325	257	ụ%z%ọ̀%

7	5.6027,7.322	6106	ṅ%ụ̄%
7	5.664,7.012	8119	m%ọ̀%

7	5.5834,7.05	9918	o%l%e%e%kw%a%n%ụ%

7	5.5834,7.05	9919	o%k%e%ny%e%

7	5.5834,7.05	953	nw%a%n%n%e%

7	5.664,7.012	398	n%k%e%
7	5.71795,7.08217	14	ǹ%k%e%

7	5.4244,7.1967	736	kp%ọ%

7	5.522,6.923	85	l%e%e%
7	5.5834,7.05	4330	ch%e%e%
7	5.6027,7.322	639	j%e%e%

7	5.5834,7.05	698	a%ny%i%

7	5.5832,7.05	668	m%m%
7	5.5834,7.05	9921	H%m%

7	5.5834,7.05	9920	D%ị%k%a%

7	5.5834,7.05	897	A%ny%ị%

7	5.4829,7.0337	48	o%t%ù%
7	5.5832,7.05	1937	o%t%ū%
7	5.6027,7.322	8742	o%kw%ū%
7	5.72517,7.13325	372	o%kw%u%

7	5.71795,7.08217	40	m%m%a%d%ụ̀%
7	5.72517,7.13325	672	m%m%a%d%ụ%

7	5.5834,7.05	433	m%a%a%

7	5.5832,7.05	680	a%t%ọ%
7	5.5834,7.05	2102	a%t%ụ%

7	5.522,6.923	2183	ọ̄%

7	5.5832,7.05	5934	i%h̃%e%
7	5.5834,7.05	3739	i%nw%e%

7	5.522,6.923	7367	g%à%-%è%m%e%
7	5.5832,7.05	8637	g%à%-%è%j%e%
7	5.664,7.012	8307	g%à%-%è%j%i%

7	5.4829,7.0337	5788	a%g%à%

7	5.4244,7.1967	731	a%gw%a%

7	5.5834,7.05	3727	i%sh%ì%
7	5.664,7.012	88	i%sh%ī%
7	5.71795,7.08217	473	i%m%ī%

7	5.4244,7.1967	761	N%a%
7	5.4543,7.0247	1196	M%a%

7	5.4244,7.1967	765	m%b%u%
7	5.4543,7.0247	760	m%b%ụ%

7	5.4244,7.1967	733	A%

7	5.4244,7.1967	744	é%b%é%

7	5.4244,7.1967	742	á%s%á%à%

7	5.4543,7.0247	3073	o%j%i%

7	5.72517,7.13325	9358	n%r%ī%

7	5.4829,7.0337	78	k%ē%
7	5.522,6.923	452	k%è%
7	5.6027,7.322	3621	k%ọ̀%
7	5.664,7.012	6794	n%k%è%
7	5.72517,7.13325	3621	k%ọ̀%

7	5.6027,7.322	452	k%è%

7	5.4244,7.1967	726	i%f%o%

7	5.4244,7.1967	728	i%b%e%

7	5.4829,7.0337	5793	d%ī%
7	5.5832,7.05	638	d%i%

7	5.5834,7.05	691	a%kw%a%

7	5.4244,7.1967	739	a%gb%a%r%a%

7	5.3999,7.0167	63	n%d%e%
7	5.4244,7.1967	852	N%d%e%

7	5.4543,7.0247	656	ụ%m%ụ%

6	5.6027,7.322	7667	ọ̀%ḍ%ọ%

6	5.72517,7.13325	16795	n%n%n%

6	5.6027,7.322	6880	kw%ụ%ọ%
6	5.72517,7.13325	5414	k%ụ%ọ%

6	5.6027,7.322	426	m%e%e%
6	5.72517,7.13325	639	j%e%e%

6	5.6027,7.322	96	e%z%ē%
6	5.72517,7.13325	884	e%z%e%

6	5.72517,7.13325	873	e%r%u%o%

6	5.5834,7.05	123	e%z%è%
6	5.664,7.012	96	e%z%ē%

6	5.664,7.012	7488	ì%t%è%

6	5.5834,7.05	343	w%ụ̀%
6	5.6027,7.322	5897	w%ū%

6	5.4244,7.1967	4403	b%e%
6	5.4543,7.0247	871	j%e%
6	5.5834,7.05	655	n%i%

6	5.4829,7.0337	473	i%m%ī%
6	5.522,6.923	195	i%m%i%
6	5.6027,7.322	5922	i%r%ī%
6	5.72517,7.13325	5857	ī%r%ī%

6	5.6027,7.322	8042	n%à%-%è%m%e%
6	5.664,7.012	7367	g%à%-%è%m%e%
6	5.72517,7.13325	8042	n%à%-%è%m%e%

6	5.6027,7.322	6478	à%t%a%
6	5.72517,7.13325	5834	à%kp%a%

6	5.6027,7.322	783	sh%i%e%
6	5.72517,7.13325	5427	j%i%e%

6	5.5834,7.05	1040	ny%e%r%e%
6	5.664,7.012	678	w%e%r%e%

6	5.6027,7.322	6187	e%d%ē%
6	5.72517,7.13325	7383	e%d%è%

6	5.5834,7.05	1186	ụ%m%ụ%nw%a%ny%ị%

6	5.5834,7.05	1478	ọ%w%ụ%l%a%

6	5.5834,7.05	9922	ọ%n%ụ%m%a%r%a%

6	5.5834,7.05	285	ọ%kw%a%

6	5.522,6.923	6286	ọ%h%ụ%r̃%ụ̄%
6	5.5832,7.05	8756	ọ%h%ụ%r%ụ̄%
6	5.5834,7.05	1122	ọ%h%ụ%r%ụ%

6	5.4244,7.1967	776	ọ%k%ụ%
6	5.4829,7.0337	6083	ọ%k%à%

6	5.5834,7.05	931	w%ụ%kw%a%

6	5.5834,7.05	924	u%gb%u%a%

6	5.5834,7.05	9924	u%gb%o%

6	5.5834,7.05	3023	o%w%u%

6	5.5834,7.05	3235	n%z%e%

6	5.5834,7.05	5063	l%e%kw%a%

6	5.5834,7.05	875	i%j%e%

6	5.5834,7.05	798	e%w%e%r%e%

6	5.5834,7.05	966	e%k%e%

6	5.5834,7.05	4231	d%ị%r%ị%

6	5.4244,7.1967	757	b%u%r%u%

6	5.5834,7.05	869	ch%ọ%r%ọ%

6	5.5834,7.05	876	b%u%
6	5.6027,7.322	9759	b%ù%
6	5.71795,7.08217	561	b%ụ̄%
6	5.72517,7.13325	9759	b%ù%

6	5.6027,7.322	138	a%f%ọ%
6	5.71795,7.08217	581	ā%f%ọ̄%
6	5.72517,7.13325	33	a%f%ọ̄%

6	5.5834,7.05	4794	N%k%e%

6	5.5834,7.05	2267	ọ%f%ọ%

6	5.5834,7.05	631	n%n%u%
6	5.6027,7.322	5866	n%n%ụ̀%

6	5.5832,7.05	8619	n%e%-%è%j%ì%

6	5.5834,7.05	807	n%d%u%
6	5.6027,7.322	5901	n%d%ụ̀%

6	5.6027,7.322	5664	a%kp%ụ%
6	5.72517,7.13325	13379	a%kp%ụ̄%

6	5.522,6.923	7357	ù%r%i%

6	5.5834,7.05	731	a%gw%a%

6	5.522,6.923	6187	e%d%ē%

6	5.4829,7.0337	426	m%e%e%

6	5.522,6.923	935	a%m%a%a%

6	5.72517,7.13325	40	m%m%a%d%ụ̀%

6	5.4543,7.0247	5000	o%nw%e%r%e%

6	5.5834,7.05	452	k%è%
6	5.664,7.012	78	k%ē%

6	5.4244,7.1967	812	h%i%
6	5.4829,7.0337	125	h%e%

6	5.4244,7.1967	745	ụ%m%ụ%a%k%a%

6	5.3999,7.0167	26	ọ%
6	5.4244,7.1967	2183	ọ̄%

6	5.4244,7.1967	751	ọ%k%ụ%k%ọ%

6	5.4244,7.1967	759	ú%kw%ú%

6	5.4543,7.0247	66	n%ọ%
6	5.4829,7.0337	392	n%ọ̄%
6	5.5832,7.05	827	n%ù%

6	5.4244,7.1967	833	e%ch%e%
6	5.71795,7.08217	708	i%ch%e%
6	5.72517,7.13325	833	e%ch%e%

6	5.4244,7.1967	762	nw%a%ny%i%

6	5.4244,7.1967	752	n%ọ̀%ọ̀%

6	5.4244,7.1967	760	m%b%ụ%

6	5.4244,7.1967	753	g%a%-%e%m%e%

6	5.4244,7.1967	784	e%l%e%
6	5.4543,7.0247	2034	e%r%e%

6	5.4244,7.1967	771	e%e%e%
6	5.4543,7.0247	874	E%e%e%

6	5.4244,7.1967	785	e%j%e%
6	5.4829,7.0337	6119	è%j%e%

6	5.5834,7.05	724	ch%i%

6	5.4244,7.1967	763	b%i%a%r%a%

6	5.4244,7.1967	758	a%r%ị%

6	5.5834,7.05	33	a%f%ọ̄%
6	5.664,7.012	223	a%f%ọ̀%
6	5.72517,7.13325	6537	à%f%ọ̀%

6	5.4244,7.1967	746	a%b%a%l%i%

6	5.3999,7.0167	23	à%b%ụ%ọ̄%

6	5.4244,7.1967	360	r%u%o%

6	5.522,6.923	2662	à%h%ụ̀%
6	5.5832,7.05	47	à%h%ụ%

5	5.72517,7.13325	324	à%m%a%

5	5.6027,7.322	575	ā%ny%ị̄%

5	5.5834,7.05	1079	u%r%u%
5	5.6027,7.322	6587	u%r%ù%
5	5.72517,7.13325	1079	u%r%u%

5	5.6027,7.322	7941	r̃%ụ%ọ%
5	5.72517,7.13325	7932	s%ụ%ọ%

5	5.6027,7.322	178	nw%o%k%ē%
5	5.72517,7.13325	818	nw%o%k%e%

5	5.72517,7.13325	667	nw%a%ny%ị%

5	5.72517,7.13325	16796	nw%a%a%ny%ị%

5	5.71795,7.08217	1873	n%kw%ụ%
5	5.72517,7.13325	8064	n%t%ụ%

5	5.4543,7.0247	773	m%ụ%r%ụ%
5	5.4829,7.0337	1845	z%ụ%r%ụ%

5	5.72517,7.13325	726	i%f%o%

5	5.72517,7.13325	942	b%i%d%o%

5	5.5834,7.05	911	a%d%a%
5	5.664,7.012	644	a%l%a%
5	5.71795,7.08217	729	a%n%a%
5	5.72517,7.13325	1024	a%r%a%

5	5.4829,7.0337	575	ā%ny%ị̄%
5	5.5832,7.05	8643	ā%y%ị̄%

5	5.6027,7.322	584	a%à%
5	5.72517,7.13325	1123	a%a%

5	5.664,7.012	5845	ọ%k%ụ̄%

5	5.664,7.012	5813	ǹ%g%a%
5	5.71795,7.08217	32	ǹ%g%à%

5	5.71795,7.08217	164	(%th%e%n%)%

5	5.5834,7.05	2818	w%e%e%
5	5.664,7.012	5877	w%è%e%

5	5.5834,7.05	2951	s%i%t%e%

5	5.72517,7.13325	108	nw%ē%r%ē%

5	5.5834,7.05	1873	n%kw%ụ%

5	5.6027,7.322	5927	m%m%i%r%ī%
5	5.72517,7.13325	14660	m̀%m%i%r%ī%

5	5.6027,7.322	2122	ch%ọ%ọ%

5	5.5834,7.05	929	a%j%ụ%

5	5.72517,7.13325	727	a%m%a%

5	5.6027,7.322	5892	ụ̀%gb%a%
5	5.72517,7.13325	944	gb%a%

5	5.72517,7.13325	284	ọ%m%a%

5	5.4244,7.1967	767	w%ụ́%

5	5.72517,7.13325	2073	o%f%e%

5	5.6027,7.322	5941	a%z%ụ̀%
5	5.664,7.012	186	a%n%ụ%
5	5.72517,7.13325	5941	a%z%ụ̀%

5	5.5834,7.05	1727	ụ%m%ụ%n%n%a%

5	5.5834,7.05	796	ụ%gw%ọ%

5	5.4829,7.0337	641	ọ%z%ọ%
5	5.5832,7.05	8624	ọ%z%ọ̄%
5	5.5834,7.05	42	ọ̄%z%ọ̄%

5	5.5834,7.05	5794	ǝ%
5	5.6027,7.322	116	ə%
5	5.72517,7.13325	5794	ǝ%

5	5.72517,7.13325	686	o%nw%e%

5	5.4244,7.1967	778	t%a%a%

5	5.5834,7.05	1021	p%ụ%t%a%r%a%

5	5.5834,7.05	829	nw%u%ny%e%

5	5.5834,7.05	9925	nw%e%gh%ị%

5	5.5834,7.05	1015	n%s%o%gb%u%

5	5.5834,7.05	3269	n%k%e%a%

5	5.5834,7.05	1013	m%h%m%

5	5.5834,7.05	3487	m%a%a%r%a%

5	5.4829,7.0337	638	d%i%
5	5.5832,7.05	894	b%i%
5	5.5834,7.05	4403	b%e%
5	5.71795,7.08217	728	i%b%e%

5	5.664,7.012	123	e%z%è%
5	5.71795,7.08217	96	e%z%ē%
5	5.72517,7.13325	6187	e%d%ē%

5	5.5834,7.05	833	e%ch%e%

5	5.5834,7.05	4520	a%n%a%gh%ị%

5	5.5834,7.05	990	a%k%ụ%k%ụ%

5	5.5834,7.05	1443	a%j%ụ%j%ụ%

5	5.5834,7.05	9927	a%g%a%gh%ị%

5	5.5834,7.05	4707	a%d%ị%

5	5.5834,7.05	9928	N%'%i%h%i%

5	5.5832,7.05	434	m%a%
5	5.5834,7.05	1196	M%a%

5	5.5834,7.05	9926	G%ị%

5	5.5834,7.05	806	Ch%i%n%e%k%e%

5	5.5832,7.05	8621	ọ%b%à%a%zh̃%ụ̀%

5	5.5834,7.05	478	i%k%ē%
5	5.6027,7.322	87	i%k%e%
5	5.664,7.012	5861	i%kh%ē%

5	5.4829,7.0337	20	i%m%e%
5	5.5832,7.05	643	e%m%e%

5	5.664,7.012	5797	è%ny%e%
5	5.71795,7.08217	309	è%nw%e%

5	5.5834,7.05	1552	a%n%ọ̀%
5	5.6027,7.322	2648	à%n%ọ̀%
5	5.71795,7.08217	1552	a%n%ọ̀%
5	5.72517,7.13325	2648	à%n%ọ̀%

5	5.522,6.923	951	o%g%o%l%o%g%o%

5	5.522,6.923	129	h%à%

5	5.3999,7.0167	55	e%b%e%
5	5.4543,7.0247	1328	e%d%e%
5	5.4829,7.0337	6187	e%d%ē%

5	5.4543,7.0247	885	d%ị%k%a%
5	5.4829,7.0337	7133	d%ị%k%à%
5	5.5834,7.05	6647	r%ị̄%k%à%

5	5.4829,7.0337	31	ā%h%ụ̄%

5	5.6027,7.322	13855	ụ%kw%à%
5	5.72517,7.13325	261	ụ%k%à%

5	5.72517,7.13325	6353	ù%gb%u%

5	5.4829,7.0337	5795	nw%o%k%ò%

5	5.3999,7.0167	392	n%ọ̄%
5	5.4543,7.0247	740	n%o%

5	5.4829,7.0337	631	n%n%u%
5	5.5832,7.05	5866	n%n%ụ̀%

5	5.4829,7.0337	5807	n%n%ē%
5	5.522,6.923	648	n%n%e%

5	5.4829,7.0337	5796	m̀%gb%è%d%è%

5	5.4829,7.0337	5857	ī%r%ī%
5	5.522,6.923	5981	ē%r%ī%

5	5.4829,7.0337	74	i%h%ì%n%à%

5	5.522,6.923	7133	d%ị%k%à%
5	5.5832,7.05	7130	d%ị̄%k%à%

5	5.4543,7.0247	717	a%sh%ị%
5	5.4829,7.0337	5808	à%sh%ị%

5	5.5832,7.05	8628	à%t%ụ%
5	5.664,7.012	5664	a%kp%ụ%

5	5.4543,7.0247	5001	b%a%ny%e%r%e%

5	5.4244,7.1967	764	ọ%j%ọ%ọ%

5	5.4244,7.1967	775	é%m%é%

5	5.5832,7.05	410	m%ụ%
5	5.5834,7.05	954	m%u%
5	5.6027,7.322	410	m%ụ%
5	5.72517,7.13325	6100	m%ụ̄%

5	5.72517,7.13325	783	sh%i%e%

5	5.4244,7.1967	787	r%u%r%u%

5	5.4244,7.1967	769	o%sh%i%

5	5.4543,7.0247	686	o%nw%e%

5	5.3999,7.0167	30	ǹ%k%è%

5	5.4244,7.1967	791	nw%ụ%r%ụ%

5	5.4244,7.1967	782	n%d%i%

5	5.4829,7.0337	27	n%ọ̀%

5	5.4244,7.1967	790	kw%a%n%ụ%

5	5.5834,7.05	718	kp%a%
5	5.664,7.012	944	gb%a%

5	5.4244,7.1967	823	i%t%e%
5	5.4543,7.0247	5447	i%kp%e%

5	5.4244,7.1967	795	i%j%i%
5	5.4829,7.0337	481	i%j%ī%

5	5.4244,7.1967	780	e%t%i%t%i%

5	5.4244,7.1967	779	e%h%i%

5	5.4244,7.1967	826	b%a%a%
5	5.72517,7.13325	5854	b%à%a%

5	5.4244,7.1967	851	a%sh%i%
5	5.4543,7.0247	1413	a%s%i%

5	5.4244,7.1967	786	a%p%ụ%t%a%

5	5.4829,7.0337	5838	n%ā%
5	5.5832,7.05	1666	n%e%

5	5.3999,7.0167	92	n%t%ị̀%
5	5.4244,7.1967	396	n%t%ị%

5	5.5834,7.05	1047	m%b%a%

5	5.4244,7.1967	249	k%ọ%r%ọ%

5	5.4244,7.1967	186	a%n%ụ%

5	5.3999,7.0167	60	a%k%à%
5	5.4244,7.1967	4604	a%k%ị%
5	5.71795,7.08217	111	ā%k%ā%

5	5.5834,7.05	223	a%f%ọ̀%

4	5.3999,7.0167	281	ọ%r̃%ụ%
4	5.4543,7.0247	811	ọ%r%ụ%
4	5.4829,7.0337	281	ọ%r̃%ụ%

4	5.72517,7.13325	7800	è%b%u%

4	5.664,7.012	7485	à%s%ụ%

4	5.72517,7.13325	1109	ọ%g%a%

4	5.4543,7.0247	99	w%ụ%r%ụ%
4	5.72517,7.13325	5193	w%ụ%ụ%

4	5.72517,7.13325	678	w%e%r%e%

4	5.72517,7.13325	675	w%e%

4	5.4244,7.1967	808	u%gb%u%

4	5.72517,7.13325	1362	u%

4	5.72517,7.13325	637	o%u%t%

4	5.72517,7.13325	829	nw%u%ny%e%

4	5.5834,7.05	119	h%ā%
4	5.664,7.012	129	h%à%
4	5.72517,7.13325	165	nw%ā%

4	5.5834,7.05	8038	n%à%-%è%sh%i%
4	5.6027,7.322	8044	n%à%-%è%j%i%
4	5.664,7.012	8038	n%à%-%è%sh%i%

4	5.6027,7.322	629	m%gb%e%
4	5.72517,7.13325	693	m%b%e%

4	5.72517,7.13325	879	l%a%a%

4	5.72517,7.13325	1127	g%a%w%a%

4	5.6027,7.322	55	e%b%e%

4	5.4829,7.0337	5806	b%ị%à%

4	5.4244,7.1967	969	n%ị%
4	5.522,6.923	2750	y%i%

4	5.72517,7.13325	680	a%t%ọ%

4	5.6027,7.322	186	a%n%ụ%
4	5.71795,7.08217	5802	a%n%ụ̀%
4	5.72517,7.13325	186	a%n%ụ%

4	5.72517,7.13325	13413	a%k%ị%r%ị%k%a%

4	5.4543,7.0247	2043	i%g%a%
4	5.4829,7.0337	5960	à%g%a%
4	5.664,7.012	6478	à%t%a%

4	5.664,7.012	7441	n%à%-%

4	5.4244,7.1967	3209	n%ị̀%
4	5.5832,7.05	5224	s%ị%
4	5.664,7.012	655	n%i%

4	5.6027,7.322	403	n%a%a%
4	5.72517,7.13325	778	t%a%a%

4	5.4244,7.1967	820	gb%u%o%

4	5.664,7.012	7252	a%m%à%
4	5.71795,7.08217	1790	a%n%à%

4	5.71795,7.08217	8051	n%à%-%à%kp%ọ%

4	5.5834,7.05	1309	ụ%d%ị%

4	5.71795,7.08217	62	ụ%kw%ụ%
4	5.72517,7.13325	24	ụ%kw%ụ̄%

4	5.72517,7.13325	62	ụ%kw%ụ%

4	5.5834,7.05	6127	ọ̀%t%ụ%t%ụ%
4	5.664,7.012	1160	ọ%t%ụ%t%ụ%

4	5.5834,7.05	286	ọ%j%ọ%ọ̄%

4	5.664,7.012	15191	ọ%b%ụ%l%à%

4	5.5834,7.05	584	a%à%
4	5.664,7.012	5787	à%à%
4	5.72517,7.13325	584	a%à%

4	5.664,7.012	5978	o%f%ē%

4	5.5834,7.05	910	g%a%-%
4	5.664,7.012	101	g%à%-%

4	5.6027,7.322	969	n%ị%
4	5.72517,7.13325	655	n%i%

4	5.6027,7.322	4403	b%e%
4	5.664,7.012	7176	b%à%
4	5.72517,7.13325	4403	b%e%

4	5.6027,7.322	95	a%k%a%
4	5.72517,7.13325	135	à%k%a%

4	5.5834,7.05	5788	a%g%à%
4	5.664,7.012	696	a%g%a%

4	5.6027,7.322	6198	ụ̄%gb%ā%

4	5.5834,7.05	6612	t%i%i%
4	5.6027,7.322	7430	è%t%i%i%
4	5.664,7.012	6612	t%i%i%
4	5.72517,7.13325	7430	è%t%i%i%

4	5.72517,7.13325	836	e%kw%u%

4	5.4829,7.0337	102	r%ị%
4	5.522,6.923	6663	r%ī%

4	5.6027,7.322	5841	o%g%è%
4	5.72517,7.13325	1376	o%g%e%

4	5.5834,7.05	983	o%sh%e%
4	5.72517,7.13325	1281	o%ch%e%

4	5.6027,7.322	7535	n%a%ā%n%ị̄%

4	5.664,7.012	640	m%m%i%r%i%

4	5.72517,7.13325	8152	m%b%è%

4	5.6027,7.322	13853	g%à%-%è%r%i%

4	5.6027,7.322	13854	a%m%a%ì%gb%ò%

4	5.72517,7.13325	5898	à%hw%ụ%

4	5.664,7.012	62	ụ%kw%ụ%

4	5.4244,7.1967	27	n%ọ̀%
4	5.6027,7.322	392	n%ọ̄%

4	5.5834,7.05	2249	ọ%n%a%

4	5.72517,7.13325	2846	u%l%o%

4	5.5834,7.05	766	u%d%o%

4	5.5834,7.05	5899	t%ụ%r%ụ%

4	5.3999,7.0167	37	j%ì%r%ì%

4	5.3999,7.0167	553	d%ị̄%
4	5.4543,7.0247	638	d%i%
4	5.522,6.923	692	d%ị%

4	5.5834,7.05	9929	s%o%

4	5.5834,7.05	1444	p%ụ%ọ%
4	5.664,7.012	167	p%ụ̀%ọ%

4	5.5834,7.05	882	nw%e%kw%e%r%e%

4	5.664,7.012	114	n%à%à%

4	5.5834,7.05	3305	n%ch%e%

4	5.5834,7.05	1396	n%a%n%ị%

4	5.5834,7.05	3320	n%a%gh%ị%

4	5.5834,7.05	1200	m%e%g%e%

4	5.5834,7.05	1791	k%e%r%e%

4	5.5834,7.05	1298	k%e%e%

4	5.5834,7.05	1155	i%s%e%
4	5.664,7.012	5950	ì%s%e%

4	5.5834,7.05	9932	h%a%p%ụ%

4	5.5834,7.05	3922	g%a%n%a%

4	5.5834,7.05	941	g%a%-%e%j%i%

4	5.5834,7.05	1113	e%z%i%

4	5.5834,7.05	1846	e%t%o%
4	5.664,7.012	5046	e%t%u%

4	5.5834,7.05	4063	e%s%o%

4	5.5834,7.05	961	i%w%e%

4	5.5834,7.05	9933	e%h%i%h%i%e%

4	5.5834,7.05	880	e%gw%u%

4	5.5834,7.05	771	e%e%e%

4	5.5834,7.05	1418	d%i%k%a%

4	5.664,7.012	16	ọ%w%ụ̄%

4	5.5834,7.05	21	a%y%ị%

4	5.5834,7.05	786	a%p%ụ%t%a%
4	5.664,7.012	5946	a%p%ụ̀%t%a%

4	5.664,7.012	9858	a%hw%ụ%

4	5.5834,7.05	1715	a%d%ị%gh%ị%

4	5.5834,7.05	948	a%b%a%l%ị%

4	5.5834,7.05	4812	M%a%n%a%

4	5.4829,7.0337	660	!%

4	5.5834,7.05	2260	ọ%h%ị%a%

4	5.5834,7.05	7771	è%m%i%
4	5.72517,7.13325	310	è%l%e%

4	5.5834,7.05	893	r%i%e%

4	5.522,6.923	7370	nw%o%kh%è%
4	5.5832,7.05	5849	nw%o%k%è%

4	5.6027,7.322	77	nw%e%e%

4	5.5832,7.05	627	g%a%
4	5.5834,7.05	516	g%ā%

4	5.5834,7.05	784	e%l%e%

4	5.4543,7.0247	785	e%j%e%
4	5.4829,7.0337	1328	e%d%e%

4	5.6027,7.322	1118	s%a%a%
4	5.72517,7.13325	560	ch%a%a%

4	5.5834,7.05	2044	a%s%ụ%

4	5.4829,7.0337	58	i%

4	5.4829,7.0337	5799	à%ṭ%ọ%

4	5.522,6.923	7364	à%gb%ọ%gh%ọ%b%ị%à%

4	5.5834,7.05	5789	sh%ị̀%
4	5.6027,7.322	5790	sh%ị̄%

4	5.4829,7.0337	662	n%n%a%
4	5.5832,7.05	8632	n%n%ā%

4	5.72517,7.13325	8085	n%d%ị%à%

4	5.4829,7.0337	1105	j%è%

4	5.6027,7.322	478	i%k%ē%
4	5.72517,7.13325	6040	ī%k%ē%

4	5.4829,7.0337	6983	h%ụ̄%
4	5.522,6.923	489	h%ụ%

4	5.522,6.923	820	gb%u%o%

4	5.522,6.923	7405	a%k%ị̄%
4	5.5832,7.05	45	a%k%ā%

4	5.4829,7.0337	95	a%k%a%
4	5.522,6.923	4604	a%k%ị%

4	5.4829,7.0337	5798	è%w%è%r%e%

4	5.5834,7.05	6119	è%j%e%

4	5.72517,7.13325	5859	à%l%a%

4	5.522,6.923	6176	o%kh%è%ny%è%

4	5.71795,7.08217	38	o%b%ì%
4	5.72517,7.13325	689	o%b%i%

4	5.4244,7.1967	818	nw%o%k%e%

4	5.5834,7.05	5427	j%i%e%
4	5.72517,7.13325	1634	d%e%e%

4	5.4829,7.0337	5805	n%ọ̀%r%ọ%

4	5.5834,7.05	1453	n%kw%u%

4	5.4829,7.0337	5800	m%ụ̄%r%ụ̄%

4	5.4543,7.0247	634	nw%e%r%e%

4	5.5834,7.05	5100	t%ụ%ọ%

4	5.4244,7.1967	98	k%à%

4	5.6027,7.322	692	d%ị%
4	5.72517,7.13325	553	d%ị̄%

4	5.522,6.923	31	ā%h%ụ̄%

4	5.4543,7.0247	644	a%l%a%

4	5.5832,7.05	5801	ǹ%g%a%à%

4	5.5834,7.05	841	e%gb%u%

4	5.4543,7.0247	5002	a%g%a%a%

4	5.4244,7.1967	799	ụ%t%ọ%

4	5.4244,7.1967	796	ụ%gw%ọ%

4	5.5834,7.05	1109	ọ%g%a%
4	5.664,7.012	750	ọ%nw%a%

4	5.5832,7.05	281	ọ%r̃%ụ%

4	5.4244,7.1967	28	e%j%ì%

4	5.4244,7.1967	834	w%e%t%e%

4	5.4244,7.1967	815	w%a%

4	5.4543,7.0247	955	u%gw%u%

4	5.4244,7.1967	983	o%sh%e%
4	5.4543,7.0247	1281	o%ch%e%

4	5.4244,7.1967	809	o%o%o%

4	5.4244,7.1967	829	nw%u%ny%e%

4	5.4244,7.1967	807	n%d%u%

4	5.4543,7.0247	1027	n%d%ụ%

4	5.4244,7.1967	850	m%a%kw%a%n%ụ%

4	5.4244,7.1967	792	l%a%m%a%

4	5.4244,7.1967	802	kw%e%r%e%

4	5.4244,7.1967	838	kp%ọ%r%ọ%

4	5.4829,7.0337	871	j%e%
4	5.522,6.923	461	j%ī%

4	5.4244,7.1967	810	j%e%r%e%

4	5.4244,7.1967	793	j%e%m%e%

4	5.4244,7.1967	832	h%ì%

4	5.3999,7.0167	87	i%k%e%
4	5.4244,7.1967	966	e%k%e%

4	5.4244,7.1967	814	e%j%e%m%e%

4	5.522,6.923	646	e%j%i%
4	5.5832,7.05	28	e%j%ì%

4	5.4244,7.1967	830	e%h%

4	5.4829,7.0337	6663	r%ī%
4	5.5834,7.05	88	i%sh%ī%
4	5.6027,7.322	6951	ī%sh%ī%

4	5.3999,7.0167	112	à%z%ụ%
4	5.4543,7.0247	732	a%z%ụ%

4	5.4244,7.1967	2102	a%t%ụ%
4	5.4829,7.0337	5664	a%kp%ụ%
4	5.5832,7.05	9858	a%hw%ụ%
4	5.5834,7.05	5898	à%hw%ụ%

4	5.4244,7.1967	854	a%m%ụ%t%a%

4	5.4244,7.1967	821	a%m%a%r%a%

4	5.72517,7.13325	5664	a%kp%ụ%

4	5.3999,7.0167	131	a%h%ụ%
4	5.4244,7.1967	889	a%h%ù%

4	5.4244,7.1967	846	N%d%e%w%o%

4	5.4244,7.1967	839	I%gb%o%

4	5.4244,7.1967	874	E%e%e%
4	5.4829,7.0337	771	e%e%e%

4	5.3999,7.0167	42	ọ̄%z%ọ̄%

4	5.4543,7.0247	25	ị%

4	5.3999,7.0167	317	à%w%ụ%
4	5.4244,7.1967	928	a%w%ụ%

4	5.3999,7.0167	39	r%ị̀%

4	5.3999,7.0167	44	m̄%m%ā%d%ụ̀%

4	5.5834,7.05	552	e%b%e%e%
4	5.6027,7.322	5840	e%b%e%è%
4	5.664,7.012	552	e%b%e%e%
4	5.72517,7.13325	5840	e%b%e%è%

4	5.3999,7.0167	31	ā%h%ụ̄%

3	5.72517,7.13325	7398	ụ%k%ụ̀%t%ụ̀%

3	5.6027,7.322	6083	ọ%k%à%

3	5.664,7.012	2260	ọ%h%ị%a%
3	5.72517,7.13325	5909	ọ%h%ị%ā%

3	5.72517,7.13325	2818	w%e%e%

3	5.4244,7.1967	863	sh%ì%

3	5.6027,7.322	7361	o%t%u%à%
3	5.72517,7.13325	9255	o%th%u%à%

3	5.72517,7.13325	5000	o%nw%e%r%e%

3	5.664,7.012	1769	m%m%a%n%ụ%

3	5.72517,7.13325	425	m%e%r%e%

3	5.72517,7.13325	760	m%b%ụ%

3	5.72517,7.13325	741	m%a%n%a%

3	5.72517,7.13325	707	m%a%k%a%

3	5.72517,7.13325	1298	k%e%e%

3	5.71795,7.08217	12	j%ì%
3	5.72517,7.13325	871	j%e%

3	5.5834,7.05	307	è%sh%i%

3	5.5834,7.05	28	e%j%ì%

3	5.6027,7.322	7543	i%j%è%
3	5.664,7.012	823	i%t%e%
3	5.72517,7.13325	7543	i%j%è%

3	5.4829,7.0337	896	e%h%u%
3	5.522,6.923	80	i%h%u%
3	5.5834,7.05	896	e%h%u%

3	5.72517,7.13325	7375	gb%ā%r%ā%

3	5.72517,7.13325	3873	g%ụ%ọ%

3	5.72517,7.13325	1540	g%e%

3	5.72517,7.13325	6026	e%zh%i%

3	5.6027,7.322	5948	e%w%è%r%e%
3	5.72517,7.13325	798	e%w%e%r%e%

3	5.72517,7.13325	1213	e%r%u%

3	5.6027,7.322	309	è%nw%e%
3	5.72517,7.13325	888	e%nw%e%

3	5.72517,7.13325	784	e%l%e%

3	5.4244,7.1967	876	b%u%

3	5.72517,7.13325	2044	a%s%ụ%

3	5.664,7.012	1552	a%n%ọ̀%
3	5.72517,7.13325	690	a%n%ọ%

3	5.3999,7.0167	614	a%h%ā%
3	5.4244,7.1967	127	a%h%à%
3	5.72517,7.13325	614	a%h%ā%

3	5.664,7.012	7804	à%t%ọ%

3	5.6027,7.322	5859	à%l%a%

3	5.6027,7.322	75	r%ị̄%
3	5.72517,7.13325	6663	r%ī%

3	5.4543,7.0247	728	i%b%e%

3	5.6027,7.322	789	h%ù%
3	5.72517,7.13325	6983	h%ụ̄%

3	5.5834,7.05	65	ụ̀%f%ọ%d%ụ%
3	5.664,7.012	878	ụ%f%ọ%d%ụ%

3	5.3999,7.0167	57	o%

3	5.664,7.012	7666	ọ̄%b%ụ̄%l%à%

3	5.72517,7.13325	7667	ọ̀%ḍ%ọ%

3	5.664,7.012	312	è%j%ì%

3	5.664,7.012	6091	è%t%e%

3	5.664,7.012	5898	à%hw%ụ%
3	5.71795,7.08217	327	à%hw%ụ̀%

3	5.5834,7.05	7381	w%è%t%e%

3	5.5834,7.05	3191	n%ụ%ọ%
3	5.664,7.012	7941	r̃%ụ%ọ%

3	5.5832,7.05	179	ò%nw%e%

3	5.6027,7.322	5873	ọ̀%ọ̀%

3	5.664,7.012	14019	n%g%ụ̀%

3	5.6027,7.322	487	hw%ụ̀%r%ụ̀%
3	5.664,7.012	3354	m%ụ̀%r%ụ̀%

3	5.5834,7.05	1179	i%gb%u%

3	5.6027,7.322	638	d%i%

3	5.6027,7.322	5802	a%n%ụ̀%
3	5.72517,7.13325	173	a%m%ụ̀%

3	5.6027,7.322	13858	ụ%kp%ọ̄%

3	5.6027,7.322	8658	ò%t%u%ù%

3	5.72517,7.13325	9098	à%r%ụ%

3	5.6027,7.322	1330	z%a%a%
3	5.72517,7.13325	1118	s%a%a%

3	5.72517,7.13325	5224	s%ị%

3	5.664,7.012	5980	r%ị%k%à%
3	5.71795,7.08217	7133	d%ị%k%à%

3	5.6027,7.322	13856	r%ụ%k%à%

3	5.72517,7.13325	773	m%ụ%r%ụ%

3	5.6027,7.322	108	nw%ē%r%ē%

3	5.72517,7.13325	481	i%j%ī%

3	5.6027,7.322	3787	i%b%u%
3	5.72517,7.13325	7425	i%b%ù%

3	5.4244,7.1967	884	e%z%e%

3	5.6027,7.322	60	a%k%à%
3	5.72517,7.13325	5869	a%kw%à%

3	5.5834,7.05	1001	ụ%t%ụ%t%ụ%

3	5.5834,7.05	934	ụ%m%ụ%n%n%e%

3	5.5834,7.05	745	ụ%m%ụ%a%k%a%

3	5.5834,7.05	1052	ụ%k%a%

3	5.5834,7.05	1160	ọ%t%ụ%t%ụ%
3	5.71795,7.08217	6127	ọ̀%t%ụ%t%ụ%

3	5.6027,7.322	281	ọ%r̃%ụ%
3	5.72517,7.13325	10030	ọ%r̃%ụ̄%

3	5.4543,7.0247	5677	a%h%ị%a%
3	5.4829,7.0337	5874	a%h%ị%ā%

3	5.5834,7.05	1361	ọ%d%ụ%

3	5.5834,7.05	5032	ọ%b%ụ%

3	5.5832,7.05	8625	è%l%e%ē%

3	5.5834,7.05	1296	y%ọ%

3	5.5834,7.05	1050	y%a%n%ụ%

3	5.5834,7.05	653	w%ụ%l%a%

3	5.72517,7.13325	2845	u%l%ò%

3	5.5834,7.05	922	u%b%e%
3	5.6027,7.322	6596	u%b%ì%

3	5.5834,7.05	914	s%ọ%s%ọ%

3	5.5834,7.05	5048	o%r%i%r%i%

3	5.5834,7.05	5000	o%nw%e%r%e%

3	5.5834,7.05	951	o%g%o%l%o%g%o%

3	5.4543,7.0247	372	o%kw%u%
3	5.4829,7.0337	366	o%t%u%

3	5.5834,7.05	791	nw%ụ%r%ụ%

3	5.664,7.012	1406	nw%è%kw%è%r%è%

3	5.5834,7.05	1071	nw%e%t%e%

3	5.6027,7.322	8758	m̀%b%ụ%
3	5.664,7.012	3463	m%b%ọ%

3	5.5834,7.05	792	l%a%m%a%

3	5.5832,7.05	455	k%a%r%a%
3	5.5834,7.05	1395	kw%a%r%a%

3	5.5834,7.05	810	j%e%r%e%

3	5.5834,7.05	70	i%ch%è%

3	5.5834,7.05	6596	u%b%ì%
3	5.664,7.012	922	u%b%e%

3	5.5834,7.05	956	gb%a%m%a%

3	5.5834,7.05	1127	g%a%w%a%

3	5.5834,7.05	978	g%a%-%e%sh%i%

3	5.5834,7.05	1088	g%a%-%a%n%ọ%

3	5.6027,7.322	101	g%à%-%

3	5.5834,7.05	780	e%t%i%t%i%

3	5.5834,7.05	1213	e%r%u%

3	5.5834,7.05	1164	b%ụ%r%ụ%

3	5.5834,7.05	917	b%e%k%e%e%

3	5.72517,7.13325	91	a%ny%ā%

3	5.72517,7.13325	8523	a%n%à%-%à%kp%ọ%

3	5.522,6.923	1790	a%n%à%
3	5.5832,7.05	7252	a%m%à%

3	5.664,7.012	13379	a%kp%ụ̄%

3	5.5834,7.05	846	N%d%e%w%o%

3	5.5834,7.05	761	N%a%

3	5.5834,7.05	993	E%z%e%

3	5.5834,7.05	1588	E%b%e%
3	5.664,7.012	728	i%b%e%

3	5.72517,7.13325	8756	ọ%h%ụ%r%ụ̄%

3	5.664,7.012	8625	è%l%e%ē%

3	5.5834,7.05	1776	à%ny%ị̀%
3	5.664,7.012	322	à%ny%ị%
3	5.71795,7.08217	56	à%y%ị%

3	5.4543,7.0247	808	u%gb%u%

3	5.664,7.012	783	sh%i%e%

3	5.4543,7.0247	5004	o%g%o%

3	5.5834,7.05	405	m̄%b%ụ̄%

3	5.72517,7.13325	8758	m̀%b%ụ%

3	5.4829,7.0337	410	m%ụ%

3	5.5834,7.05	7367	g%à%-%è%m%e%

3	5.5834,7.05	1540	g%e%

3	5.5832,7.05	4175	e%g%o%
3	5.664,7.012	7112	e%g%ō%

3	5.5832,7.05	8631	ch%ọ%ọ̀%ch%ị̀%

3	5.522,6.923	7373	ụ%m%ụ̀%a%zh%ị̀%

3	5.4829,7.0337	79	ọ̀%z%ọ%
3	5.522,6.923	7667	ọ̀%ḍ%ọ%

3	5.72517,7.13325	5815	à%n%ọ%

3	5.3999,7.0167	90	à%kp%ọ̀%
3	5.6027,7.322	651	a%kp%ọ%

3	5.522,6.923	7377	t%i%i%g%e%

3	5.6027,7.322	7363	ǹ%k%e%è%

3	5.4244,7.1967	1310	g%à%r%à%
3	5.4829,7.0337	7006	g%à%à%
3	5.522,6.923	114	n%à%à%

3	5.5832,7.05	7367	g%à%-%è%m%e%

3	5.4829,7.0337	5864	n%i%ī%l%ē%
3	5.522,6.923	8076	n%i%ī%n%ē%

3	5.6027,7.322	185	n%d%e%è%

3	5.522,6.923	7375	gb%ā%r%ā%

3	5.4543,7.0247	687	m%a%r%a%
3	5.4829,7.0337	431	m%a%r̃%a%

3	5.4829,7.0337	5828	a%g%ā%ā%

3	5.522,6.923	7372	è%d%e%

3	5.664,7.012	112	à%z%ụ%

3	5.6027,7.322	5812	ụ%m%ụ̀%

3	5.72517,7.13325	79	ọ̀%z%ọ%

3	5.4829,7.0337	6019	m%b%à%
3	5.5832,7.05	149	m%m%à%
3	5.5834,7.05	408	m̀%m%à%

3	5.4829,7.0337	5816	ò%k%è%

3	5.664,7.012	5836	è%sh%ì%
3	5.71795,7.08217	307	è%sh%i%

3	5.664,7.012	1359	a%ch%ọ%
3	5.71795,7.08217	138	a%f%ọ%

3	5.5834,7.05	5814	à%b%à%l%ị̀%
3	5.6027,7.322	8594	a%b%à%l%ị̀%
3	5.664,7.012	5814	à%b%à%l%ị̀%

3	5.4244,7.1967	2845	u%l%ò%
3	5.4543,7.0247	2846	u%l%o%
3	5.4829,7.0337	5933	u%lw%ò%

3	5.4829,7.0337	1326	r%i%
3	5.522,6.923	39	r%ị̀%

3	5.5834,7.05	3851	gb%o%o%
3	5.71795,7.08217	820	gb%u%o%
3	5.72517,7.13325	3851	gb%o%o%

3	5.4829,7.0337	5849	nw%o%k%è%
3	5.522,6.923	178	nw%o%k%ē%

3	5.4543,7.0247	1453	n%kw%u%
3	5.522,6.923	6089	n%kw%ụ̄%

3	5.4829,7.0337	408	m̀%m%à%
3	5.5832,7.05	9421	m̀%m%a%

3	5.72517,7.13325	673	m%m%m%

3	5.522,6.923	473	i%m%ī%

3	5.6027,7.322	648	n%n%e%
3	5.72517,7.13325	694	N%n%e%

3	5.4829,7.0337	622	-%-%

3	5.4543,7.0247	5015	ọ%d%ị%
3	5.4829,7.0337	2259	ọ%j%ị%

3	5.4543,7.0247	5013	ọ%b%ụ%l%a%

3	5.4244,7.1967	931	w%ụ%kw%a%

3	5.5834,7.05	5897	w%ū%
3	5.6027,7.322	343	w%ụ̀%
3	5.72517,7.13325	5897	w%ū%

3	5.4543,7.0247	5012	u%s%o%r%o%

3	5.4543,7.0247	5031	u%b%i%
3	5.4829,7.0337	6596	u%b%ì%

3	5.4829,7.0337	5870	ō%ny%ē%
3	5.522,6.923	7981	o%ny%ē%

3	5.5834,7.05	185	n%d%e%è%

3	5.4829,7.0337	433	m%a%a%
3	5.522,6.923	403	n%a%a%

3	5.4244,7.1967	881	k%a%m%a%

3	5.4244,7.1967	893	r%i%e%

3	5.4543,7.0247	1113	e%z%i%
3	5.4829,7.0337	6026	e%zh%i%
3	5.5832,7.05	5837	è%zh%i%

3	5.72517,7.13325	646	e%j%i%

3	5.4543,7.0247	5010	e%nw%e%r%e%

3	5.5832,7.05	755	e%kw%e%

3	5.4543,7.0247	5005	E%e%e%m%

3	5.4244,7.1967	934	ụ%m%ụ%n%n%e%

3	5.4244,7.1967	878	ụ%f%ọ%d%ụ%

3	5.5832,7.05	1034	ọ%g%ụ%

3	5.4829,7.0337	1030	ụ%kw%a%
3	5.522,6.923	62	ụ%kw%ụ%

3	5.5832,7.05	1362	u%

3	5.4244,7.1967	922	u%b%e%

3	5.4244,7.1967	870	t%u%p%u%

3	5.71795,7.08217	353	sh%ī%
3	5.72517,7.13325	863	sh%ì%

3	5.4244,7.1967	914	s%ọ%s%ọ%

3	5.4244,7.1967	918	o%m%u%m%e%

3	5.4244,7.1967	882	nw%e%kw%e%r%e%

3	5.4244,7.1967	856	nw%a%t%a%

3	5.4244,7.1967	860	n%ọ̀%r%ọ̀%

3	5.664,7.012	1692	n%n%à%

3	5.4244,7.1967	859	n%g%a%h%ụ%

3	5.522,6.923	63	n%d%e%

3	5.4244,7.1967	872	m%gb%o%

3	5.4244,7.1967	895	m%e%r%e%n%ụ%

3	5.4244,7.1967	901	l%a%r%u%o%

3	5.4244,7.1967	879	l%a%a%

3	5.4543,7.0247	1298	k%e%e%
3	5.4829,7.0337	6923	k%è%e%

3	5.72517,7.13325	470	ī%h%ē%

3	5.522,6.923	630	h%u%
3	5.5832,7.05	6983	h%ụ̄%

3	5.4244,7.1967	910	g%a%-%

3	5.4244,7.1967	873	e%r%u%o%

3	5.4244,7.1967	916	e%j%i%r%i%

3	5.4244,7.1967	896	e%h%u%

3	5.4244,7.1967	858	e%ch%i%

3	5.4244,7.1967	862	e%b%e%h%u%

3	5.4244,7.1967	885	d%ị%k%a%

3	5.4543,7.0247	4248	d%u%r%u%

3	5.4244,7.1967	869	ch%ọ%r%ọ%

3	5.4244,7.1967	907	ch%e%

3	5.4543,7.0247	698	a%ny%i%

3	5.4244,7.1967	903	a%n%ọ%r%ọ%

3	5.3999,7.0167	61	a%ny%a%

3	5.4543,7.0247	691	a%kw%a%
3	5.4829,7.0337	5869	a%kw%à%

3	5.3999,7.0167	223	a%f%ọ̀%
3	5.4244,7.1967	609	a%kp%ọ̀%

3	5.4244,7.1967	877	a%k%ọ%r%ọ%

3	5.4244,7.1967	929	a%j%ụ%

3	5.5832,7.05	5874	a%h%ị%ā%
3	5.5834,7.05	5677	a%h%ị%a%

3	5.4244,7.1967	926	a%gw%ọ%

3	5.4244,7.1967	911	a%d%a%

3	5.72517,7.13325	5809	à%b%ị%a%

3	5.4244,7.1967	897	A%ny%ị%

3	5.5834,7.05	16	ọ%w%ụ̄%

3	5.3999,7.0167	286	ọ%j%ọ%ọ̄%
3	5.4543,7.0247	764	ọ%j%ọ%ọ%

3	5.3999,7.0167	56	à%y%ị%

3	5.3999,7.0167	48	o%t%ù%

3	5.6027,7.322	372	o%kw%u%
3	5.72517,7.13325	8708	o%th%u%

3	5.3999,7.0167	50	nw%e%kw%a%n%ụ%

3	5.5834,7.05	6040	ī%k%ē%
3	5.664,7.012	478	i%k%ē%

3	5.3999,7.0167	446	k%ụ%
3	5.4244,7.1967	1041	g%ụ%

3	5.6027,7.322	109	e%l%ū%
3	5.72517,7.13325	69	e%w%ū%

3	5.3999,7.0167	64	ch%i%n%ē%ē%k%è%

3	5.5834,7.05	575	ā%ny%ị̄%

3	5.5834,7.05	60	a%k%à%
3	5.664,7.012	5869	a%kw%à%

2	5.72517,7.13325	661	ụ%z%ọ%

2	5.4244,7.1967	1160	ọ%t%ụ%t%ụ%
2	5.72517,7.13325	1001	ụ%t%ụ%t%ụ%

2	5.72517,7.13325	664	ụ%l%ọ%

2	5.5834,7.05	105	ụ̀%d%ị%
2	5.72517,7.13325	1309	ụ%d%ị%

2	5.4543,7.0247	661	ụ%z%ọ%

2	5.72517,7.13325	1478	ọ%w%ụ%l%a%

2	5.72517,7.13325	280	ọ%s%ọ%

2	5.6027,7.322	8756	ọ%h%ụ%r%ụ̄%
2	5.72517,7.13325	6286	ọ%h%ụ%r̃%ụ̄%

2	5.72517,7.13325	1122	ọ%h%ụ%r%ụ%

2	5.72517,7.13325	5013	ọ%b%ụ%l%a%

2	5.72517,7.13325	6380	ò%g%ì%r%ì%

2	5.72517,7.13325	5950	ì%s%e%

2	5.72517,7.13325	6418	è%r%e%

2	5.72517,7.13325	10542	è%b%i%d%o%

2	5.72517,7.13325	5983	à%kp%ụ%

2	5.72517,7.13325	5185	z%ụ%t%a%

2	5.6027,7.322	66	n%ọ%
2	5.72517,7.13325	1296	y%ọ%

2	5.72517,7.13325	7462	w%ụ%s%a%

2	5.72517,7.13325	963	w%ọ%ọ%

2	5.6027,7.322	169	u%kw%ù%
2	5.72517,7.13325	6587	u%r%ù%

2	5.72517,7.13325	870	t%u%p%u%

2	5.5834,7.05	39	r%ị̀%

2	5.72517,7.13325	1532	r%u%t%e%

2	5.4244,7.1967	48	o%t%ù%

2	5.71795,7.08217	36	o%ny%e%
2	5.72517,7.13325	7981	o%ny%ē%

2	5.72517,7.13325	3073	o%j%i%

2	5.5834,7.05	158	o%l%u%

2	5.72517,7.13325	1390	nw%ụ%ọ%

2	5.6027,7.322	165	nw%ā%
2	5.72517,7.13325	887	nw%à%

2	5.6027,7.322	5860	n%ọ̀%ọ%

2	5.5834,7.05	8042	n%à%-%è%m%e%

2	5.72517,7.13325	7514	n%à%-%à%g%a%

2	5.72517,7.13325	1137	n%sh%i%

2	5.6027,7.322	5825	n%s%ò%gb%u%
2	5.72517,7.13325	1015	n%s%o%gb%u%

2	5.72517,7.13325	1235	n%n%ọ%

2	5.72517,7.13325	1692	n%n%à%

2	5.72517,7.13325	3262	n%kw%a%

2	5.72517,7.13325	5026	n%d%ị%a%

2	5.72517,7.13325	782	n%d%i%

2	5.6027,7.322	687	m%a%r%a%
2	5.72517,7.13325	997	n%a%r%a%

2	5.72517,7.13325	1009	m%ụ%ọ%

2	5.72517,7.13325	6046	m%ā%r%ā%

2	5.3999,7.0167	452	k%è%
2	5.4244,7.1967	78	k%ē%

2	5.72517,7.13325	6894	kp%ọ̄%ọ̄%

2	5.72517,7.13325	1619	kp%a%r%a%

2	5.72517,7.13325	702	j%i%r%i%

2	5.72517,7.13325	737	i%r%i%

2	5.6027,7.322	1515	e%m%e%e%
2	5.72517,7.13325	474	i%m%e%e%

2	5.72517,7.13325	795	i%j%i%

2	5.72517,7.13325	5469	h%a%a%

2	5.6027,7.322	8280	gh%à%r%a%
2	5.72517,7.13325	1323	gh%a%r%a%

2	5.71795,7.08217	657	g%i%
2	5.72517,7.13325	1635	g%ị̀%

2	5.72517,7.13325	518	g%a%r%a%

2	5.72517,7.13325	1846	e%t%o%

2	5.72517,7.13325	4063	e%s%o%

2	5.72517,7.13325	1172	e%ny%e%

2	5.72517,7.13325	1420	d%o%w%e%

2	5.72517,7.13325	4275	d%a%a%

2	5.72517,7.13325	1489	b%u%t%e%

2	5.72517,7.13325	1343	b%i%r%i%

2	5.4244,7.1967	981	m%e%

2	5.72517,7.13325	732	a%z%ụ%

2	5.72517,7.13325	4418	a%z%a%

2	5.71795,7.08217	4428	a%y%i%
2	5.72517,7.13325	13220	a%y%ị̀%

2	5.72517,7.13325	928	a%w%ụ%

2	5.5834,7.05	7485	à%s%ụ%

2	5.72517,7.13325	5946	a%p%ụ̀%t%a%

2	5.72517,7.13325	4529	a%m%ụ%

2	5.72517,7.13325	990	a%k%ụ%k%ụ%

2	5.6027,7.322	5820	a%h%ụ̄%
2	5.72517,7.13325	669	a%h%u%

2	5.72517,7.13325	1126	a%gw%ụ%

2	5.6027,7.322	134	à%gb%a%
2	5.72517,7.13325	710	a%gb%a%

2	5.72517,7.13325	4707	a%d%ị%

2	5.6027,7.322	6127	ọ̀%t%ụ%t%ụ%
2	5.72517,7.13325	1160	ọ%t%ụ%t%ụ%

2	5.71795,7.08217	8726	ọ̀%k%ụ%k%ọ̀%

2	5.4244,7.1967	3621	k%ọ̀%
2	5.72517,7.13325	3641	k%ọ%

2	5.6027,7.322	282	ọ%n%ụ%
2	5.72517,7.13325	43	ọ%n%ụ̄%

2	5.522,6.923	158	o%l%u%

2	5.4829,7.0337	2673	à%g%à%

2	5.6027,7.322	7069	e%sh%ì%

2	5.664,7.012	1066	sh%i%t%e%
2	5.71795,7.08217	2951	s%i%t%e%

2	5.5834,7.05	6089	n%kw%ụ̄%

2	5.72517,7.13325	6792	n%n%i%

2	5.664,7.012	893	r%i%e%

2	5.5834,7.05	3357	m%ụ̀%
2	5.664,7.012	410	m%ụ%

2	5.6027,7.322	44	m̄%m%ā%d%ụ̀%
2	5.72517,7.13325	242	m%m%ā%d%ụ̀%

2	5.4244,7.1967	944	gb%a%

2	5.4829,7.0337	626	k%e%

2	5.71795,7.08217	161	i%m%ē%

2	5.664,7.012	5786	è%m%e%

2	5.6027,7.322	312	è%j%ì%

2	5.72517,7.13325	876	b%u%

2	5.6027,7.322	5854	b%à%a%
2	5.72517,7.13325	826	b%a%a%

2	5.72517,7.13325	6050	a%s%ụ̄%

2	5.72517,7.13325	608	a%kp%ọ̀%r%ọ̀%

2	5.664,7.012	13858	ụ%kp%ọ̄%

2	5.664,7.012	6236	ọ̄%k%ụ̄%

2	5.5834,7.05	5909	ọ%h%ị%ā%

2	5.4244,7.1967	1109	ọ%g%a%

2	5.664,7.012	6106	ṅ%ụ̄%

2	5.664,7.012	6380	ò%g%ì%r%ì%

2	5.664,7.012	7541	à%gw%ọ%

2	5.5834,7.05	5960	à%g%a%

2	5.664,7.012	2673	à%g%à%

2	5.5834,7.05	10154	y%ị̄%
2	5.664,7.012	2745	y%ị%

2	5.5834,7.05	1330	z%a%a%
2	5.664,7.012	1118	s%a%a%

2	5.5834,7.05	1191	r%u%

2	5.5834,7.05	7358	o%t%u%ù%

2	5.664,7.012	6692	o%s%è%

2	5.664,7.012	13865	i%kw%è%

2	5.664,7.012	7412	i%kh%è%

2	5.664,7.012	183	i%gw%è%

2	5.664,7.012	7425	i%b%ù%

2	5.4543,7.0247	2915	sh%ụ%
2	5.4829,7.0337	6628	s%ụ%

2	5.5832,7.05	3851	gb%o%o%

2	5.5834,7.05	96	e%z%ē%

2	5.71795,7.08217	69	e%w%ū%

2	5.664,7.012	28	e%j%ì%

2	5.71795,7.08217	5786	è%m%e%

2	5.5832,7.05	5840	e%b%e%è%

2	5.664,7.012	876	b%u%
2	5.71795,7.08217	9759	b%ù%

2	5.664,7.012	5941	a%z%ụ̀%

2	5.664,7.012	54	a%ny%ị%

2	5.5834,7.05	5812	ụ%m%ụ̀%

2	5.72517,7.13325	13855	ụ%kw%à%

2	5.522,6.923	7407	ọ̄%w%ụ̄%l%à%

2	5.5834,7.05	2539	è%m%è%

2	5.5834,7.05	7843	à%k%ụ̀%

2	5.6027,7.322	5905	à%b%ụ̀%ọ%

2	5.6027,7.322	10272	u%lw%ō%

2	5.72517,7.13325	178	nw%o%k%ē%

2	5.71795,7.08217	6756	nw%ē%ē%

2	5.664,7.012	347	w%è%r%è%

2	5.72517,7.13325	5860	n%ọ̀%ọ%

2	5.664,7.012	392	n%ọ̄%
2	5.71795,7.08217	211	ā%n%ọ̄%

2	5.6027,7.322	7578	n%gw%ọ̀%

2	5.5834,7.05	44	m̄%m%ā%d%ụ̀%

2	5.5834,7.05	149	m%m%à%

2	5.72517,7.13325	6880	kw%ụ%ọ%

2	5.664,7.012	522	g%a%a%

2	5.4829,7.0337	3727	i%sh%ì%
2	5.5832,7.05	7069	e%sh%ì%

2	5.5834,7.05	3787	i%b%u%

2	5.72517,7.13325	5937	i%r̃%i%

2	5.6027,7.322	474	i%m%e%e%
2	5.72517,7.13325	1515	e%m%e%e%

2	5.6027,7.322	5861	i%kh%ē%

2	5.664,7.012	718	kp%a%
2	5.72517,7.13325	781	kp%à%

2	5.6027,7.322	1790	a%n%à%
2	5.72517,7.13325	7210	a%z%à%

2	5.664,7.012	8679	à%r̃%ụ%

2	5.5832,7.05	652	a%h%a%
2	5.5834,7.05	614	a%h%ā%

2	5.72517,7.13325	731	a%gw%a%

2	5.72517,7.13325	6083	ọ%k%à%

2	5.5834,7.05	735	a%h%i%a%

2	5.664,7.012	1309	ụ%d%ị%

2	5.5834,7.05	2245	ọ%n%ọ%d%ụ%

2	5.664,7.012	285	ọ%kw%a%

2	5.5834,7.05	5015	ọ%d%ị%

2	5.5834,7.05	1120	ị%h%ụ%n%a%

2	5.5834,7.05	5950	ì%s%e%
2	5.664,7.012	1155	i%s%e%

2	5.5834,7.05	5851	ì%h%e%
2	5.664,7.012	12275	ī%h%e%

2	5.664,7.012	714	o%l%e%
2	5.71795,7.08217	9011	ò%l%e%

2	5.5834,7.05	2732	z%u%o%

2	5.72517,7.13325	153	w%ụ̄%ụ̄%

2	5.5834,7.05	5012	u%s%o%r%o%

2	5.664,7.012	6587	u%r%ù%

2	5.4244,7.1967	1079	u%r%u%

2	5.72517,7.13325	10272	u%lw%ō%

2	5.5834,7.05	2846	u%l%o%
2	5.664,7.012	2845	u%l%ò%

2	5.5834,7.05	701	u%gb%u%u%

2	5.664,7.012	6596	u%b%ì%

2	5.5834,7.05	1226	t%i%ny%e%

2	5.6027,7.322	1066	sh%i%t%e%

2	5.5834,7.05	5228	s%i%r%i%

2	5.664,7.012	1326	r%i%

2	5.5834,7.05	1099	p%ụ%r%ụ%

2	5.664,7.012	8708	o%th%u%

2	5.5834,7.05	918	o%m%u%m%e%

2	5.5834,7.05	3047	o%m%e%n%a%l%a%

2	5.5834,7.05	720	o%l%o%

2	5.5834,7.05	970	o%ch%i%e%

2	5.72517,7.13325	5805	n%ọ̀%r%ọ%

2	5.5834,7.05	3246	n%t%a%k%ị%r%ị%

2	5.664,7.012	631	n%n%u%

2	5.5834,7.05	5864	n%i%ī%l%ē%
2	5.6027,7.322	8076	n%i%ī%n%ē%

2	5.4244,7.1967	1027	n%d%ụ%

2	5.5834,7.05	673	m%m%m%

2	5.5832,7.05	5927	m%m%i%r%ī%
2	5.5834,7.05	5843	m%m%ī%r%ī%

2	5.5834,7.05	1769	m%m%a%n%ụ%

2	5.71795,7.08217	84	m%kp%ụ%r%ụ%

2	5.5834,7.05	1644	m%kp%a%

2	5.5834,7.05	8758	m̀%b%ụ%
2	5.664,7.012	760	m%b%ụ%

2	5.5834,7.05	765	m%b%u%

2	5.6027,7.322	8152	m%b%è%

2	5.5834,7.05	429	m%b%a%r%a%

2	5.5834,7.05	802	kw%e%r%e%

2	5.5832,7.05	3621	k%ọ̀%
2	5.5834,7.05	3641	k%ọ%

2	5.5834,7.05	3720	j%a%a%
2	5.71795,7.08217	433	m%a%a%

2	5.6027,7.322	6040	ī%k%ē%

2	5.5834,7.05	1321	i%z%u%

2	5.72517,7.13325	5922	i%r%ī%

2	5.5834,7.05	1012	i%kw%u%

2	5.664,7.012	789	h%ù%
2	5.72517,7.13325	1152	o%h%u%

2	5.5834,7.05	789	h%ù%

2	5.5834,7.05	8280	gh%à%r%a%

2	5.5834,7.05	4650	a%gb%à%r%à%

2	5.5834,7.05	1121	gb%a%k%ọ%ọ%

2	5.5834,7.05	1048	g%a%-%e%r%i%

2	5.664,7.012	5837	è%zh%i%
2	5.71795,7.08217	313	è%j%i%

2	5.72517,7.13325	3787	i%b%u%

2	5.5834,7.05	5003	e%s%i%

2	5.5834,7.05	1190	e%ny%e%r%e%

2	5.5834,7.05	1628	e%l%e%e%

2	5.5834,7.05	4149	e%k%e%l%e%

2	5.3999,7.0167	80	i%h%u%

2	5.5834,7.05	1888	e%f%e%r%e%

2	5.5834,7.05	1611	e%b%u%

2	5.5834,7.05	1408	e%b%i%d%o%

2	5.5834,7.05	996	e%b%e%r%e%

2	5.4543,7.0247	689	o%b%i%

2	5.5834,7.05	1466	b%a%r%a%

2	5.5834,7.05	977	a%t%ụ%r%ụ%

2	5.5834,7.05	851	a%sh%i%

2	5.5834,7.05	903	a%n%ọ%r%ọ%

2	5.4244,7.1967	1552	a%n%ọ̀%
2	5.4543,7.0247	690	a%n%ọ%

2	5.5834,7.05	939	a%m%a%r%a%l%a%

2	5.5834,7.05	821	a%m%a%r%a%

2	5.5834,7.05	1291	a%h%ụ%h%ụ%

2	5.5834,7.05	739	a%gb%a%r%a%

2	5.5834,7.05	619	a%ch%a%

2	5.5834,7.05	746	a%b%a%l%i%

2	5.4829,7.0337	4725	a%b%ị%a%

2	5.5834,7.05	694	N%n%e%

2	5.5834,7.05	8861	ụ̀%t%ụ%

2	5.664,7.012	7407	ọ̄%w%ụ̄%l%à%

2	5.5832,7.05	641	ọ%z%ọ%
2	5.664,7.012	42	ọ̄%z%ọ̄%

2	5.5832,7.05	8658	ò%t%u%ù%

2	5.72517,7.13325	179	ò%nw%e%

2	5.5832,7.05	2386	ò%k%ù%

2	5.5834,7.05	8627	ì%w%u%

2	5.5834,7.05	5979	ì%r%i%
2	5.664,7.012	737	i%r%i%

2	5.5834,7.05	6445	è%j%e%e%

2	5.5834,7.05	7804	à%t%ọ%

2	5.5834,7.05	8679	à%r̃%ụ%
2	5.664,7.012	9098	à%r%ụ%

2	5.5832,7.05	8636	à%ch%ị%

2	5.5834,7.05	955	u%gw%u%
2	5.664,7.012	642	u%kw%u%

2	5.4829,7.0337	2179	ụ%

2	5.5832,7.05	702	j%i%r%i%

2	5.522,6.923	202	r%ụ̀%
2	5.5832,7.05	1191	r%u%

2	5.5834,7.05	716	n%u%

2	5.522,6.923	8042	n%à%-%è%m%e%
2	5.5832,7.05	9347	n%à%-%è%nw%e%

2	5.5834,7.05	1137	n%sh%i%

2	5.664,7.012	740	n%o%

2	5.5834,7.05	248	n%nw%a%
2	5.6027,7.322	5785	n%nw%ā%

2	5.4543,7.0247	1009	m%ụ%ọ%

2	5.72517,7.13325	6019	m%b%à%

2	5.5834,7.05	5414	k%ụ%ọ%

2	5.71795,7.08217	70	i%ch%è%

2	5.664,7.012	455	k%a%r%a%

2	5.5832,7.05	8650	e%h%è%

2	5.4829,7.0337	5980	r%ị%k%à%
2	5.522,6.923	6647	r%ị̄%k%à%

2	5.5832,7.05	5854	b%à%a%
2	5.5834,7.05	826	b%a%a%

2	5.72517,7.13325	894	b%i%

2	5.522,6.923	5802	a%n%ụ̀%
2	5.5832,7.05	186	a%n%ụ%

2	5.72517,7.13325	8628	à%t%ụ%

2	5.4244,7.1967	1050	y%a%n%ụ%

2	5.522,6.923	7398	ụ%k%ụ̀%t%ụ̀%

2	5.522,6.923	7428	ọ%b%à%

2	5.522,6.923	7430	è%t%i%i%

2	5.4829,7.0337	5859	à%l%a%

2	5.4829,7.0337	46	à%l%à%

2	5.522,6.923	344	w%ụ%r%ụ%kw%a%n%ụ%

2	5.522,6.923	7422	w%ị%ị%g%a%

2	5.3999,7.0167	85	l%e%e%

2	5.4829,7.0337	1029	l%ụ%ọ%
2	5.522,6.923	2956	r%ụ%ọ%

2	5.5834,7.05	1494	r%ị%ị%

2	5.522,6.923	930	o%sh%i%sh%i%

2	5.5834,7.05	7981	o%ny%ē%

2	5.4829,7.0337	6176	o%kh%è%ny%è%
2	5.522,6.923	203	o%k%è%ny%è%

2	5.4829,7.0337	5841	o%g%è%

2	5.522,6.923	5849	nw%o%k%è%
2	5.5832,7.05	7370	nw%o%kh%è%

2	5.4829,7.0337	178	nw%o%k%ē%

2	5.522,6.923	7396	nw%a%t%à%

2	5.522,6.923	7403	n%t%à%k%ị%r%ị%

2	5.5834,7.05	6787	n%n%ụ̄%

2	5.4829,7.0337	6089	n%kw%ụ̄%
2	5.522,6.923	1873	n%kw%ụ%

2	5.4244,7.1967	954	m%u%

2	5.5832,7.05	416	m%à%ọ̀%

2	5.522,6.923	151	m%kp%ụ%r%ụ̄%

2	5.4829,7.0337	5836	è%sh%ì%

2	5.522,6.923	5861	i%kh%ē%
2	5.5832,7.05	478	i%k%ē%

2	5.522,6.923	7412	i%kh%è%

2	5.522,6.923	7425	i%b%ù%

2	5.4829,7.0337	643	e%m%e%

2	5.5834,7.05	3565	kw%a%a%

2	5.5834,7.05	679	kw%à%
2	5.6027,7.322	965	kw%e%

2	5.522,6.923	7383	e%d%è%

2	5.522,6.923	1611	e%b%u%
2	5.5832,7.05	7800	è%b%u%

2	5.4829,7.0337	1123	a%a%

2	5.5834,7.05	669	a%h%u%

2	5.5834,7.05	4529	a%m%ụ%

2	5.71795,7.08217	2171	ụ%l%ọ̀%

2	5.4543,7.0247	1160	ọ%t%ụ%t%ụ%
2	5.4829,7.0337	6127	ọ̀%t%ụ%t%ụ%

2	5.72517,7.13325	1086	a%r%ụ%

2	5.4829,7.0337	286	ọ%j%ọ%ọ̄%

2	5.5834,7.05	8756	ọ%h%ụ%r%ụ̄%

2	5.522,6.923	776	ọ%k%ụ%
2	5.5832,7.05	7378	ọ%kh%ụ%

2	5.5834,7.05	1488	ò%t%ù%

2	5.4244,7.1967	1488	ò%t%ù%
2	5.4829,7.0337	6358	ò%t%u%

2	5.4829,7.0337	5851	ì%h%e%

2	5.5834,7.05	5910	è%è%

2	5.4543,7.0247	755	e%kw%e%
2	5.4829,7.0337	6434	è%kw%e%

2	5.522,6.923	5822	è%h%e%è%

2	5.5834,7.05	5955	ọ̀%w%ụ%

2	5.522,6.923	5815	à%n%ọ%

2	5.522,6.923	6162	à%n%a%ā%

2	5.6027,7.322	133	à%kp%à%

2	5.4829,7.0337	5882	à%gw%à%
2	5.5832,7.05	6524	à%gw%a%

2	5.4829,7.0337	692	d%ị%
2	5.5832,7.05	5793	d%ī%

2	5.4244,7.1967	2745	y%ị%
2	5.4829,7.0337	2750	y%i%

2	5.4543,7.0247	1079	u%r%u%
2	5.4829,7.0337	6587	u%r%ù%

2	5.4829,7.0337	38	o%b%ì%
2	5.522,6.923	689	o%b%i%

2	5.4829,7.0337	108	nw%ē%r%ē%

2	5.5832,7.05	165	nw%ā%

2	5.4829,7.0337	5860	n%ọ̀%ọ%

2	5.522,6.923	5807	n%n%ē%

2	5.4829,7.0337	6794	n%k%è%
2	5.522,6.923	398	n%k%e%

2	5.4829,7.0337	5847	n%ch%à%

2	5.4829,7.0337	5872	m̄%m%ā%

2	5.4829,7.0337	1316	m̀%gb%ò%
2	5.6027,7.322	5916	ì%gb%o%

2	5.4829,7.0337	6100	m%ụ̄%
2	5.522,6.923	954	m%u%

2	5.4829,7.0337	5843	m%m%ī%r%ī%

2	5.4829,7.0337	242	m%m%ā%d%ụ̀%
2	5.5832,7.05	44	m̄%m%ā%d%ụ̀%

2	5.4829,7.0337	6046	m%ā%r%ā%
2	5.5832,7.05	430	m%ā%r̃%ā%

2	5.664,7.012	4403	b%e%

2	5.72517,7.13325	478	i%k%ē%

2	5.71795,7.08217	87	i%k%e%

2	5.522,6.923	6974	i%h%ì%
2	5.5832,7.05	80	i%h%u%

2	5.5834,7.05	7543	i%j%è%
2	5.664,7.012	3786	i%b%è%

2	5.4829,7.0337	5871	h%e%è%

2	5.72517,7.13325	101	g%à%-%

2	5.5834,7.05	1635	g%ị̀%
2	5.664,7.012	7009	g%ī%

2	5.5834,7.05	9358	n%r%ī%
2	5.6027,7.322	747	n%r%i%

2	5.3999,7.0167	88	i%sh%ī%

2	5.522,6.923	2122	ch%ọ%ọ%

2	5.4244,7.1967	1118	s%a%a%

2	5.4829,7.0337	581	ā%f%ọ̄%

2	5.4829,7.0337	7212	a%w%ụ̄%
2	5.5832,7.05	928	a%w%ụ%

2	5.4244,7.1967	1790	a%n%à%
2	5.4829,7.0337	7252	a%m%à%

2	5.4543,7.0247	950	a%k%ụ%

2	5.72517,7.13325	4604	a%k%ị%

2	5.522,6.923	131	a%h%ụ%
2	5.5832,7.05	5820	a%h%ụ̄%

2	5.4829,7.0337	613	a%h%ị%h%ị%a%

2	5.4829,7.0337	889	a%h%ù%
2	5.5832,7.05	131	a%h%ụ%

2	5.3999,7.0167	138	a%f%ọ%
2	5.4244,7.1967	223	a%f%ọ̀%

2	5.4829,7.0337	5831	a%b%ụ̀%

2	5.4829,7.0337	5862	(%b%e%f%o%r%e%)%

2	5.4543,7.0247	1052	ụ%k%a%
2	5.4829,7.0337	261	ụ%k%à%

2	5.4543,7.0247	5032	ọ%b%ụ%

2	5.4244,7.1967	2915	sh%ụ%
2	5.5834,7.05	6628	s%ụ%

2	5.3999,7.0167	354	sh%i%r%i%
2	5.4543,7.0247	5228	s%i%r%i%

2	5.4543,7.0247	1099	p%ụ%r%ụ%
2	5.4829,7.0337	5899	t%ụ%r%ụ%

2	5.522,6.923	5870	ō%ny%ē%
2	5.5832,7.05	7981	o%ny%ē%

2	5.4543,7.0247	3787	i%b%u%
2	5.4829,7.0337	1321	i%z%u%

2	5.4543,7.0247	5414	k%ụ%ọ%
2	5.4829,7.0337	3873	g%ụ%ọ%

2	5.4244,7.1967	507	gb%a%a%

2	5.4543,7.0247	5622	a%s%ị%
2	5.4829,7.0337	717	a%sh%ị%

2	5.5832,7.05	651	a%kp%ọ%
2	5.5834,7.05	609	a%kp%ọ̀%

2	5.664,7.012	5874	a%h%ị%ā%

2	5.4244,7.1967	1017	a%nw%ụ%

2	5.4244,7.1967	1001	ụ%t%ụ%t%ụ%

2	5.3999,7.0167	79	ọ̀%z%ọ%

2	5.4244,7.1967	1052	ụ%k%a%

2	5.4244,7.1967	2179	ụ%
2	5.4543,7.0247	1362	u%

2	5.3999,7.0167	287	ọ%d%ụ̀%
2	5.4543,7.0247	1361	ọ%d%ụ%

2	5.6027,7.322	1160	ọ%t%ụ%t%ụ%
2	5.72517,7.13325	6127	ọ̀%t%ụ%t%ụ%

2	5.4244,7.1967	1033	ọ%r%ị%

2	5.4244,7.1967	987	ọ%k%ụ%k%ụ%

2	5.5832,7.05	8732	ò%b%ò%d%o%
2	5.6027,7.322	1517	ò%b%ò%d%ò%

2	5.72517,7.13325	6494	à%n%a%

2	5.4244,7.1967	2750	y%i%
2	5.4829,7.0337	2745	y%ị%

2	5.4244,7.1967	963	w%ọ%ọ%

2	5.4829,7.0337	2135	w%a%r%a%

2	5.5834,7.05	5933	u%lw%ò%
2	5.6027,7.322	2845	u%l%ò%

2	5.4244,7.1967	2103	–%
2	5.4829,7.0337	649	?%

2	5.5834,7.05	7475	t%a%à%

2	5.4244,7.1967	1099	p%ụ%r%ụ%

2	5.4244,7.1967	951	o%g%o%l%o%g%o%

2	5.4543,7.0247	2073	o%f%e%
2	5.4829,7.0337	5978	o%f%ē%

2	5.4244,7.1967	970	o%ch%i%e%

2	5.5834,7.05	1597	o%b%u%

2	5.4543,7.0247	818	nw%o%k%e%

2	5.4244,7.1967	1071	nw%e%t%e%

2	5.4244,7.1967	1040	ny%e%r%e%

2	5.4244,7.1967	953	nw%a%n%n%e%

2	5.4244,7.1967	1023	n%ọ%ọ%

2	5.4244,7.1967	1054	n%ọ%r%ọ%

2	5.4244,7.1967	1015	n%s%o%gb%u%

2	5.4244,7.1967	997	n%a%r%a%

2	5.4244,7.1967	1009	m%ụ%ọ%

2	5.3999,7.0167	84	m%kp%ụ%r%ụ%

2	5.4244,7.1967	1002	m%m%ụ%ọ%

2	5.4244,7.1967	1013	m%h%m%

2	5.4543,7.0247	765	m%b%u%

2	5.4244,7.1967	1047	m%b%a%

2	5.4244,7.1967	1082	kw%ọ%

2	5.4244,7.1967	1012	i%kw%u%

2	5.4244,7.1967	956	gb%a%m%a%

2	5.4829,7.0337	1635	g%ị̀%

2	5.4244,7.1967	978	g%a%-%e%sh%i%

2	5.4244,7.1967	1048	g%a%-%e%r%i%

2	5.4244,7.1967	941	g%a%-%e%j%i%

2	5.4244,7.1967	1088	g%a%-%a%n%ọ%

2	5.4244,7.1967	1119	e%z%i%gb%o%

2	5.4244,7.1967	1113	e%z%i%

2	5.4244,7.1967	1846	e%t%o%
2	5.4543,7.0247	5046	e%t%u%

2	5.4244,7.1967	1010	e%m%e%r%e%

2	5.4244,7.1967	1078	e%kw%e%r%e%

2	5.4244,7.1967	1060	e%b%i%r%i%

2	5.4244,7.1967	996	e%b%e%r%e%

2	5.4543,7.0247	1418	d%i%k%a%

2	5.4244,7.1967	972	b%i%k%o%

2	5.4244,7.1967	977	a%t%ụ%r%ụ%

2	5.4244,7.1967	1024	a%r%a%

2	5.72517,7.13325	1361	ọ%d%ụ%

2	5.4829,7.0337	127	a%h%à%

2	5.4543,7.0247	4529	a%m%ụ%
2	5.4829,7.0337	186	a%n%ụ%

2	5.4244,7.1967	939	a%m%a%r%a%l%a%

2	5.4244,7.1967	950	a%k%ụ%

2	5.4244,7.1967	975	a%kp%ọ%r%ọ%

2	5.4244,7.1967	999	a%k%ọ%

2	5.5834,7.05	72	a%ny%à%

2	5.3999,7.0167	95	a%k%a%

2	5.72517,7.13325	6478	à%t%a%

2	5.4244,7.1967	948	a%b%a%l%ị%

2	5.4244,7.1967	302	ò%

2	5.4244,7.1967	993	E%z%e%

2	5.4244,7.1967	995	E%e%

2	5.3999,7.0167	65	ụ̀%f%ọ%d%ụ%

2	5.3999,7.0167	105	ụ̀%d%ị%

2	5.4244,7.1967	280	ọ%s%ọ%

2	5.4244,7.1967	290	ọ%ch%a%

2	5.4244,7.1967	1086	a%r%ụ%

2	5.4543,7.0247	710	a%gb%a%
2	5.4829,7.0337	915	a%kp%a%

2	5.3999,7.0167	104	w%è%r%e%

2	5.3999,7.0167	251	ō%
2	5.4829,7.0337	625	.%

2	5.3999,7.0167	86	ǹ%k%e%à%

2	5.3999,7.0167	67	m̀%

2	5.3999,7.0167	68	m%m%ā%

2	5.3999,7.0167	456	k%a%m%à%
2	5.4543,7.0247	881	k%a%m%a%

2	5.664,7.012	470	ī%h%ē%
2	5.71795,7.08217	12275	ī%h%e%

2	5.5834,7.05	6026	e%zh%i%

2	5.3999,7.0167	74	i%h%ì%n%à%

2	5.522,6.923	483	i%h%e%è%
2	5.5832,7.05	5018	i%h%e%e%

2	5.3999,7.0167	70	i%ch%è%

2	5.3999,7.0167	94	g%à%-%à%hw%ụ%

2	5.72517,7.13325	403	n%a%a%

2	5.3999,7.0167	96	e%z%ē%

2	5.3999,7.0167	69	e%w%ū%

2	5.3999,7.0167	76	e%r%i%r%i%

2	5.3999,7.0167	82	e%nw%è%r%è%

2	5.522,6.923	1515	e%m%e%e%

2	5.3999,7.0167	93	ā%hw%ụ̄%

2	5.3999,7.0167	91	a%ny%ā%

2	5.3999,7.0167	173	a%m%ụ̀%
2	5.4244,7.1967	4529	a%m%ụ%

2	5.4543,7.0247	5664	a%kp%ụ%
2	5.4829,7.0337	5983	à%kp%ụ%

2	5.664,7.012	199	a%j%ā%

2	5.4244,7.1967	619	a%ch%a%

1	5.72517,7.13325	8861	ụ̀%t%ụ%

1	5.72517,7.13325	849	ụ%w%a%

1	5.72517,7.13325	799	ụ%t%ọ%

1	5.72517,7.13325	5943	ụ%m%ụ̀%a%k%ā%

1	5.72517,7.13325	1186	ụ%m%ụ%nw%a%ny%ị%

1	5.72517,7.13325	745	ụ%m%ụ%a%k%a%

1	5.72517,7.13325	1030	ụ%kw%a%

1	5.72517,7.13325	796	ụ%gw%ọ%

1	5.72517,7.13325	878	ụ%f%ọ%d%ụ%

1	5.5834,7.05	10740	ọ̀%kw%a%

1	5.72517,7.13325	8726	ọ̀%k%ụ%k%ọ̀%

1	5.72517,7.13325	9922	ọ%n%ụ%m%a%r%a%

1	5.72517,7.13325	6279	ọ%n%ọ̀%d%ụ̀%

1	5.4244,7.1967	2249	ọ%n%a%

1	5.72517,7.13325	987	ọ%k%ụ%k%ụ%

1	5.72517,7.13325	751	ọ%k%ụ%k%ọ%

1	5.72517,7.13325	6287	ọ%gw%ụ%

1	5.72517,7.13325	5015	ọ%d%ị%

1	5.72517,7.13325	15191	ọ%b%ụ%l%à%

1	5.72517,7.13325	1979	ọ%b%a%r%a%

1	5.72517,7.13325	5842	ị%n%ọ̀%

1	5.72517,7.13325	6078	ị%gb%ā%

1	5.72517,7.13325	6351	ù%gb%ò%r%ò%

1	5.72517,7.13325	6370	ò%m%e%n%à%à%l%à%

1	5.72517,7.13325	2386	ò%k%ù%

1	5.72517,7.13325	5816	ò%k%è%

1	5.6027,7.322	7771	è%m%i%

1	5.5834,7.05	8625	è%l%e%ē%

1	5.72517,7.13325	6445	è%j%e%e%

1	5.6027,7.322	6005	à%l%ụ%

1	5.72517,7.13325	320	à%r%ị%

1	5.72517,7.13325	6485	à%p%ụ̀%t%a%

1	5.72517,7.13325	5965	à%n%d%ị̀%ị̀%

1	5.72517,7.13325	7820	à%n%a%-%

1	5.72517,7.13325	6501	à%kw%a%

1	5.72517,7.13325	7843	à%k%ụ̀%

1	5.5834,7.05	5787	à%à%

1	5.72517,7.13325	5810	à%g%a%ā%

1	5.72517,7.13325	8636	à%ch%ị%

1	5.72517,7.13325	5905	à%b%ụ̀%ọ%

1	5.72517,7.13325	1330	z%a%a%

1	5.72517,7.13325	342	w%ụ̄%r%ụ̄%

1	5.72517,7.13325	653	w%ụ%l%a%

1	5.72517,7.13325	663	w%è%

1	5.72517,7.13325	1329	w%u%

1	5.72517,7.13325	834	w%e%t%e%

1	5.72517,7.13325	697	u%n%u%

1	5.72517,7.13325	924	u%gb%u%a%

1	5.72517,7.13325	5100	t%ụ%ọ%

1	5.72517,7.13325	5899	t%ụ%r%ụ%

1	5.72517,7.13325	6633	s%ị̄%

1	5.72517,7.13325	5228	s%i%r%i%

1	5.72517,7.13325	5954	s%a%ch%a%a%

1	5.72517,7.13325	2956	r%ụ%ọ%

1	5.4244,7.1967	1326	r%i%

1	5.72517,7.13325	787	r%u%r%u%

1	5.4244,7.1967	1431	l%a%

1	5.72517,7.13325	167	p%ụ̀%ọ%

1	5.72517,7.13325	730	p%ụ%t%a%

1	5.72517,7.13325	110	ō%ō%

1	5.72517,7.13325	5249	o%t%u%a%

1	5.6027,7.322	1281	o%ch%e%

1	5.72517,7.13325	7399	o%sh%i%è%

1	5.72517,7.13325	769	o%sh%i%

1	5.72517,7.13325	5048	o%r%i%r%i%

1	5.72517,7.13325	788	o%l%e%e%

1	5.72517,7.13325	8742	o%kw%ū%

1	5.72517,7.13325	6709	o%k%è%e%

1	5.72517,7.13325	951	o%g%o%l%o%g%o%

1	5.72517,7.13325	5004	o%g%o%

1	5.72517,7.13325	962	o%b%o%d%o%

1	5.72517,7.13325	381	ǹ%k%è%e%

1	5.72517,7.13325	384	nw%è%kw%à%r%à%

1	5.72517,7.13325	7521	nw%ē%r̃%ē%

1	5.72517,7.13325	50	nw%e%kw%a%n%ụ%

1	5.72517,7.13325	762	nw%a%ny%i%

1	5.72517,7.13325	1023	n%ọ%ọ%

1	5.72517,7.13325	6780	n%z%ū%

1	5.72517,7.13325	396	n%t%ị%

1	5.72517,7.13325	3246	n%t%a%k%ị%r%ị%

1	5.72517,7.13325	5051	n%o%w%

1	5.72517,7.13325	8632	n%n%ā%

1	5.72517,7.13325	8787	n%e%-%

1	5.72517,7.13325	1007	n%d%e%e%w%o%

1	5.71795,7.08217	5847	n%ch%à%

1	5.72517,7.13325	7535	n%a%ā%n%ị̄%

1	5.72517,7.13325	5800	m%ụ̄%r%ụ̄%

1	5.72517,7.13325	1140	m%ụ%t%a%

1	5.72517,7.13325	954	m%u%

1	5.72517,7.13325	1002	m%m%ụ%ọ%

1	5.72517,7.13325	895	m%e%r%e%n%ụ%

1	5.72517,7.13325	1200	m%e%g%e%

1	5.72517,7.13325	1047	m%b%a%

1	5.72517,7.13325	430	m%ā%r̃%ā%

1	5.72517,7.13325	5913	l%è%e%

1	5.72517,7.13325	901	l%a%r%u%o%

1	5.72517,7.13325	1431	l%a%

1	5.72517,7.13325	1082	kw%ọ%

1	5.4244,7.1967	2732	z%u%o%

1	5.6027,7.322	634	nw%e%r%e%

1	5.72517,7.13325	1395	kw%a%r%a%

1	5.72517,7.13325	446	k%ụ%

1	5.72517,7.13325	249	k%ọ%r%ọ%

1	5.72517,7.13325	1791	k%e%r%e%

1	5.72517,7.13325	5038	k%a%r%ị%a%

1	5.72517,7.13325	455	k%a%r%a%

1	5.72517,7.13325	881	k%a%m%a%

1	5.72517,7.13325	1398	k%a%a%

1	5.72517,7.13325	961	i%w%e%

1	5.72517,7.13325	823	i%t%e%

1	5.72517,7.13325	985	i%s%i%

1	5.72517,7.13325	1155	i%s%e%

1	5.72517,7.13325	5447	i%kp%e%

1	5.72517,7.13325	6974	i%h%ì%

1	5.72517,7.13325	2043	i%g%a%

1	5.72517,7.13325	711	h%ụ%r%ụ%

1	5.72517,7.13325	9932	h%a%p%ụ%

1	5.5832,7.05	8762	gw%à%r%à%

1	5.72517,7.13325	857	gb%a%r%a%

1	5.72517,7.13325	1121	gb%a%k%ọ%ọ%

1	5.72517,7.13325	512	g%à%-%à%gb%a%

1	5.72517,7.13325	3922	g%a%n%a%

1	5.72517,7.13325	1286	g%a%kw%a%

1	5.72517,7.13325	9915	g%a%gh%ị%

1	5.72517,7.13325	7012	g%a%ā%

1	5.72517,7.13325	5981	ē%r%ī%

1	5.72517,7.13325	2117	e%z%i%o%kw%u%

1	5.72517,7.13325	1113	e%z%i%

1	5.72517,7.13325	96	e%z%ē%

1	5.72517,7.13325	906	e%w%e%

1	5.72517,7.13325	5115	e%sh%i%e%

1	5.72517,7.13325	5003	e%s%i%

1	5.72517,7.13325	754	e%r%i%

1	5.72517,7.13325	2034	e%r%e%

1	5.72517,7.13325	1190	e%ny%e%r%e%

1	5.72517,7.13325	5010	e%nw%e%r%e%

1	5.72517,7.13325	4099	e%m%u%m%e%

1	5.72517,7.13325	1010	e%m%e%r%e%

1	5.72517,7.13325	4123	e%m%e%ch%a%a%

1	5.72517,7.13325	1628	e%l%e%e%

1	5.72517,7.13325	4136	e%kw%u%o%

1	5.664,7.012	1012	i%kw%u%

1	5.72517,7.13325	1078	e%kw%e%r%e%

1	5.72517,7.13325	966	e%k%e%

1	5.72517,7.13325	916	e%j%i%r%i%

1	5.72517,7.13325	8393	e%h%ụ̀%

1	5.72517,7.13325	896	e%h%u%

1	5.72517,7.13325	9933	e%h%i%h%i%e%

1	5.72517,7.13325	551	e%e%m%

1	5.72517,7.13325	721	e%b%u%r%u%

1	5.72517,7.13325	1060	e%b%i%r%i%

1	5.72517,7.13325	4231	d%ị%r%ị%

1	5.72517,7.13325	220	d%u%m̀%

1	5.4244,7.1967	1849	t%e%e%

1	5.72517,7.13325	869	ch%ọ%r%ọ%

1	5.72517,7.13325	907	ch%e%

1	5.72517,7.13325	1164	b%ụ%r%ụ%

1	5.72517,7.13325	9757	b%ọ̀%t%ụ̀%

1	5.72517,7.13325	5593	b%ị%a%r%a%

1	5.72517,7.13325	7501	b%ị%a%kw%a%

1	5.72517,7.13325	972	b%i%k%o%

1	5.72517,7.13325	1466	b%a%r%a%

1	5.72517,7.13325	573	ā%w%ụ̄%

1	5.72517,7.13325	142	ā%ny%ā%

1	5.72517,7.13325	851	a%sh%i%

1	5.72517,7.13325	8645	a%s%ụ̀%s%ụ%

1	5.72517,7.13325	5622	a%s%ị%

1	5.72517,7.13325	758	a%r%ị%

1	5.72517,7.13325	786	a%p%ụ%t%a%

1	5.72517,7.13325	903	a%n%ọ%r%ọ%

1	5.72517,7.13325	671	a%n%a%-%

1	5.72517,7.13325	854	a%m%ụ%t%a%

1	5.72517,7.13325	610	a%kp%ọ%ọ%

1	5.72517,7.13325	975	a%kp%ọ%r%ọ%

1	5.72517,7.13325	915	a%kp%a%

1	5.72517,7.13325	877	a%k%ọ%r%ọ%

1	5.72517,7.13325	999	a%k%ọ%

1	5.72517,7.13325	929	a%j%ụ%

1	5.72517,7.13325	1198	a%h%ụ%r%ụ%

1	5.72517,7.13325	1291	a%h%ụ%h%ụ%

1	5.72517,7.13325	1195	a%h%a%a%

1	5.72517,7.13325	4650	a%gb%à%r%à%

1	5.72517,7.13325	739	a%gb%a%r%a%

1	5.72517,7.13325	725	a%g%ụ%

1	5.72517,7.13325	5002	a%g%a%a%

1	5.72517,7.13325	911	a%d%a%

1	5.72517,7.13325	746	a%b%a%l%i%

1	5.72517,7.13325	715	N%d%e%e%w%o%

1	5.72517,7.13325	164	(%th%e%n%)%

1	5.664,7.012	2179	ụ%

1	5.71795,7.08217	5851	ì%h%e%

1	5.4829,7.0337	7009	g%ī%

1	5.664,7.012	372	o%kw%u%

1	5.5834,7.05	56	à%y%ị%

1	5.522,6.923	329	à%gb%à%

1	5.72517,7.13325	5881	à%g%ụ%

1	5.5832,7.05	104	w%è%r%e%

1	5.5834,7.05	37	j%ì%r%ì%

1	5.71795,7.08217	8814	r%ụ̄%

1	5.71795,7.08217	6675	ō%t%ū%

1	5.5834,7.05	7361	o%t%u%à%

1	5.71795,7.08217	930	o%sh%i%sh%i%

1	5.71795,7.08217	848	o%k%e%

1	5.71795,7.08217	8630	ǹ%z%è%

1	5.71795,7.08217	384	nw%è%kw%à%r%à%

1	5.664,7.012	5907	nw%ē%

1	5.664,7.012	108	nw%ē%r%ē%

1	5.71795,7.08217	882	nw%e%kw%e%r%e%

1	5.664,7.012	9316	nw%e%kw%e%e%

1	5.71795,7.08217	6031	nw%a%à%y%ị̀%

1	5.71795,7.08217	389	nw%a%à%ny%ị̀%

1	5.664,7.012	11719	n%à%-%à%w%ụ%

1	5.71795,7.08217	92	n%t%ị̀%

1	5.71795,7.08217	7403	n%t%à%k%ị%r%ị%

1	5.71795,7.08217	6782	n%t%à%

1	5.522,6.923	5813	ǹ%g%a%

1	5.5834,7.05	3209	n%ị̀%

1	5.71795,7.08217	8085	n%d%ị%à%

1	5.664,7.012	648	n%n%e%

1	5.522,6.923	1014	m%à%n%à%

1	5.6027,7.322	126	n%ụ̄%

1	5.71795,7.08217	9512	k%ọ%w%a%

1	5.71795,7.08217	6951	ī%sh%ī%

1	5.72517,7.13325	12275	ī%h%e%

1	5.71795,7.08217	474	i%m%e%e%

1	5.71795,7.08217	5856	i%l%ē%

1	5.72517,7.13325	708	i%ch%e%

1	5.5832,7.05	143	h%

1	5.5834,7.05	5793	d%ī%

1	5.664,7.012	2122	ch%ọ%ọ%

1	5.664,7.012	564	b%ụ%

1	5.664,7.012	7428	ọ%b%à%

1	5.5834,7.05	8643	ā%y%ị̄%

1	5.6027,7.322	5872	m̄%m%ā%

1	5.5834,7.05	13220	a%y%ị̀%

1	5.71795,7.08217	13854	a%m%a%ì%gb%ò%

1	5.71795,7.08217	1195	a%h%a%a%

1	5.664,7.012	156	ụ̄%f%ọ̄%d%ụ̄%

1	5.664,7.012	13878	ụ̀%kp%a%k%ā%

1	5.664,7.012	5943	ụ%m%ụ̀%a%k%ā%

1	5.664,7.012	7398	ụ%k%ụ̀%t%ụ̀%

1	5.664,7.012	261	ụ%k%à%

1	5.664,7.012	6233	ọ̄%w%ụ̄%n%à%

1	5.664,7.012	5835	ọ̀%w%ụ%ụ̄%

1	5.664,7.012	13909	ọ̀%k%ụ̀%

1	5.664,7.012	811	ọ%r%ụ%

1	5.664,7.012	6279	ọ%n%ọ̀%d%ụ̀%

1	5.72517,7.13325	7428	ọ%b%à%

1	5.664,7.012	6078	ị%gb%ā%

1	5.4829,7.0337	6345	ṅ%ụ%

1	5.664,7.012	1488	ò%t%ù%

1	5.664,7.012	2386	ò%k%ù%

1	5.664,7.012	5910	è%è%

1	5.5834,7.05	310	è%l%e%

1	5.664,7.012	6130	ò%ny%e%

1	5.664,7.012	7559	è%k%è%t%è%

1	5.664,7.012	14269	è%gh%u%

1	5.664,7.012	316	à%ṅ%a%ā%

1	5.664,7.012	317	à%w%ụ%

1	5.664,7.012	6481	à%s%a%

1	5.664,7.012	7815	à%p%ụ̀%

1	5.664,7.012	6162	à%n%a%ā%

1	5.664,7.012	6005	à%l%ụ%

1	5.6027,7.322	6537	à%f%ọ̀%

1	5.71795,7.08217	6481	à%s%a%

1	5.664,7.012	5905	à%b%ụ̀%ọ%

1	5.664,7.012	5185	z%ụ%t%a%

1	5.664,7.012	2732	z%u%o%

1	5.71795,7.08217	115	y%à%

1	5.664,7.012	7462	w%ụ%s%a%

1	5.664,7.012	675	w%e%

1	5.664,7.012	2135	w%a%r%a%

1	5.664,7.012	15213	u%sh%ì%

1	5.664,7.012	706	u%r%i%

1	5.664,7.012	169	u%kw%ù%

1	5.664,7.012	924	u%gb%u%a%

1	5.664,7.012	1226	t%i%ny%e%

1	5.664,7.012	1849	t%e%e%

1	5.5832,7.05	354	sh%i%r%i%

1	5.664,7.012	5966	s%ụ̀%

1	5.664,7.012	5224	s%ị%

1	5.664,7.012	202	r%ụ̀%

1	5.664,7.012	2956	r%ụ%ọ%

1	5.664,7.012	13856	r%ụ%k%à%

1	5.5834,7.05	202	r%ụ̀%

1	5.5834,7.05	4248	d%u%r%u%

1	5.5834,7.05	167	p%ụ̀%ọ%

1	5.664,7.012	6681	o%y%ī%

1	5.664,7.012	9255	o%th%u%à%

1	5.664,7.012	1937	o%t%ū%

1	5.664,7.012	7358	o%t%u%ù%

1	5.664,7.012	983	o%sh%e%

1	5.664,7.012	9011	ò%l%e%

1	5.664,7.012	6709	o%k%è%e%

1	5.664,7.012	381	ǹ%k%è%e%

1	5.664,7.012	7363	ǹ%k%e%è%

1	5.5832,7.05	1390	nw%ụ%ọ%

1	5.664,7.012	791	nw%ụ%r%ụ%

1	5.5834,7.05	122	o%nw%è%è%

1	5.664,7.012	384	nw%è%kw%à%r%à%

1	5.664,7.012	7370	nw%o%kh%è%

1	5.664,7.012	5849	nw%o%k%è%

1	5.5832,7.05	9316	nw%e%kw%e%e%

1	5.72517,7.13325	11665	nw%e%gh%ị̄%

1	5.664,7.012	6031	nw%a%à%y%ị̀%

1	5.664,7.012	389	nw%a%à%ny%ị̀%

1	5.664,7.012	5860	n%ọ̀%ọ%

1	5.5834,7.05	5805	n%ọ̀%r%ọ%

1	5.664,7.012	1023	n%ọ%ọ%

1	5.664,7.012	9353	n%à%-%à%kp%ị%

1	5.664,7.012	7514	n%à%-%à%g%a%

1	5.664,7.012	92	n%t%ị̀%

1	5.664,7.012	7403	n%t%à%k%ị%r%ị%

1	5.664,7.012	3246	n%t%a%k%ị%r%ị%

1	5.664,7.012	5825	n%s%ò%gb%u%

1	5.664,7.012	5337	n%n%u%kw%u%

1	5.664,7.012	7578	n%gw%ọ̀%

1	5.664,7.012	8757	n%e%-%è%sh%ì%

1	5.664,7.012	5847	n%ch%à%

1	5.664,7.012	8086	n%ā%ā%

1	5.664,7.012	9421	m̀%m%a%

1	5.664,7.012	8109	m̀%gb%è%è%

1	5.664,7.012	6834	m%à%k%à%n%à%

1	5.664,7.012	3460	m%e%ch%a%a%

1	5.664,7.012	431	m%a%r̃%a%

1	5.664,7.012	1029	l%ụ%ọ%

1	5.664,7.012	6870	l%è%kw%e%

1	5.664,7.012	5913	l%è%e%

1	5.664,7.012	802	kw%e%r%e%

1	5.664,7.012	790	kw%a%n%ụ%

1	5.5834,7.05	1988	k%è%è%

1	5.664,7.012	13863	j%i%a%kw%ụ̄%

1	5.5834,7.05	6951	ī%sh%ī%

1	5.664,7.012	6040	ī%k%ē%

1	5.3999,7.0167	470	ī%h%ē%

1	5.664,7.012	5979	ì%r%i%

1	5.5834,7.05	473	i%m%ī%

1	5.664,7.012	474	i%m%e%e%

1	5.5834,7.05	163	i%kh%e%

1	5.4829,7.0337	6971	i%j%ì%

1	5.664,7.012	5934	i%h̃%e%

1	5.664,7.012	483	i%h%e%è%

1	5.4244,7.1967	2960	r%ụ%

1	5.72517,7.13325	6985	h%ụ%ụ%

1	5.4829,7.0337	6286	ọ%h%ụ%r̃%ụ̄%

1	5.5834,7.05	7354	e%h%ù%

1	5.664,7.012	13860	gh%u%o%

1	5.72517,7.13325	12471	gb%à%s%a%r%a%

1	5.664,7.012	1041	g%ụ%

1	5.5834,7.05	9614	g%ị%n%ị̄%

1	5.664,7.012	13962	g%à%r%ị%

1	5.664,7.012	1310	g%à%r%à%

1	5.664,7.012	13853	g%à%-%è%r%i%

1	5.72517,7.13325	7009	g%ī%

1	5.664,7.012	7517	g%ā%ā%

1	5.664,7.012	1286	g%a%kw%a%

1	5.664,7.012	7027	ē%nw%ē%

1	5.6027,7.322	6193	e%zh%i%o%kw%ū%

1	5.664,7.012	9674	e%zh%i%gb%o%

1	5.664,7.012	5948	e%w%è%r%e%

1	5.664,7.012	780	e%t%i%t%i%

1	5.5834,7.05	719	e%ny%i%

1	5.664,7.012	4123	e%m%e%ch%a%a%

1	5.664,7.012	966	e%k%e%

1	5.664,7.012	547	e%j%ì%r%ì%

1	5.5832,7.05	916	e%j%i%r%i%

1	5.664,7.012	1888	e%f%e%r%e%

1	5.71795,7.08217	5910	è%è%

1	5.664,7.012	9750	d%à%a%

1	5.664,7.012	1634	d%e%e%

1	5.664,7.012	8631	ch%ọ%ọ̀%ch%ị̀%

1	5.664,7.012	5014	s%a%

1	5.664,7.012	7159	b%ị%à%r%à%

1	5.6027,7.322	7166	b%ị%ā%

1	5.664,7.012	8456	b%ù%r%ù%

1	5.71795,7.08217	7428	ọ%b%à%

1	5.664,7.012	1489	b%u%t%e%

1	5.664,7.012	553	d%ị̄%

1	5.664,7.012	575	ā%ny%ị̄%

1	5.664,7.012	7210	a%z%à%

1	5.664,7.012	7212	a%w%ụ̄%

1	5.664,7.012	8645	a%s%ụ̀%s%ụ%

1	5.664,7.012	5622	a%s%ị%

1	5.5834,7.05	6485	à%p%ụ̀%t%a%

1	5.71795,7.08217	60	a%k%à%

1	5.664,7.012	610	a%kp%ọ%ọ%

1	5.664,7.012	926	a%gw%ọ%

1	5.664,7.012	5828	a%g%ā%ā%

1	5.664,7.012	4707	a%d%ị%

1	5.664,7.012	699	a%b%ụ%ọ%

1	5.664,7.012	8712	a%a%ə%

1	5.664,7.012	9908	(%b%u%t%)%

1	5.72517,7.13325	7650	ụ̀%z%ọ̀%

1	5.6027,7.322	8861	ụ̀%t%ụ%

1	5.522,6.923	1160	ọ%t%ụ%t%ụ%

1	5.5832,7.05	811	ọ%r%ụ%

1	5.6027,7.322	6355	ò%ò%

1	5.5834,7.05	6370	ò%m%e%n%à%à%l%à%

1	5.5834,7.05	12275	ī%h%e%

1	5.72517,7.13325	9924	u%gb%o%

1	5.5834,7.05	5837	è%zh%i%

1	5.6027,7.322	112	à%z%ụ%

1	5.6027,7.322	7804	à%t%ọ%

1	5.5834,7.05	7815	à%p%ụ̀%

1	5.6027,7.322	5965	à%n%d%ị̀%ị̀%

1	5.6027,7.322	7541	à%gw%ọ%

1	5.5834,7.05	6587	u%r%ù%

1	5.522,6.923	372	o%kw%u%

1	5.6027,7.322	1226	t%i%ny%e%

1	5.6027,7.322	6633	s%ị̄%

1	5.6027,7.322	5954	s%a%ch%a%a%

1	5.72517,7.13325	7941	r̃%ụ%ọ%

1	5.5834,7.05	1326	r%i%

1	5.5834,7.05	10361	r%e%e%

1	5.6027,7.322	7399	o%sh%i%è%

1	5.664,7.012	368	o%o%

1	5.664,7.012	6184	o%gb%è%

1	5.6027,7.322	951	o%g%o%l%o%g%o%

1	5.72517,7.13325	6713	o%gɦ%è%

1	5.664,7.012	38	o%b%ì%

1	5.6027,7.322	384	nw%è%kw%à%r%à%

1	5.72517,7.13325	772	nw%e%

1	5.6027,7.322	6756	nw%ē%ē%

1	5.6027,7.322	5784	nw%a%à%ny%ị%

1	5.72517,7.13325	5825	n%s%ò%gb%u%

1	5.4829,7.0337	43	ọ%n%ụ̄%

1	5.3999,7.0167	149	m%m%à%

1	5.4244,7.1967	84	m%kp%ụ%r%ụ%

1	5.6027,7.322	3460	m%e%ch%a%a%

1	5.6027,7.322	429	m%b%a%r%a%

1	5.6027,7.322	901	l%a%r%u%o%

1	5.664,7.012	5873	ọ̀%ọ̀%

1	5.72517,7.13325	78	k%ē%

1	5.5832,7.05	6799	n%e%e%

1	5.6027,7.322	5857	ī%r%ī%

1	5.3999,7.0167	489	h%ụ%

1	5.664,7.012	8762	gw%à%r%à%

1	5.6027,7.322	8303	g%à%-%è%sh%i%

1	5.6027,7.322	5981	ē%r%ī%

1	5.6027,7.322	529	ē%j%ī%

1	5.72517,7.13325	9674	e%zh%i%gb%o%

1	5.5834,7.05	76	e%r%i%r%i%

1	5.522,6.923	474	i%m%e%e%

1	5.72517,7.13325	635	b%i%a%

1	5.72517,7.13325	1054	n%ọ%r%ọ%

1	5.6027,7.322	1561	ch%ị%r%ị%

1	5.6027,7.322	7164	b%ị%à%a%

1	5.4244,7.1967	2014	b%ì%

1	5.664,7.012	5854	b%à%a%

1	5.6027,7.322	573	ā%w%ụ̄%

1	5.4829,7.0337	5992	ụ%n%ụ̀%

1	5.6027,7.322	598	a%n%ọ̀%r%ọ%

1	5.72517,7.13325	625	.%

1	5.664,7.012	6199	ụ̀%w%à%

1	5.664,7.012	105	ụ̀%d%ị%

1	5.5832,7.05	8861	ụ̀%t%ụ%

1	5.5834,7.05	5943	ụ%m%ụ̀%a%k%ā%

1	5.4244,7.1967	2171	ụ%l%ọ̀%

1	5.5834,7.05	8620	ọ̀%ch%ị%ch%ị%

1	5.5834,7.05	280	ọ%s%ọ%

1	5.5834,7.05	1033	ọ%r%ị%

1	5.6027,7.322	6279	ọ%n%ọ̀%d%ụ̀%

1	5.5834,7.05	987	ọ%k%ụ%k%ụ%

1	5.5834,7.05	751	ọ%k%ụ%k%ọ%

1	5.6027,7.322	286	ọ%j%ọ%ọ̄%

1	5.5834,7.05	287	ọ%d%ụ̀%

1	5.5834,7.05	1979	ọ%b%a%r%a%

1	5.5834,7.05	5842	ị%n%ọ̀%

1	5.664,7.012	6351	ù%gb%ò%r%ò%

1	5.5834,7.05	6355	ò%ò%

1	5.664,7.012	6370	ò%m%e%n%à%à%l%à%

1	5.72517,7.13325	5837	è%zh%i%

1	5.5834,7.05	6434	è%kw%e%

1	5.5834,7.05	7372	è%d%e%

1	5.5834,7.05	316	à%ṅ%a%ā%

1	5.664,7.012	732	a%z%ụ%

1	5.522,6.923	7485	à%s%ụ%

1	5.71795,7.08217	186	a%n%ụ%

1	5.664,7.012	327	à%hw%ụ̀%

1	5.5834,7.05	5983	à%kp%ụ%

1	5.5834,7.05	6510	à%k%ọ%

1	5.5834,7.05	5881	à%g%ụ%

1	5.664,7.012	5904	à%d%ị%

1	5.5834,7.05	8636	à%ch%ị%

1	5.5834,7.05	5185	z%ụ%t%a%

1	5.5832,7.05	5469	h%a%a%

1	5.5832,7.05	682	y%è%

1	5.5834,7.05	2762	y%a%a%

1	5.5834,7.05	342	w%ụ̄%r%ụ̄%

1	5.5834,7.05	1411	w%ụ%n%ụ%

1	5.664,7.012	1329	w%u%

1	5.5834,7.05	675	w%e%

1	5.5834,7.05	706	u%r%i%

1	5.5834,7.05	853	u%m%u%

1	5.664,7.012	778	t%a%a%

1	5.6027,7.322	353	sh%ī%

1	5.5834,7.05	1066	sh%i%t%e%

1	5.522,6.923	5427	j%i%e%

1	5.6027,7.322	5942	hw%ụ%

1	5.5834,7.05	356	s%o%ō%

1	5.5834,7.05	1287	sh%a%

1	5.5834,7.05	1532	r%u%t%e%

1	5.5834,7.05	2984	r%i%m%e%

1	5.664,7.012	10361	r%e%e%

1	5.5834,7.05	2995	r%a%

1	5.664,7.012	5852	p%ụ̀%t%a%

1	5.5834,7.05	203	o%k%è%ny%è%

1	5.5834,7.05	1152	o%h%u%

1	5.5834,7.05	5004	o%g%o%

1	5.5834,7.05	3081	o%f%u%

1	5.4244,7.1967	2073	o%f%e%

1	5.5834,7.05	1281	o%ch%e%

1	5.4244,7.1967	1597	o%b%u%

1	5.5834,7.05	7363	ǹ%k%e%è%

1	5.4244,7.1967	1204	nw%è%

1	5.5834,7.05	5849	nw%o%k%è%

1	5.5834,7.05	178	nw%o%k%ē%

1	5.5834,7.05	5321	nw%e%kw%e%

1	5.5834,7.05	50	nw%e%kw%a%n%ụ%

1	5.5834,7.05	856	nw%a%t%a%

1	5.5834,7.05	762	nw%a%ny%i%

1	5.664,7.012	3191	n%ụ%ọ%

1	5.664,7.012	5805	n%ọ̀%r%ọ%

1	5.5834,7.05	1023	n%ọ%ọ%

1	5.664,7.012	8042	n%à%-%è%m%e%

1	5.664,7.012	7532	n%à%-%à%r̃%ụ%

1	5.5834,7.05	8523	a%n%à%-%à%kp%ọ%

1	5.5834,7.05	7514	n%à%-%à%g%a%

1	5.5834,7.05	7441	n%à%-%

1	5.5834,7.05	1841	n%z%u%

1	5.5834,7.05	92	n%t%ị̀%

1	5.664,7.012	8064	n%t%ụ%

1	5.5834,7.05	2112	n%i%i%l%e%

1	5.5834,7.05	859	n%g%a%h%ụ%

1	5.664,7.012	8787	n%e%-%

1	5.5834,7.05	6802	n%ā%-%

1	5.4244,7.1967	3357	m%ụ̀%

1	5.5834,7.05	1002	m%m%ụ%ọ%

1	5.5834,7.05	895	m%e%r%e%n%ụ%

1	5.71795,7.08217	3463	m%b%ọ%

1	5.5834,7.05	6046	m%ā%r%ā%

1	5.5832,7.05	687	m%a%r%a%

1	5.5834,7.05	850	m%a%kw%a%n%ụ%

1	5.5834,7.05	837	l%ụ%r%ụ%

1	5.5834,7.05	901	l%a%r%u%o%

1	5.5834,7.05	6894	kp%ọ̄%ọ̄%

1	5.5834,7.05	1619	kp%a%r%a%

1	5.5834,7.05	1432	kp%a%a%

1	5.664,7.012	632	k%a%

1	5.664,7.012	3575	kp%ọ%ọ%

1	5.5834,7.05	249	k%ọ%r%ọ%

1	5.5832,7.05	6923	k%è%e%

1	5.5834,7.05	12182	k%u%t%e%

1	5.5832,7.05	5038	k%a%r%ị%a%

1	5.664,7.012	37	j%ì%r%ì%

1	5.4244,7.1967	3692	j%è%r%è%

1	5.4244,7.1967	2818	w%e%e%

1	5.5832,7.05	5937	i%r̃%i%

1	5.5832,7.05	3786	i%b%è%

1	5.6027,7.322	7425	i%b%ù%

1	5.5834,7.05	844	h%ụ%n%a%

1	5.5834,7.05	812	h%i%

1	5.72517,7.13325	1483	h%e%e%

1	5.5834,7.05	12471	gb%à%s%a%r%a%

1	5.5834,7.05	1300	gb%u%r%u%

1	5.5832,7.05	7517	g%ā%ā%

1	5.5834,7.05	3873	g%ụ%ọ%

1	5.4829,7.0337	5942	hw%ụ%

1	5.522,6.923	128	g%à%

1	5.5834,7.05	94	g%à%-%à%hw%ụ%

1	5.5834,7.05	512	g%à%-%à%gb%a%

1	5.5834,7.05	1286	g%a%kw%a%

1	5.5834,7.05	527	ē%zh%ī%

1	5.5834,7.05	7027	ē%nw%ē%

1	5.5834,7.05	1119	e%z%i%gb%o%

1	5.5834,7.05	5948	e%w%è%r%e%

1	5.5834,7.05	906	e%w%e%

1	5.5834,7.05	5115	e%sh%i%e%

1	5.664,7.012	722	e%sh%i%

1	5.72517,7.13325	1611	e%b%u%

1	5.664,7.012	82	e%nw%è%r%è%

1	5.5834,7.05	5010	e%nw%e%r%e%

1	5.5834,7.05	1010	e%m%e%r%e%

1	5.664,7.012	158	o%l%u%

1	5.5834,7.05	1078	e%kw%e%r%e%

1	5.4244,7.1967	1482	e%k%u%

1	5.5834,7.05	814	e%j%e%m%e%

1	5.5834,7.05	830	e%h%

1	5.5834,7.05	713	e%gb%e%

1	5.5834,7.05	551	e%e%m%

1	5.5834,7.05	774	e%dz%i%

1	5.664,7.012	646	e%j%i%

1	5.5834,7.05	5840	e%b%e%è%

1	5.5834,7.05	862	e%b%e%h%u%

1	5.5834,7.05	1420	d%o%w%e%

1	5.5834,7.05	1634	d%e%e%

1	5.5834,7.05	2122	ch%ọ%ọ%

1	5.5834,7.05	1561	ch%ị%r%ị%

1	5.5834,7.05	64	ch%i%n%ē%ē%k%è%

1	5.5834,7.05	7159	b%ị%à%r%à%

1	5.5834,7.05	1489	b%u%t%e%

1	5.5834,7.05	763	b%i%a%r%a%

1	5.5832,7.05	724	ch%i%

1	5.71795,7.08217	826	b%a%a%

1	5.5834,7.05	572	ā%z%ụ̄%

1	5.5834,7.05	6072	ā%t%ọ̄%

1	5.5834,7.05	142	ā%ny%ā%

1	5.5834,7.05	5894	ā%m%ā%

1	5.72517,7.13325	31	ā%h%ụ̄%

1	5.5834,7.05	4418	a%z%a%

1	5.4244,7.1967	90	à%kp%ọ̀%

1	5.5834,7.05	1413	a%s%i%

1	5.5834,7.05	943	a%s%a%a%

1	5.5834,7.05	758	a%r%ị%

1	5.5834,7.05	8510	a%ny%ị̄%

1	5.664,7.012	8511	a%nw%ụ̄%

1	5.5834,7.05	854	a%m%ụ%t%a%

1	5.5832,7.05	609	a%kp%ọ̀%

1	5.5834,7.05	610	a%kp%ọ%ọ%

1	5.5834,7.05	677	a%k%ụ%k%ọ%

1	5.5834,7.05	877	a%k%ọ%r%ọ%

1	5.5834,7.05	7405	a%k%ị̄%

1	5.5834,7.05	4604	a%k%ị%

1	5.522,6.923	889	a%h%ù%

1	5.5834,7.05	1198	a%h%ụ%r%ụ%

1	5.664,7.012	5820	a%h%ụ̄%

1	5.664,7.012	5677	a%h%ị%a%

1	5.5834,7.05	1195	a%h%a%a%

1	5.5834,7.05	1126	a%gw%ụ%

1	5.5834,7.05	7444	a%g%ā%h%ā%

1	5.6027,7.322	33	a%f%ọ̄%

1	5.664,7.012	1111	a%j%a%

1	5.5834,7.05	8712	a%a%ə%

1	5.5834,7.05	715	N%d%e%e%w%o%

1	5.5834,7.05	5005	E%e%e%m%

1	5.4244,7.1967	1582	ì%

1	5.5834,7.05	622	-%-%

1	5.5834,7.05	164	(%th%e%n%)%

1	5.5832,7.05	156	ụ̄%f%ọ̄%d%ụ̄%

1	5.5834,7.05	6256	ọ̀%kw%à%

1	5.5834,7.05	2183	ọ̄%

1	5.72517,7.13325	5873	ọ̀%ọ̀%

1	5.5832,7.05	1033	ọ%r%ị%

1	5.5832,7.05	2273	ọ%ch%ị%ch%ị%

1	5.5834,7.05	6332	ị%h%ụ%

1	5.5834,7.05	7742	ò%m%e%n%à%à%l%a%

1	5.5832,7.05	5816	ò%k%è%

1	5.5832,7.05	7488	ì%t%è%

1	5.4829,7.0337	307	è%sh%i%

1	5.522,6.923	308	è%r%i%

1	5.6027,7.322	9059	è%kw%u%

1	5.664,7.012	6353	ù%gb%u%

1	5.5834,7.05	7800	è%b%u%

1	5.5834,7.05	8628	à%t%ụ%

1	5.5832,7.05	9098	à%r%ụ%

1	5.71795,7.08217	7817	à%n%ụ%

1	5.5832,7.05	7815	à%p%ụ̀%

1	5.5834,7.05	5965	à%n%d%ị̀%ị̀%

1	5.522,6.923	6005	à%l%ụ%

1	5.5832,7.05	7843	à%k%ụ̀%

1	5.5832,7.05	327	à%hw%ụ̀%

1	5.71795,7.08217	112	à%z%ụ%

1	5.5832,7.05	7541	à%gw%ọ%

1	5.5834,7.05	6524	à%gw%a%

1	5.5832,7.05	7364	à%gb%ọ%gh%ọ%b%ị%à%

1	5.5834,7.05	6537	à%f%ọ̀%

1	5.5834,7.05	5904	à%d%ị%

1	5.5832,7.05	678	w%e%r%e%

1	5.5832,7.05	5100	t%ụ%ọ%

1	5.4543,7.0247	5224	s%ị%

1	5.5832,7.05	6681	o%y%ī%

1	5.5832,7.05	9255	o%th%u%à%

1	5.5832,7.05	8708	o%th%u%

1	5.664,7.012	7361	o%t%u%à%

1	5.72517,7.13325	122	o%nw%è%è%

1	5.5832,7.05	769	o%sh%i%

1	5.522,6.923	381	ǹ%k%è%e%

1	5.5834,7.05	86	ǹ%k%e%à%

1	5.5832,7.05	108	nw%ē%r%ē%

1	5.5832,7.05	6756	nw%ē%ē%

1	5.5834,7.05	9316	nw%e%kw%e%e%

1	5.5832,7.05	5907	nw%ē%

1	5.5832,7.05	7396	nw%a%t%à%

1	5.5834,7.05	6020	nw%a%n%n%ē%

1	5.5832,7.05	7514	n%à%-%à%g%a%

1	5.5832,7.05	92	n%t%ị̀%

1	5.5832,7.05	396	n%t%ị%

1	5.5832,7.05	7403	n%t%à%k%ị%r%ị%

1	5.5832,7.05	6782	n%t%à%

1	5.71795,7.08217	747	n%r%i%

1	5.664,7.012	8632	n%n%ā%

1	5.5832,7.05	5813	ǹ%g%a%

1	5.5832,7.05	8757	n%e%-%è%sh%ì%

1	5.5832,7.05	8787	n%e%-%

1	5.522,6.923	8086	n%ā%ā%

1	5.5834,7.05	997	n%a%r%a%

1	5.5832,7.05	7535	n%a%ā%n%ị̄%

1	5.5832,7.05	8109	m̀%gb%è%è%

1	5.5832,7.05	1140	m%ụ%t%a%

1	5.5834,7.05	872	m%gb%o%

1	5.5832,7.05	5924	m%ē%ē%

1	5.5832,7.05	425	m%e%r%e%

1	5.664,7.012	6046	m%ā%r%ā%

1	5.5834,7.05	6880	kw%ụ%ọ%

1	5.5832,7.05	439	kw%ù%r%ù%

1	5.5832,7.05	6894	kp%ọ̄%ọ̄%

1	5.5832,7.05	9597	gw%ọ%ọ%

1	5.5834,7.05	446	k%ụ%

1	5.664,7.012	5038	k%a%r%ị%a%

1	5.5834,7.05	5038	k%a%r%ị%a%

1	5.6027,7.322	7475	t%a%à%

1	5.71795,7.08217	482	i%h%ē%

1	5.522,6.923	5937	i%r̃%i%

1	5.522,6.923	5856	i%l%ē%

1	5.4244,7.1967	3622	k%ọ%ọ%

1	5.5832,7.05	497	gb%à%r%à%

1	5.72517,7.13325	440	kw%u%o%

1	5.5832,7.05	498	gb%ā%s%ā%r%ā%

1	5.72517,7.13325	1287	sh%a%

1	5.5834,7.05	161	i%m%ē%

1	5.5832,7.05	9674	e%zh%i%gb%o%

1	5.664,7.012	6418	è%r%e%

1	5.5832,7.05	8725	e%nw%è%è%

1	5.5834,7.05	1515	e%m%e%e%

1	5.5834,7.05	4123	e%m%e%ch%a%a%

1	5.4244,7.1967	4175	e%g%o%

1	5.5832,7.05	4194	e%ch%i%ch%i%

1	5.5832,7.05	721	e%b%u%r%u%

1	5.4829,7.0337	1849	t%e%e%

1	5.5832,7.05	4275	d%a%a%

1	5.5832,7.05	1561	ch%ị%r%ị%

1	5.5834,7.05	7501	b%ị%a%kw%a%

1	5.6027,7.322	757	b%u%r%u%

1	5.5832,7.05	5894	ā%m%ā%

1	5.5832,7.05	598	a%n%ọ̀%r%ọ%

1	5.5832,7.05	243	a%k%ụ̀%k%ụ̀%

1	5.5834,7.05	9858	a%hw%ụ%

1	5.4543,7.0247	731	a%gw%a%

1	5.5832,7.05	8712	a%a%ə%

1	5.5832,7.05	164	(%th%e%n%)%

1	5.5832,7.05	9908	(%b%u%t%)%

1	5.5832,7.05	5862	(%b%e%f%o%r%e%)%

1	5.664,7.012	7650	ụ̀%z%ọ̀%

1	5.664,7.012	13855	ụ%kw%à%

1	5.522,6.923	796	ụ%gw%ọ%

1	5.522,6.923	7666	ọ̄%b%ụ̄%l%à%

1	5.4244,7.1967	2267	ọ%f%ọ%

1	5.5832,7.05	6127	ọ̀%t%ụ%t%ụ%

1	5.522,6.923	1033	ọ%r%ị%

1	5.522,6.923	7701	ọ%kw%ā%

1	5.522,6.923	285	ọ%kw%a%

1	5.5834,7.05	7378	ọ%kh%ụ%

1	5.5834,7.05	7705	ọ%h%ụ̀%

1	5.5832,7.05	2260	ọ%h%ị%a%

1	5.5834,7.05	2103	–%

1	5.522,6.923	7488	ì%t%è%

1	5.522,6.923	7559	è%k%è%t%è%

1	5.5832,7.05	312	è%j%ì%

1	5.4829,7.0337	858	e%ch%i%

1	5.72517,7.13325	808	u%gb%u%

1	5.5834,7.05	5808	à%sh%ị%

1	5.522,6.923	7815	à%p%ụ̀%

1	5.5834,7.05	7817	à%n%ụ%

1	5.4244,7.1967	2648	à%n%ọ̀%

1	5.5832,7.05	671	a%n%a%-%

1	5.5832,7.05	8679	à%r̃%ụ%

1	5.522,6.923	7843	à%k%ụ̀%

1	5.522,6.923	6510	à%k%ọ%

1	5.522,6.923	7541	à%gw%ọ%

1	5.522,6.923	7462	w%ụ%s%a%

1	5.522,6.923	931	w%ụ%kw%a%

1	5.522,6.923	6575	w%è%r%e%e%

1	5.522,6.923	1329	w%u%

1	5.522,6.923	706	u%r%i%

1	5.5832,7.05	955	u%gw%u%

1	5.664,7.012	5933	u%lw%ò%

1	5.522,6.923	7475	t%a%à%

1	5.522,6.923	1066	sh%i%t%e%

1	5.5832,7.05	167	p%ụ̀%ọ%

1	5.664,7.012	777	s%i%

1	5.5832,7.05	8814	r%ụ̄%

1	5.522,6.923	167	p%ụ̀%ọ%

1	5.522,6.923	637	o%u%t%

1	5.4829,7.0337	6692	o%s%è%

1	5.5832,7.05	8742	o%kw%ū%

1	5.5832,7.05	38	o%b%ì%

1	5.664,7.012	3262	n%kw%a%

1	5.522,6.923	1390	nw%ụ%ọ%

1	5.5832,7.05	178	nw%o%k%ē%

1	5.522,6.923	7521	nw%ē%r̃%ē%

1	5.522,6.923	108	nw%ē%r%ē%

1	5.71795,7.08217	392	n%ọ̄%

1	5.522,6.923	5860	n%ọ̀%ọ%

1	5.522,6.923	8038	n%à%-%è%sh%i%

1	5.522,6.923	8044	n%à%-%è%j%i%

1	5.522,6.923	7532	n%à%-%à%r̃%ụ%

1	5.522,6.923	7514	n%à%-%à%g%a%

1	5.4829,7.0337	6802	n%ā%-%

1	5.522,6.923	7578	n%gw%ọ̀%

1	5.4829,7.0337	7012	g%a%ā%

1	5.664,7.012	671	a%n%a%-%

1	5.522,6.923	7535	n%a%ā%n%ị̄%

1	5.522,6.923	8109	m̀%gb%è%è%

1	5.5834,7.05	693	m%b%e%

1	5.5834,7.05	1009	m%ụ%ọ%

1	5.664,7.012	416	m%à%ọ̀%

1	5.522,6.923	6834	m%à%k%à%n%à%

1	5.5834,7.05	5942	hw%ụ%

1	5.522,6.923	5843	m%m%ī%r%ī%

1	5.522,6.923	8132	m%m%ā%n%ụ̄%

1	5.5834,7.05	3463	m%b%ọ%

1	5.5834,7.05	430	m%ā%r̃%ā%

1	5.522,6.923	901	l%a%r%u%o%

1	5.522,6.923	792	l%a%m%a%

1	5.664,7.012	879	l%a%a%

1	5.522,6.923	439	kw%ù%r%ù%

1	5.522,6.923	5018	i%h%e%e%

1	5.4829,7.0337	87	i%k%e%

1	5.4829,7.0337	5922	i%r%ī%

1	5.4829,7.0337	470	ī%h%ē%

1	5.522,6.923	183	i%gw%è%

1	5.522,6.923	8280	gh%à%r%a%

1	5.522,6.923	1300	gb%u%r%u%

1	5.522,6.923	1127	g%a%w%a%

1	5.5834,7.05	455	k%a%r%a%

1	5.664,7.012	6193	e%zh%i%o%kw%ū%

1	5.522,6.923	722	e%sh%i%

1	5.664,7.012	124	o%nw%è%r%è%

1	5.522,6.923	1187	e%m%

1	5.522,6.923	109	e%l%ū%

1	5.5832,7.05	109	e%l%ū%

1	5.522,6.923	1628	e%l%e%e%

1	5.522,6.923	547	e%j%ì%r%ì%

1	5.4829,7.0337	313	è%j%i%

1	5.664,7.012	743	d%ì%

1	5.522,6.923	869	ch%ọ%r%ọ%

1	5.522,6.923	1561	ch%ị%r%ị%

1	5.4543,7.0247	1691	Ch%u%kw%u%

1	5.522,6.923	64	ch%i%n%ē%ē%k%è%

1	5.522,6.923	5593	b%ị%a%r%a%

1	5.522,6.923	8456	b%ù%r%ù%

1	5.522,6.923	572	ā%z%ụ̄%

1	5.5834,7.05	1024	a%r%a%

1	5.522,6.923	6050	a%s%ụ̄%

1	5.5832,7.05	320	à%r%ị%

1	5.4829,7.0337	72	a%ny%à%

1	5.522,6.923	598	a%n%ọ̀%r%ọ%

1	5.522,6.923	8523	a%n%à%-%à%kp%ọ%

1	5.522,6.923	1443	a%j%ụ%j%ụ%

1	5.522,6.923	199	a%j%ā%

1	5.522,6.923	7444	a%g%ā%h%ā%

1	5.72517,7.13325	8762	gw%à%r%à%

1	5.522,6.923	7516	(%a%n%d%)%

1	5.4829,7.0337	6198	ụ̄%gb%ā%

1	5.4829,7.0337	6199	ụ̀%w%à%

1	5.4829,7.0337	5892	ụ̀%gb%a%

1	5.4829,7.0337	6117	ụ%t%à%r%à%

1	5.4829,7.0337	6236	ọ̄%k%ụ̄%

1	5.522,6.923	5835	ọ̀%w%ụ%ụ̄%

1	5.522,6.923	5803	ọ̀%m%ụ%gw%ọ̀%

1	5.4829,7.0337	6256	ọ̀%kw%à%

1	5.6027,7.322	1086	a%r%ụ%

1	5.5832,7.05	2259	ọ%j%ị%

1	5.4244,7.1967	1361	ọ%d%ụ%

1	5.522,6.923	837	l%ụ%r%ụ%

1	5.4829,7.0337	6351	ù%gb%ò%r%ò%

1	5.522,6.923	297	ù%gb%u%ù%

1	5.5832,7.05	6352	ù%gb%u%à%

1	5.4829,7.0337	6380	ò%g%ì%r%ì%

1	5.4829,7.0337	5950	ì%s%e%

1	5.522,6.923	5979	ì%r%i%

1	5.4829,7.0337	5916	ì%gb%o%

1	5.522,6.923	307	è%sh%i%

1	5.72517,7.13325	706	u%r%i%

1	5.522,6.923	6418	è%r%e%

1	5.6027,7.322	179	ò%nw%e%

1	5.3999,7.0167	312	è%j%ì%

1	5.4829,7.0337	6445	è%j%e%e%

1	5.5832,7.05	7804	à%t%ọ%

1	5.4829,7.0337	6481	à%s%a%

1	5.4829,7.0337	6005	à%l%ụ%

1	5.4829,7.0337	6510	à%k%ọ%

1	5.5832,7.05	5898	à%hw%ụ%

1	5.4829,7.0337	5881	à%g%ụ%

1	5.4829,7.0337	5905	à%b%ụ̀%ọ%

1	5.4244,7.1967	1845	z%ụ%r%ụ%

1	5.4829,7.0337	653	w%ụ%l%a%

1	5.4829,7.0337	6575	w%è%r%e%e%

1	5.4244,7.1967	11	w%ụ̄%

1	5.522,6.923	38	o%b%ì%

1	5.4543,7.0247	977	a%t%ụ%r%ụ%

1	5.4829,7.0337	5966	s%ụ̀%

1	5.4543,7.0247	1287	sh%a%

1	5.4829,7.0337	6633	s%ị̄%

1	5.4829,7.0337	560	ch%a%a%

1	5.5834,7.05	75	r%ị̄%

1	5.664,7.012	360	r%u%o%

1	5.5834,7.05	5870	ō%ny%ē%

1	5.4829,7.0337	6681	o%y%ī%

1	5.4543,7.0247	769	o%sh%i%

1	5.5832,7.05	5870	ō%ny%ē%

1	5.4244,7.1967	1281	o%ch%e%

1	5.4829,7.0337	6756	nw%ē%ē%

1	5.4829,7.0337	5907	nw%ē%

1	5.71795,7.08217	6072	ā%t%ọ̄%

1	5.72517,7.13325	7578	n%gw%ọ̀%

1	5.4829,7.0337	6782	n%t%à%

1	5.5832,7.05	1137	n%sh%i%

1	5.4829,7.0337	5051	n%o%w%

1	5.5832,7.05	7441	n%à%-%

1	5.4543,7.0247	5376	m%h%

1	5.5834,7.05	3692	j%è%r%è%

1	5.4829,7.0337	5896	m%à%ọ̀%w%ụ̀%

1	5.4829,7.0337	6834	m%à%k%à%n%à%

1	5.4829,7.0337	5927	m%m%i%r%ī%

1	5.4829,7.0337	5924	m%ē%ē%

1	5.5832,7.05	431	m%a%r̃%a%

1	5.5832,7.05	1029	l%ụ%ọ%

1	5.5834,7.05	6870	l%è%kw%e%

1	5.4829,7.0337	1395	kw%a%r%a%

1	5.4829,7.0337	6894	kp%ọ̄%ọ̄%

1	5.4829,7.0337	450	k%è%r%è%

1	5.4829,7.0337	1988	k%è%è%

1	5.72517,7.13325	8617	nw%è%è%

1	5.5834,7.05	879	l%a%a%

1	5.4829,7.0337	6040	ī%k%ē%

1	5.4244,7.1967	3727	i%sh%ì%

1	5.4829,7.0337	5937	i%r̃%i%

1	5.664,7.012	5857	ī%r%ī%

1	5.4829,7.0337	6970	i%k%e%kw%e%

1	5.5834,7.05	481	i%j%ī%

1	5.4829,7.0337	5934	i%h̃%e%

1	5.5834,7.05	8650	e%h%è%

1	5.72517,7.13325	5942	hw%ụ%

1	5.522,6.923	6985	h%ụ%ụ%

1	5.4829,7.0337	711	h%ụ%r%ụ%

1	5.4829,7.0337	770	gb%a%s%a%r%a%

1	5.5832,7.05	5414	k%ụ%ọ%

1	5.5834,7.05	7006	g%à%à%

1	5.522,6.923	7517	g%ā%ā%

1	5.5834,7.05	5981	ē%r%ī%

1	5.4829,7.0337	5888	ē%r%ī%ē%

1	5.4829,7.0337	7027	ē%nw%ē%

1	5.5832,7.05	5979	ì%r%i%

1	5.4829,7.0337	5948	e%w%è%r%e%

1	5.4543,7.0247	916	e%j%i%r%i%

1	5.3999,7.0167	307	è%sh%i%

1	5.522,6.923	124	o%nw%è%r%è%

1	5.4829,7.0337	483	i%h%e%è%

1	5.522,6.923	6434	è%kw%e%

1	5.4244,7.1967	1888	e%f%e%r%e%

1	5.4829,7.0337	7098	e%kw%ē%

1	5.4244,7.1967	1418	d%i%k%a%

1	5.4829,7.0337	4231	d%ị%r%ị%

1	5.4829,7.0337	7152	ch%u%kw%u%

1	5.522,6.923	5806	b%ị%à%

1	5.4829,7.0337	572	ā%z%ụ̄%

1	5.4829,7.0337	6072	ā%t%ọ̄%

1	5.4829,7.0337	5894	ā%m%ā%

1	5.5834,7.05	114	n%à%à%

1	5.5832,7.05	5941	a%z%ụ̀%

1	5.4829,7.0337	6050	a%s%ụ̄%

1	5.664,7.012	8510	a%ny%ị̄%

1	5.4829,7.0337	598	a%n%ọ̀%r%ọ%

1	5.3999,7.0167	127	a%h%à%

1	5.4829,7.0337	821	a%m%a%r%a%

1	5.4829,7.0337	60	a%k%à%

1	5.4829,7.0337	608	a%kp%ọ̀%r%ọ̀%

1	5.4829,7.0337	975	a%kp%ọ%r%ọ%

1	5.4829,7.0337	1443	a%j%ụ%j%ụ%

1	5.5834,7.05	5828	a%g%ā%ā%

1	5.4829,7.0337	624	(%l%a%u%gh%)%

1	5.4543,7.0247	1727	ụ%m%ụ%n%n%a%

1	5.4543,7.0247	878	ụ%f%ọ%d%ụ%

1	5.4543,7.0247	5149	ọ%w%ụ%r%ụ%

1	5.4543,7.0247	751	ọ%k%ụ%k%ọ%

1	5.4543,7.0247	5185	z%ụ%t%a%

1	5.4543,7.0247	2732	z%u%o%

1	5.5832,7.05	5193	w%ụ%ụ%

1	5.664,7.012	6799	n%e%e%

1	5.4244,7.1967	2135	w%a%r%a%

1	5.4543,7.0247	870	t%u%p%u%

1	5.4244,7.1967	1330	z%a%a%

1	5.4543,7.0247	1494	r%ị%ị%

1	5.4543,7.0247	1532	r%u%t%e%

1	5.4543,7.0247	787	r%u%r%u%

1	5.4543,7.0247	5249	o%t%u%a%

1	5.4543,7.0247	5048	o%r%i%r%i%

1	5.4543,7.0247	951	o%g%o%l%o%g%o%

1	5.4543,7.0247	5321	nw%e%kw%e%

1	5.4543,7.0247	50	nw%e%kw%a%n%ụ%

1	5.4543,7.0247	856	nw%a%t%a%

1	5.4543,7.0247	5051	n%o%w%

1	5.4543,7.0247	5337	n%n%u%kw%u%

1	5.4244,7.1967	1873	n%kw%ụ%

1	5.4829,7.0337	659	n%gw%a%

1	5.4543,7.0247	684	n%e%w%

1	5.3999,7.0167	143	h%

1	5.522,6.923	7932	s%ụ%ọ%

1	5.4543,7.0247	5063	l%e%kw%a%

1	5.3999,7.0167	121	n%a%

1	5.4244,7.1967	522	g%a%a%

1	5.4543,7.0247	1619	kp%a%r%a%

1	5.3999,7.0167	249	k%ọ%r%ọ%

1	5.4543,7.0247	5038	k%a%r%ị%a%

1	5.4543,7.0247	5469	h%a%a%

1	5.4543,7.0247	810	j%e%r%e%

1	5.4543,7.0247	1012	i%kw%u%

1	5.72517,7.13325	5822	è%h%e%è%

1	5.4543,7.0247	956	gb%a%m%a%

1	5.4543,7.0247	1794	g%ị%n%ị%

1	5.4244,7.1967	518	g%a%r%a%

1	5.522,6.923	101	g%à%-%

1	5.4543,7.0247	780	e%t%i%t%i%

1	5.4543,7.0247	5115	e%sh%i%e%

1	5.4543,7.0247	4063	e%s%o%

1	5.4543,7.0247	1190	e%ny%e%r%e%

1	5.4543,7.0247	1010	e%m%e%r%e%

1	5.4543,7.0247	4136	e%kw%u%o%

1	5.4543,7.0247	1078	e%kw%e%r%e%

1	5.72517,7.13325	550	e%ē%

1	5.4543,7.0247	996	e%b%e%r%e%

1	5.4543,7.0247	4231	d%ị%r%ị%

1	5.4543,7.0247	1257	ch%e%r%e%

1	5.5834,7.05	6179	k%e%è%

1	5.4543,7.0247	5593	b%ị%a%r%a%

1	5.4543,7.0247	763	b%i%a%r%a%

1	5.4543,7.0247	851	a%sh%i%

1	5.3999,7.0167	199	a%j%ā%

1	5.4543,7.0247	610	a%kp%ọ%ọ%

1	5.4543,7.0247	1443	a%j%ụ%j%ụ%

1	5.4543,7.0247	1198	a%h%ụ%r%ụ%

1	5.4543,7.0247	926	a%gw%ọ%

1	5.4543,7.0247	739	a%gb%a%r%a%

1	5.4829,7.0337	6130	ò%ny%e%

1	5.3999,7.0167	152	h%a%

1	5.4543,7.0247	4824	I%h%e%

1	5.4244,7.1967	22	è%

1	5.4543,7.0247	1624	B%i%k%o%

1	5.4244,7.1967	1186	ụ%m%ụ%nw%a%ny%ị%

1	5.4244,7.1967	1727	ụ%m%ụ%n%n%a%

1	5.4244,7.1967	1411	w%ụ%n%ụ%

1	5.4829,7.0337	257	ụ%z%ọ̀%

1	5.5834,7.05	1030	ụ%kw%a%

1	5.4244,7.1967	1309	ụ%d%ị%

1	5.5834,7.05	10030	ọ%r̃%ụ̄%

1	5.4244,7.1967	1136	ọ%nw%ụ%

1	5.4244,7.1967	2259	ọ%j%ị%

1	5.4244,7.1967	1122	ọ%h%ụ%r%ụ%

1	5.4244,7.1967	2260	ọ%h%ị%a%

1	5.3999,7.0167	280	ọ%s%ọ%

1	5.4829,7.0337	287	ọ%d%ụ̀%

1	5.4244,7.1967	2273	ọ%ch%ị%ch%ị%

1	5.4244,7.1967	1979	ọ%b%a%r%a%

1	5.3999,7.0167	116	ə%

1	5.4244,7.1967	2386	ò%k%ù%

1	5.72517,7.13325	322	à%ny%ị%

1	5.4543,7.0247	5099	s%u%o%

1	5.4244,7.1967	1296	y%ọ%

1	5.4244,7.1967	2	y%ā%

1	5.5832,7.05	790	kw%a%n%ụ%

1	5.72517,7.13325	10154	y%ị̄%

1	5.4244,7.1967	1329	w%u%

1	5.4543,7.0247	1597	o%b%u%

1	5.4244,7.1967	1226	t%i%ny%e%

1	5.72517,7.13325	1066	sh%i%t%e%

1	5.4244,7.1967	1287	sh%a%

1	5.4244,7.1967	2956	r%ụ%ọ%

1	5.4244,7.1967	1494	r%ị%ị%

1	5.4244,7.1967	1532	r%u%t%e%

1	5.4244,7.1967	1191	r%u%

1	5.4244,7.1967	2984	r%i%m%e%

1	5.4543,7.0247	5100	t%ụ%ọ%

1	5.5832,7.05	6485	à%p%ụ̀%t%a%

1	5.4244,7.1967	3027	o%t%e%

1	5.3999,7.0167	158	o%l%u%

1	5.4244,7.1967	3073	o%j%i%

1	5.4244,7.1967	1152	o%h%u%

1	5.4829,7.0337	1281	o%ch%e%

1	5.4244,7.1967	1390	nw%ụ%ọ%

1	5.72517,7.13325	1406	nw%è%kw%è%r%è%

1	5.4244,7.1967	384	nw%è%kw%à%r%à%

1	5.5834,7.05	1204	nw%è%

1	5.4244,7.1967	50	nw%e%kw%a%n%ụ%

1	5.4244,7.1967	3191	n%ụ%ọ%

1	5.4244,7.1967	1841	n%z%u%

1	5.6027,7.322	740	n%o%

1	5.4244,7.1967	3246	n%t%a%k%ị%r%ị%

1	5.4244,7.1967	1137	n%sh%i%

1	5.4244,7.1967	1235	n%n%ọ%

1	5.4244,7.1967	1453	n%kw%u%

1	5.4244,7.1967	3269	n%k%e%a%

1	5.4543,7.0247	650	n%i%l%e%

1	5.4244,7.1967	2995	r%a%

1	5.4829,7.0337	185	n%d%e%è%

1	5.4244,7.1967	3305	n%ch%e%

1	5.4244,7.1967	1396	n%a%n%ị%

1	5.4244,7.1967	3320	n%a%gh%ị%

1	5.4244,7.1967	3354	m%ụ̀%r%ụ̀%

1	5.4829,7.0337	2915	sh%ụ%

1	5.4244,7.1967	1140	m%ụ%t%a%

1	5.522,6.923	853	u%m%u%

1	5.4543,7.0247	673	m%m%m%

1	5.4244,7.1967	1769	m%m%a%n%ụ%

1	5.4244,7.1967	1644	m%kp%a%

1	5.4244,7.1967	3460	m%e%ch%a%a%

1	5.4244,7.1967	3487	m%a%a%r%a%

1	5.4244,7.1967	1395	kw%a%r%a%

1	5.4244,7.1967	3565	kw%a%a%

1	5.4244,7.1967	3570	kp%ọ̄%

1	5.4244,7.1967	1619	kp%a%r%a%

1	5.4244,7.1967	1432	kp%a%a%

1	5.5834,7.05	3621	k%ọ̀%

1	5.4244,7.1967	1791	k%e%r%e%

1	5.4244,7.1967	1298	k%e%e%

1	5.4244,7.1967	455	k%a%r%a%

1	5.5834,7.05	881	k%a%m%a%

1	5.4244,7.1967	1398	k%a%a%

1	5.4829,7.0337	507	gb%a%a%

1	5.4244,7.1967	3682	j%ụ%ọ%

1	5.3999,7.0167	450	k%è%r%è%

1	5.522,6.923	185	n%d%e%è%

1	5.4244,7.1967	3720	j%a%a%

1	5.4244,7.1967	1321	i%z%u%

1	5.4244,7.1967	1155	i%s%e%

1	5.4829,7.0337	754	e%r%i%

1	5.4244,7.1967	3739	i%nw%e%

1	5.4244,7.1967	195	i%m%i%

1	5.522,6.923	481	i%j%ī%

1	5.4244,7.1967	1179	i%gb%u%

1	5.4244,7.1967	2043	i%g%a%

1	5.4244,7.1967	3787	i%b%u%

1	5.3999,7.0167	125	h%e%

1	5.4829,7.0337	77	nw%e%e%

1	5.4244,7.1967	3829	gw%ọ%

1	5.4244,7.1967	1323	gh%a%r%a%

1	5.4244,7.1967	497	gb%à%r%à%

1	5.4244,7.1967	1300	gb%u%r%u%

1	5.4543,7.0247	2135	w%a%r%a%

1	5.4244,7.1967	1121	gb%a%k%ọ%ọ%

1	5.4244,7.1967	3641	k%ọ%

1	5.4244,7.1967	1794	g%ị%n%ị%

1	5.5834,7.05	497	gb%à%r%à%

1	5.4244,7.1967	1540	g%e%

1	5.4244,7.1967	1127	g%a%w%a%

1	5.4244,7.1967	3922	g%a%n%a%

1	5.4244,7.1967	1286	g%a%kw%a%

1	5.4244,7.1967	2117	e%z%i%o%kw%u%

1	5.4543,7.0247	993	E%z%e%

1	5.4244,7.1967	4063	e%s%o%

1	5.4244,7.1967	1213	e%r%u%

1	5.4244,7.1967	76	e%r%i%r%i%

1	5.4244,7.1967	2034	e%r%e%

1	5.4244,7.1967	1190	e%ny%e%r%e%

1	5.6027,7.322	4095	e%nw%e%e%

1	5.4244,7.1967	1515	e%m%e%e%

1	5.4244,7.1967	4123	e%m%e%ch%a%a%

1	5.664,7.012	643	e%m%e%

1	5.4244,7.1967	4136	e%kw%u%o%

1	5.4244,7.1967	1376	o%g%e%

1	5.5834,7.05	858	e%ch%i%

1	5.4244,7.1967	1328	e%d%e%

1	5.4244,7.1967	4194	e%ch%i%ch%i%

1	5.4244,7.1967	1611	e%b%u%

1	5.4244,7.1967	1408	e%b%i%d%o%

1	5.4244,7.1967	4231	d%ị%r%ị%

1	5.4244,7.1967	1420	d%o%w%e%

1	5.4244,7.1967	1634	d%e%e%

1	5.6027,7.322	1256	ch%ọ̀%r%ọ̀%

1	5.4244,7.1967	1561	ch%ị%r%ị%

1	5.4244,7.1967	1257	ch%e%r%e%

1	5.4244,7.1967	1164	b%ụ%r%ụ%

1	5.4244,7.1967	1489	b%u%t%e%

1	5.4543,7.0247	876	b%u%

1	5.4244,7.1967	1343	b%i%r%i%

1	5.4244,7.1967	1646	b%i%e%

1	5.3999,7.0167	567	b%ị%a%

1	5.5834,7.05	9759	b%ù%

1	5.4244,7.1967	1466	b%a%r%a%

1	5.522,6.923	22	è%

1	5.4244,7.1967	4418	a%z%a%

1	5.4829,7.0337	317	à%w%ụ%

1	5.4244,7.1967	1413	a%s%i%

1	5.5834,7.05	9098	à%r%ụ%

1	5.4244,7.1967	4520	a%n%a%gh%ị%

1	5.3999,7.0167	324	à%m%a%

1	5.4244,7.1967	1443	a%j%ụ%j%ụ%

1	5.4244,7.1967	1198	a%h%ụ%r%ụ%

1	5.4244,7.1967	1291	a%h%ụ%h%ụ%

1	5.4244,7.1967	1195	a%h%a%a%

1	5.4244,7.1967	1126	a%gw%ụ%

1	5.4244,7.1967	4650	a%gb%à%r%à%

1	5.4244,7.1967	1715	a%d%ị%gh%ị%

1	5.4244,7.1967	4707	a%d%ị%

1	5.4244,7.1967	1359	a%ch%ọ%

1	5.4244,7.1967	4738	a%b%a%

1	5.4244,7.1967	1236	O%l%e%e%

1	5.4244,7.1967	4812	M%a%n%a%

1	5.4244,7.1967	1196	M%a%

1	5.4244,7.1967	4824	I%h%e%

1	5.4244,7.1967	292	ị̀%

1	5.4244,7.1967	1588	E%b%e%

1	5.4244,7.1967	1691	Ch%u%kw%u%

1	5.4244,7.1967	1624	B%i%k%o%

1	5.3999,7.0167	156	ụ̄%f%ọ̄%d%ụ̄%

1	5.3999,7.0167	257	ụ%z%ọ̀%

1	5.3999,7.0167	261	ụ%k%à%

1	5.4244,7.1967	2225	ọ%ọ%

1	5.71795,7.08217	282	ọ%n%ụ%

1	5.4829,7.0337	284	ọ%m%a%

1	5.3999,7.0167	285	ọ%kw%a%

1	5.4829,7.0337	6287	ọ%gw%ụ%

1	5.3999,7.0167	294	ị%m%à%

1	5.3999,7.0167	297	ù%gb%u%ù%

1	5.3999,7.0167	179	ò%nw%e%

1	5.3999,7.0167	308	è%r%i%

1	5.3999,7.0167	309	è%nw%e%

1	5.3999,7.0167	310	è%l%e%

1	5.664,7.012	6971	i%j%ì%

1	5.4244,7.1967	312	è%j%ì%

1	5.3999,7.0167	316	à%ṅ%a%ā%

1	5.3999,7.0167	320	à%r%ị%

1	5.3999,7.0167	322	à%ny%ị%

1	5.3999,7.0167	133	à%kp%à%

1	5.3999,7.0167	135	à%k%a%

1	5.3999,7.0167	327	à%hw%ụ̀%

1	5.6027,7.322	2662	à%h%ụ̀%

1	5.3999,7.0167	329	à%gb%à%

1	5.3999,7.0167	153	w%ụ̄%ụ̄%

1	5.3999,7.0167	342	w%ụ̄%r%ụ̄%

1	5.3999,7.0167	169	u%kw%ù%

1	5.3999,7.0167	356	s%o%ō%

1	5.6027,7.322	1191	r%u%

1	5.5832,7.05	893	r%i%e%

1	5.3999,7.0167	167	p%ụ̀%ọ%

1	5.3999,7.0167	110	ō%ō%

1	5.5834,7.05	7980	o%ō%

1	5.3999,7.0167	122	o%nw%è%è%

1	5.3999,7.0167	124	o%nw%è%r%è%

1	5.3999,7.0167	203	o%k%è%ny%è%

1	5.3999,7.0167	381	ǹ%k%è%e%

1	5.4244,7.1967	4794	N%k%e%

1	5.3999,7.0167	252	ǹ%d%e%è%w%o%

1	5.3999,7.0167	384	nw%è%kw%à%r%à%

1	5.3999,7.0167	178	nw%o%k%ē%

1	5.3999,7.0167	108	nw%ē%r%ē%

1	5.4244,7.1967	77	nw%e%e%

1	5.3999,7.0167	389	nw%a%à%ny%ị̀%

1	5.3999,7.0167	114	n%à%à%

1	5.3999,7.0167	396	n%t%ị%

1	5.5834,7.05	130	n%d%ị%ị%

1	5.3999,7.0167	185	n%d%e%è%

1	5.3999,7.0167	405	m̄%b%ụ̄%

1	5.3999,7.0167	415	m%à%ọ̀%w%ụ%

1	5.3999,7.0167	416	m%à%ọ̀%

1	5.4829,7.0337	294	ị%m%à%

1	5.3999,7.0167	242	m%m%ā%d%ụ̀%

1	5.3999,7.0167	151	m%kp%ụ%r%ụ̄%

1	5.3999,7.0167	430	m%ā%r̃%ā%

1	5.5832,7.05	997	n%a%r%a%

1	5.3999,7.0167	439	kw%ù%r%ù%

1	5.4244,7.1967	440	kw%u%o%

1	5.4244,7.1967	446	k%ụ%

1	5.3999,7.0167	478	i%k%ē%

1	5.4244,7.1967	1666	n%e%

1	5.3999,7.0167	473	i%m%ī%

1	5.3999,7.0167	195	i%m%i%

1	5.3999,7.0167	161	i%m%ē%

1	5.3999,7.0167	163	i%kh%e%

1	5.5834,7.05	7431	i%hw%u%

1	5.3999,7.0167	183	i%gw%è%

1	5.3999,7.0167	485	i%ch%è%i%ch%è%

1	5.3999,7.0167	487	hw%ụ̀%r%ụ̀%

1	5.3999,7.0167	119	h%ā%

1	5.71795,7.08217	779	e%h%i%

1	5.3999,7.0167	498	gb%ā%s%ā%r%ā%

1	5.522,6.923	3565	kw%a%a%

1	5.3999,7.0167	512	g%à%-%à%gb%a%

1	5.4543,7.0247	910	g%a%-%

1	5.3999,7.0167	527	ē%zh%ī%

1	5.3999,7.0167	529	ē%j%ī%

1	5.3999,7.0167	123	e%z%è%

1	5.4244,7.1967	139	e%w%u%

1	5.5832,7.05	158	o%l%u%

1	5.3999,7.0167	550	e%ē%

1	5.6027,7.322	550	e%ē%

1	5.5834,7.05	1879	d%ị̀%

1	5.3999,7.0167	220	d%u%m̀%

1	5.4244,7.1967	564	b%ụ%

1	5.3999,7.0167	569	b%è%k%e%è%

1	5.3999,7.0167	572	ā%z%ụ̄%

1	5.3999,7.0167	573	ā%w%ụ̄%

1	5.3999,7.0167	575	ā%ny%ị̄%

1	5.3999,7.0167	142	ā%ny%ā%

1	5.3999,7.0167	211	ā%n%ọ̄%

1	5.3999,7.0167	111	ā%k%ā%

1	5.3999,7.0167	581	ā%f%ọ̄%

1	5.4543,7.0247	21	a%y%ị%

1	5.3999,7.0167	598	a%n%ọ̀%r%ọ%

1	5.3999,7.0167	608	a%kp%ọ̀%r%ọ̀%

1	5.3999,7.0167	610	a%kp%ọ%ọ%

1	5.3999,7.0167	243	a%k%ụ̀%k%ụ̀%

1	5.664,7.012	60	a%k%à%

1	5.3999,7.0167	145	a%hw%ụ̀%

1	5.3999,7.0167	613	a%h%ị%h%ị%a%

1	5.3999,7.0167	622	-%-%

1	5.3999,7.0167	164	(%th%e%n%)%

1	5.3999,7.0167	624	(%l%a%u%gh%)%

