1067	5.3999,7.0167	2	y%ā%
1067	5.4244,7.1967	738	y%á%
1067	5.4829,7.0337	2	y%ā%
1067	5.522,6.923	2	y%ā%
1067	5.5832,7.05	2	y%ā%
1067	5.5834,7.05	2	y%ā%
1067	5.6027,7.322	2	y%ā%
1067	5.664,7.012	2	y%ā%
1067	5.71795,7.08217	2	y%ā%
1067	5.72517,7.13325	2	y%ā%

751	5.4244,7.1967	121	n%a%
751	5.4543,7.0247	121	n%a%
751	5.4829,7.0337	9	n%à%
751	5.522,6.923	121	n%a%
751	5.5832,7.05	121	n%a%
751	5.5834,7.05	121	n%a%
751	5.6027,7.322	121	n%a%
751	5.664,7.012	121	n%a%
751	5.71795,7.08217	27	n%ọ̀%
751	5.72517,7.13325	121	n%a%

621	5.3999,7.0167	11	w%ụ̄%
621	5.4244,7.1967	17	w%ụ%
621	5.4543,7.0247	17	w%ụ%
621	5.4829,7.0337	17	w%ụ%
621	5.522,6.923	17	w%ụ%
621	5.5832,7.05	17	w%ụ%
621	5.5834,7.05	17	w%ụ%
621	5.6027,7.322	17	w%ụ%
621	5.664,7.012	17	w%ụ%
621	5.71795,7.08217	17	w%ụ%
621	5.72517,7.13325	17	w%ụ%

434	5.3999,7.0167	107	y%ē%
434	5.4244,7.1967	340	y%e%
434	5.4543,7.0247	340	y%e%
434	5.4829,7.0337	340	y%e%
434	5.522,6.923	340	y%e%
434	5.5832,7.05	340	y%e%
434	5.5834,7.05	340	y%e%
434	5.6027,7.322	340	y%e%
434	5.664,7.012	340	y%e%
434	5.72517,7.13325	340	y%e%

338	5.3999,7.0167	10	a%h%ụ̀%
338	5.4543,7.0247	131	a%h%ụ%
338	5.4829,7.0337	10	a%h%ụ̀%
338	5.522,6.923	10	a%h%ụ̀%
338	5.5832,7.05	10	a%h%ụ̀%
338	5.5834,7.05	10	a%h%ụ̀%
338	5.6027,7.322	10	a%h%ụ̀%
338	5.664,7.012	10	a%h%ụ̀%
338	5.71795,7.08217	145	a%hw%ụ̀%
338	5.72517,7.13325	10	a%h%ụ̀%

267	5.4244,7.1967	63	n%d%e%
267	5.4543,7.0247	63	n%d%e%
267	5.4829,7.0337	63	n%d%e%
267	5.5832,7.05	63	n%d%e%
267	5.5834,7.05	63	n%d%e%
267	5.71795,7.08217	14	ǹ%k%e%
267	5.72517,7.13325	87	i%k%e%

243	5.3999,7.0167	340	y%e%
243	5.4244,7.1967	682	y%è%
243	5.4829,7.0337	107	y%ē%
243	5.522,6.923	107	y%ē%
243	5.5832,7.05	107	y%ē%
243	5.5834,7.05	107	y%ē%
243	5.6027,7.322	107	y%ē%
243	5.664,7.012	107	y%ē%
243	5.72517,7.13325	107	y%ē%

223	5.4244,7.1967	125	h%e%
223	5.4543,7.0247	125	h%e%
223	5.522,6.923	789	h%ù%
223	5.5832,7.05	119	h%ā%
223	5.5834,7.05	125	h%e%
223	5.6027,7.322	488	h%ụ̀%
223	5.664,7.012	119	h%ā%
223	5.72517,7.13325	129	h%à%

205	5.3999,7.0167	282	ọ%n%ụ%
205	5.4543,7.0247	2231	ọ%w%ụ%
205	5.4829,7.0337	11	w%ụ̄%
205	5.522,6.923	11	w%ụ̄%
205	5.5832,7.05	11	w%ụ̄%
205	5.5834,7.05	11	w%ụ̄%
205	5.6027,7.322	11	w%ụ̄%
205	5.664,7.012	11	w%ụ̄%
205	5.71795,7.08217	11	w%ụ̄%
205	5.72517,7.13325	11	w%ụ̄%

188	5.3999,7.0167	13	m%à%
188	5.4244,7.1967	13	m%à%
188	5.4543,7.0247	434	m%a%
188	5.4829,7.0337	13	m%à%
188	5.522,6.923	13	m%à%
188	5.5832,7.05	13	m%à%
188	5.5834,7.05	13	m%à%
188	5.6027,7.322	13	m%à%
188	5.664,7.012	13	m%à%
188	5.71795,7.08217	13	m%à%
188	5.72517,7.13325	13	m%à%

182	5.4244,7.1967	489	h%ụ%
182	5.4543,7.0247	489	h%ụ%
182	5.5832,7.05	131	a%h%ụ%
182	5.5834,7.05	131	a%h%ụ%
182	5.664,7.012	127	a%h%à%
182	5.72517,7.13325	614	a%h%ā%

175	5.4244,7.1967	627	g%a%
175	5.4543,7.0247	627	g%a%
175	5.522,6.923	5469	h%a%a%
175	5.5832,7.05	522	g%a%a%
175	5.5834,7.05	627	g%a%
175	5.664,7.012	627	g%a%
175	5.71795,7.08217	627	g%a%
175	5.72517,7.13325	627	g%a%

173	5.3999,7.0167	21	a%y%ị%
173	5.4244,7.1967	54	a%ny%ị%
173	5.4543,7.0247	54	a%ny%ị%
173	5.522,6.923	91	a%ny%ā%
173	5.5832,7.05	61	a%ny%a%
173	5.5834,7.05	54	a%ny%ị%
173	5.6027,7.322	54	a%ny%ị%
173	5.664,7.012	54	a%ny%ị%
173	5.72517,7.13325	54	a%ny%ị%

171	5.4244,7.1967	626	k%e%
171	5.4543,7.0247	626	k%e%
171	5.6027,7.322	6179	k%e%è%
171	5.664,7.012	3621	k%ọ̀%
171	5.71795,7.08217	3641	k%ọ%

165	5.3999,7.0167	98	k%à%
165	5.4543,7.0247	632	k%a%
165	5.4829,7.0337	98	k%à%
165	5.522,6.923	98	k%à%
165	5.5832,7.05	98	k%à%
165	5.5834,7.05	98	k%à%
165	5.6027,7.322	98	k%à%
165	5.664,7.012	98	k%à%
165	5.71795,7.08217	98	k%à%
165	5.72517,7.13325	98	k%à%

162	5.4244,7.1967	464	j%i%
162	5.4543,7.0247	464	j%i%
162	5.522,6.923	12	j%ì%
162	5.5832,7.05	461	j%ī%
162	5.5834,7.05	464	j%i%
162	5.6027,7.322	464	j%i%
162	5.664,7.012	464	j%i%
162	5.72517,7.13325	464	j%i%

148	5.4244,7.1967	628	sh%ị%
148	5.4543,7.0247	53	sh%i%
148	5.4829,7.0337	628	sh%ị%
148	5.5832,7.05	628	sh%ị%
148	5.5834,7.05	628	sh%ị%
148	5.71795,7.08217	52	i%sh%i%
148	5.72517,7.13325	3727	i%sh%ì%

146	5.5832,7.05	56	à%y%ị%
146	5.5834,7.05	322	à%ny%ị%
146	5.6027,7.322	21	a%y%ị%
146	5.664,7.012	21	a%y%ị%
146	5.71795,7.08217	21	a%y%ị%
146	5.72517,7.13325	21	a%y%ị%

146	5.3999,7.0167	403	n%a%a%
146	5.4244,7.1967	41	n%a%-%
146	5.522,6.923	724	ch%i%
146	5.5832,7.05	53	sh%i%
146	5.5834,7.05	724	ch%i%
146	5.71795,7.08217	7441	n%à%-%
146	5.72517,7.13325	41	n%a%-%

133	5.3999,7.0167	48	o%t%ù%
133	5.4543,7.0247	366	o%t%u%
133	5.5832,7.05	372	o%kw%u%
133	5.5834,7.05	366	o%t%u%
133	5.6027,7.322	366	o%t%u%
133	5.664,7.012	48	o%t%ù%
133	5.72517,7.13325	366	o%t%u%

130	5.4244,7.1967	87	i%k%e%
130	5.4543,7.0247	87	i%k%e%
130	5.522,6.923	728	i%b%e%
130	5.5832,7.05	87	i%k%e%
130	5.5834,7.05	87	i%k%e%
130	5.664,7.012	87	i%k%e%
130	5.72517,7.13325	848	o%k%e%

129	5.4244,7.1967	95	a%k%a%
129	5.4543,7.0247	95	a%k%a%
129	5.522,6.923	95	a%k%a%
129	5.5832,7.05	95	a%k%a%
129	5.5834,7.05	95	a%k%a%
129	5.71795,7.08217	61	a%ny%a%
129	5.72517,7.13325	8510	a%ny%ị̄%

123	5.3999,7.0167	434	m%a%
123	5.4543,7.0247	1196	M%a%
123	5.4829,7.0337	434	m%a%
123	5.5834,7.05	434	m%a%
123	5.664,7.012	8119	m%ọ̀%
123	5.72517,7.13325	633	m%m%a%

122	5.4244,7.1967	632	k%a%
122	5.4543,7.0247	665	kw%a%
122	5.5832,7.05	3621	k%ọ̀%
122	5.5834,7.05	632	k%a%
122	5.664,7.012	452	k%è%

119	5.4244,7.1967	633	m%m%a%
119	5.4543,7.0247	633	m%m%a%
119	5.522,6.923	149	m%m%à%
119	5.5832,7.05	68	m%m%ā%
119	5.5834,7.05	633	m%m%a%
119	5.6027,7.322	68	m%m%ā%
119	5.664,7.012	9421	m̀%m%a%
119	5.72517,7.13325	149	m%m%à%

113	5.4244,7.1967	692	d%ị%
113	5.4543,7.0247	692	d%ị%
113	5.5832,7.05	692	d%ị%
113	5.5834,7.05	692	d%ị%
113	5.71795,7.08217	1879	d%ị̀%
113	5.72517,7.13325	1879	d%ị̀%

110	5.4244,7.1967	53	sh%i%
110	5.4543,7.0247	1326	r%i%
110	5.522,6.923	5790	sh%ị̄%
110	5.5832,7.05	5789	sh%ị̀%
110	5.5834,7.05	53	sh%i%
110	5.664,7.012	783	sh%i%e%

105	5.4244,7.1967	398	n%k%e%
105	5.4543,7.0247	398	n%k%e%
105	5.522,6.923	398	n%k%e%
105	5.5832,7.05	14	ǹ%k%e%
105	5.5834,7.05	398	n%k%e%
105	5.664,7.012	398	n%k%e%
105	5.72517,7.13325	398	n%k%e%

99	5.4244,7.1967	630	h%u%
99	5.4543,7.0247	630	h%u%
99	5.522,6.923	7356	ā%h%ụ̀%
99	5.5834,7.05	489	h%ụ%
99	5.664,7.012	489	h%ụ%
99	5.72517,7.13325	488	h%ụ̀%

98	5.4244,7.1967	643	e%m%e%
98	5.4543,7.0247	643	e%m%e%
98	5.5832,7.05	793	j%e%m%e%
98	5.5834,7.05	643	e%m%e%
98	5.71795,7.08217	643	e%m%e%
98	5.72517,7.13325	5786	è%m%e%

94	5.3999,7.0167	34	g%ị̄%
94	5.4829,7.0337	34	g%ị̄%
94	5.522,6.923	34	g%ị̄%
94	5.5832,7.05	34	g%ị̄%
94	5.5834,7.05	34	g%ị̄%
94	5.6027,7.322	10154	y%ị̄%
94	5.664,7.012	34	g%ị̄%
94	5.72517,7.13325	8643	ā%y%ị̄%

91	5.4244,7.1967	642	u%kw%u%
91	5.4543,7.0247	642	u%kw%u%
91	5.5834,7.05	642	u%kw%u%
91	5.664,7.012	642	u%kw%u%
91	5.71795,7.08217	169	u%kw%ù%

90	5.3999,7.0167	129	h%à%
90	5.4244,7.1967	129	h%à%
90	5.4829,7.0337	119	h%ā%
90	5.522,6.923	488	h%ụ̀%
90	5.5832,7.05	129	h%à%
90	5.5834,7.05	129	h%à%
90	5.6027,7.322	119	h%ā%
90	5.664,7.012	129	h%à%
90	5.72517,7.13325	119	h%ā%

82	5.4244,7.1967	654	a%b%i%a%
82	5.4543,7.0247	654	a%b%i%a%
82	5.522,6.923	567	b%ị%a%
82	5.5832,7.05	567	b%ị%a%
82	5.5834,7.05	567	b%ị%a%
82	5.71795,7.08217	567	b%ị%a%
82	5.72517,7.13325	567	b%ị%a%

81	5.4244,7.1967	646	e%j%i%
81	5.4543,7.0247	646	e%j%i%
81	5.522,6.923	6119	è%j%e%
81	5.5832,7.05	313	è%j%i%
81	5.5834,7.05	646	e%j%i%

77	5.522,6.923	79	ọ̀%z%ọ%
77	5.5832,7.05	79	ọ̀%z%ọ%
77	5.5834,7.05	641	ọ%z%ọ%
77	5.664,7.012	79	ọ̀%z%ọ%
77	5.71795,7.08217	79	ọ̀%z%ọ%

75	5.4244,7.1967	644	a%l%a%
75	5.4543,7.0247	61	a%ny%a%
75	5.522,6.923	72	a%ny%à%
75	5.5832,7.05	72	a%ny%à%
75	5.5834,7.05	61	a%ny%a%
75	5.664,7.012	72	a%ny%à%
75	5.72517,7.13325	7405	a%k%ị̄%

74	5.4244,7.1967	811	ọ%r%ụ%
74	5.4543,7.0247	1361	ọ%d%ụ%
74	5.5832,7.05	811	ọ%r%ụ%
74	5.5834,7.05	811	ọ%r%ụ%
74	5.71795,7.08217	43	ọ%n%ụ̄%
74	5.72517,7.13325	282	ọ%n%ụ%

74	5.4829,7.0337	12	j%ì%
74	5.522,6.923	464	j%i%
74	5.5834,7.05	12	j%ì%
74	5.6027,7.322	12	j%ì%
74	5.664,7.012	12	j%ì%
74	5.72517,7.13325	12	j%ì%

73	5.4244,7.1967	635	b%i%a%
73	5.4543,7.0247	635	b%i%a%
73	5.522,6.923	4725	a%b%ị%a%
73	5.5834,7.05	4725	a%b%ị%a%
73	5.71795,7.08217	4725	a%b%ị%a%
73	5.72517,7.13325	4725	a%b%ị%a%

70	5.4829,7.0337	16	ọ%w%ụ̄%
70	5.522,6.923	16	ọ%w%ụ̄%
70	5.5834,7.05	2231	ọ%w%ụ%
70	5.664,7.012	2231	ọ%w%ụ%
70	5.72517,7.13325	5835	ọ̀%w%ụ%ụ̄%

69	5.3999,7.0167	72	a%ny%à%
69	5.4244,7.1967	61	a%ny%a%
69	5.522,6.923	4418	a%z%a%
69	5.5832,7.05	644	a%l%a%
69	5.5834,7.05	644	a%l%a%
69	5.664,7.012	5859	à%l%a%
69	5.72517,7.13325	644	a%l%a%

69	5.4244,7.1967	639	j%e%e%
69	5.4543,7.0247	639	j%e%e%
69	5.522,6.923	85	l%e%e%
69	5.5834,7.05	639	j%e%e%
69	5.664,7.012	77	nw%e%e%
69	5.71795,7.08217	77	nw%e%e%

68	5.4244,7.1967	131	a%h%ụ%
68	5.4543,7.0247	669	a%h%u%
68	5.5832,7.05	7356	ā%h%ụ̀%
68	5.5834,7.05	31	ā%h%ụ̄%
68	5.664,7.012	5820	a%h%ụ̄%
68	5.72517,7.13325	5820	a%h%ụ̄%

66	5.4244,7.1967	629	m%gb%e%
66	5.4543,7.0247	629	m%gb%e%
66	5.522,6.923	416	m%à%ọ̀%
66	5.5832,7.05	416	m%à%ọ̀%
66	5.6027,7.322	157	m̀%gb%e%

65	5.4829,7.0337	343	w%ụ̀%
65	5.5832,7.05	343	w%ụ̀%
65	5.6027,7.322	5897	w%ū%
65	5.664,7.012	343	w%ụ̀%
65	5.71795,7.08217	343	w%ụ̀%
65	5.72517,7.13325	343	w%ụ̀%

65	5.4244,7.1967	817	g%ì%
65	5.4543,7.0247	657	g%i%
65	5.522,6.923	627	g%a%
65	5.5834,7.05	657	g%i%
65	5.664,7.012	657	g%i%
65	5.72517,7.13325	817	g%ì%

65	5.4244,7.1967	631	n%n%u%
65	5.4829,7.0337	648	n%n%e%
65	5.5834,7.05	648	n%n%e%
65	5.71795,7.08217	648	n%n%e%
65	5.72517,7.13325	8632	n%n%ā%

63	5.4829,7.0337	1316	m̀%gb%ò%
63	5.5834,7.05	629	m%gb%e%

62	5.4244,7.1967	651	a%kp%ọ%
62	5.4543,7.0247	1359	a%ch%ọ%
62	5.5832,7.05	651	a%kp%ọ%
62	5.5834,7.05	651	a%kp%ọ%
62	5.664,7.012	651	a%kp%ọ%
62	5.72517,7.13325	651	a%kp%ọ%

62	5.4244,7.1967	434	m%a%
62	5.4543,7.0247	2995	r%a%
62	5.6027,7.322	981	m%e%
62	5.664,7.012	3262	n%kw%a%
62	5.71795,7.08217	659	n%gw%a%

62	5.3999,7.0167	52	i%sh%i%
62	5.4543,7.0247	52	i%sh%i%
62	5.522,6.923	52	i%sh%i%
62	5.5832,7.05	52	i%sh%i%
62	5.5834,7.05	52	i%sh%i%
62	5.6027,7.322	88	i%sh%ī%
62	5.664,7.012	52	i%sh%i%

60	5.4829,7.0337	68	m%m%ā%
60	5.522,6.923	68	m%m%ā%
60	5.6027,7.322	5872	m̄%m%ā%
60	5.664,7.012	68	m%m%ā%
60	5.72517,7.13325	68	m%m%ā%

59	5.4244,7.1967	636	n%g%a%
59	5.4543,7.0247	636	n%g%a%
59	5.5832,7.05	659	n%gw%a%
59	5.5834,7.05	636	n%g%a%
59	5.72517,7.13325	659	n%gw%a%

59	5.5834,7.05	640	m%m%i%r%i%
59	5.6027,7.322	640	m%m%i%r%i%
59	5.664,7.012	5927	m%m%i%r%ī%
59	5.72517,7.13325	640	m%m%i%r%i%

59	5.522,6.923	3357	m%ụ̀%
59	5.5832,7.05	3357	m%ụ̀%
59	5.5834,7.05	410	m%ụ%
59	5.71795,7.08217	202	r%ụ̀%
59	5.72517,7.13325	1191	r%u%

57	5.4244,7.1967	366	o%t%u%
57	5.4543,7.0247	1152	o%h%u%
57	5.522,6.923	372	o%kw%u%
57	5.5832,7.05	8742	o%kw%ū%
57	5.72517,7.13325	642	u%kw%u%

55	5.4244,7.1967	83	e%e%
55	5.4543,7.0247	551	e%e%m%
55	5.5832,7.05	639	j%e%e%
55	5.5834,7.05	83	e%e%
55	5.664,7.012	888	e%nw%e%
55	5.71795,7.08217	309	è%nw%e%

53	5.4244,7.1967	66	n%ọ%
53	5.4543,7.0247	740	n%o%
53	5.5832,7.05	27	n%ọ̀%
53	5.5834,7.05	66	n%ọ%
53	5.664,7.012	716	n%u%

53	5.5832,7.05	8617	nw%è%è%
53	5.5834,7.05	140	nw%è%r%è%
53	5.6027,7.322	347	w%è%r%è%
53	5.664,7.012	140	nw%è%r%è%

52	5.6027,7.322	9858	a%hw%ụ%
52	5.664,7.012	145	a%hw%ụ̀%
52	5.72517,7.13325	145	a%hw%ụ̀%

52	5.3999,7.0167	561	b%ụ̄%
52	5.4543,7.0247	564	b%ụ%
52	5.522,6.923	6633	s%ị̄%
52	5.5832,7.05	5790	sh%ị̄%
52	5.5834,7.05	5224	s%ị%
52	5.664,7.012	777	s%i%

51	5.4829,7.0337	131	a%h%ụ%
51	5.522,6.923	47	à%h%ụ%
51	5.6027,7.322	47	à%h%ụ%
51	5.71795,7.08217	5898	à%hw%ụ%
51	5.72517,7.13325	317	à%w%ụ%

50	5.3999,7.0167	202	r%ụ̀%
50	5.4244,7.1967	343	w%ụ̀%
50	5.4829,7.0337	5897	w%ū%
50	5.5834,7.05	343	w%ụ̀%

48	5.4244,7.1967	929	a%j%ụ%
48	5.522,6.923	131	a%h%ụ%
48	5.5832,7.05	5820	a%h%ụ̄%
48	5.664,7.012	31	ā%h%ụ̄%
48	5.72517,7.13325	131	a%h%ụ%

47	5.3999,7.0167	54	a%ny%ị%
47	5.4543,7.0247	897	A%ny%ị%
47	5.4829,7.0337	322	à%ny%ị%
47	5.5832,7.05	21	a%y%ị%
47	5.6027,7.322	322	à%ny%ị%
47	5.72517,7.13325	56	à%y%ị%

44	5.4244,7.1967	645	n%ụ%
44	5.4543,7.0247	655	n%i%
44	5.522,6.923	392	n%ọ̄%
44	5.5832,7.05	66	n%ọ%
44	5.5834,7.05	1235	n%n%ọ%

43	5.5834,7.05	672	m%m%a%d%ụ%
43	5.664,7.012	40	m%m%a%d%ụ̀%

42	5.3999,7.0167	474	i%m%e%e%
42	5.4543,7.0247	1515	e%m%e%e%
42	5.522,6.923	426	m%e%e%
42	5.5832,7.05	426	m%e%e%
42	5.5834,7.05	426	m%e%e%
42	5.664,7.012	426	m%e%e%
42	5.72517,7.13325	4330	ch%e%e%

40	5.4829,7.0337	452	k%è%
40	5.522,6.923	452	k%è%
40	5.5834,7.05	626	k%e%
40	5.664,7.012	1298	k%e%e%
40	5.72517,7.13325	3621	k%ọ̀%

39	5.4244,7.1967	1105	j%è%
39	5.5832,7.05	981	m%e%
39	5.664,7.012	1666	n%e%
39	5.71795,7.08217	5848	n%è%
39	5.72517,7.13325	1666	n%e%

39	5.4543,7.0247	807	n%d%u%
39	5.4829,7.0337	1027	n%d%ụ%
39	5.522,6.923	5901	n%d%ụ̀%
39	5.5834,7.05	807	n%d%u%
39	5.71795,7.08217	1027	n%d%ụ%
39	5.72517,7.13325	1027	n%d%ụ%

37	5.4244,7.1967	661	ụ%z%ọ%
37	5.5834,7.05	661	ụ%z%ọ%
37	5.72517,7.13325	7650	ụ̀%z%ọ̀%

37	5.3999,7.0167	314	è%e%
37	5.4829,7.0337	3134	ny%e%
37	5.522,6.923	3134	ny%e%
37	5.5834,7.05	938	Ị%
37	5.6027,7.322	292	ị̀%
37	5.664,7.012	292	ị̀%
37	5.72517,7.13325	292	ị̀%

36	5.4244,7.1967	686	o%nw%e%
36	5.4543,7.0247	686	o%nw%e%
36	5.5832,7.05	686	o%nw%e%
36	5.5834,7.05	686	o%nw%e%
36	5.664,7.012	686	o%nw%e%
36	5.72517,7.13325	309	è%nw%e%

36	5.3999,7.0167	78	k%ē%
36	5.4244,7.1967	452	k%è%
36	5.5832,7.05	632	k%a%
36	5.6027,7.322	6923	k%è%e%

35	5.3999,7.0167	564	b%ụ%
35	5.4244,7.1967	410	m%ụ%
35	5.5832,7.05	5812	ụ%m%ụ̀%

35	5.4244,7.1967	703	n%ì%
35	5.4543,7.0247	5014	s%a%
35	5.4829,7.0337	121	n%a%
35	5.522,6.923	5838	n%ā%
35	5.5834,7.05	665	kw%a%
35	5.664,7.012	665	kw%a%

34	5.522,6.923	7130	d%ị̄%k%à%
34	5.5834,7.05	885	d%ị%k%a%
34	5.664,7.012	7133	d%ị%k%à%

34	5.4829,7.0337	5812	ụ%m%ụ̀%
34	5.522,6.923	656	ụ%m%ụ%
34	5.5834,7.05	656	ụ%m%ụ%
34	5.6027,7.322	5812	ụ%m%ụ̀%
34	5.664,7.012	5812	ụ%m%ụ̀%
34	5.72517,7.13325	5992	ụ%n%ụ̀%

32	5.522,6.923	7354	e%h%ù%
32	5.5832,7.05	8393	e%h%ụ̀%
32	5.6027,7.322	7354	e%h%ù%
32	5.71795,7.08217	779	e%h%i%
32	5.72517,7.13325	7354	e%h%ù%

32	5.522,6.923	66	n%ọ%
32	5.5832,7.05	740	n%o%
32	5.6027,7.322	27	n%ọ̀%
32	5.664,7.012	645	n%ụ%
32	5.71795,7.08217	66	n%ọ%
32	5.72517,7.13325	66	n%ọ%

31	5.522,6.923	297	ù%gb%u%ù%
31	5.5832,7.05	297	ù%gb%u%ù%
31	5.6027,7.322	6352	ù%gb%u%à%
31	5.72517,7.13325	6352	ù%gb%u%à%

31	5.4829,7.0337	473	i%m%ī%
31	5.522,6.923	473	i%m%ī%
31	5.6027,7.322	52	i%sh%i%
31	5.664,7.012	88	i%sh%ī%
31	5.72517,7.13325	52	i%sh%i%

30	5.4244,7.1967	638	d%i%
30	5.4543,7.0247	638	d%i%
30	5.664,7.012	724	ch%i%

30	5.4244,7.1967	426	m%e%e%
30	5.4543,7.0247	85	l%e%e%
30	5.5834,7.05	85	l%e%e%
30	5.72517,7.13325	639	j%e%e%

30	5.4829,7.0337	5836	è%sh%ì%
30	5.522,6.923	5836	è%sh%ì%
30	5.5834,7.05	5836	è%sh%ì%
30	5.6027,7.322	307	è%sh%i%
30	5.664,7.012	307	è%sh%i%
30	5.71795,7.08217	307	è%sh%i%

30	5.4244,7.1967	52	i%sh%i%
30	5.4829,7.0337	3727	i%sh%ì%
30	5.522,6.923	7069	e%sh%ì%

29	5.4244,7.1967	714	o%l%e%
29	5.4829,7.0337	784	e%l%e%
29	5.5834,7.05	714	o%l%e%
29	5.664,7.012	714	o%l%e%

29	5.4244,7.1967	689	o%b%i%
29	5.4829,7.0337	5031	u%b%i%
29	5.5834,7.05	689	o%b%i%
29	5.6027,7.322	38	o%b%ì%
29	5.71795,7.08217	689	o%b%i%
29	5.72517,7.13325	38	o%b%ì%

29	5.4244,7.1967	640	m%m%i%r%i%
29	5.5834,7.05	5843	m%m%ī%r%ī%
29	5.664,7.012	5843	m%m%ī%r%ī%

28	5.4244,7.1967	687	m%a%r%a%
28	5.522,6.923	431	m%a%r̃%a%
28	5.5834,7.05	687	m%a%r%a%
28	5.664,7.012	431	m%a%r̃%a%

28	5.4244,7.1967	848	o%k%e%
28	5.4543,7.0247	848	o%k%e%
28	5.5832,7.05	6709	o%k%è%e%
28	5.5834,7.05	848	o%k%e%
28	5.6027,7.322	848	o%k%e%
28	5.72517,7.13325	686	o%nw%e%

28	5.4829,7.0337	410	m%ụ%
28	5.522,6.923	954	m%u%
28	5.71795,7.08217	410	m%ụ%
28	5.72517,7.13325	645	n%ụ%

28	5.3999,7.0167	119	h%ā%
28	5.4244,7.1967	812	h%i%
28	5.664,7.012	6985	h%ụ%ụ%
28	5.72517,7.13325	489	h%ụ%

28	5.4829,7.0337	638	d%i%
28	5.5832,7.05	5793	d%ī%
28	5.6027,7.322	1879	d%ị̀%
28	5.72517,7.13325	692	d%ị%

28	5.5832,7.05	481	i%j%ī%
28	5.5834,7.05	795	i%j%i%
28	5.664,7.012	737	i%r%i%

27	5.4244,7.1967	1937	o%t%ū%
27	5.522,6.923	642	u%kw%u%
27	5.5834,7.05	372	o%kw%u%
27	5.6027,7.322	8742	o%kw%ū%
27	5.664,7.012	8742	o%kw%ū%

27	5.4543,7.0247	5003	e%s%i%
27	5.4829,7.0337	6026	e%zh%i%
27	5.5832,7.05	779	e%h%i%
27	5.6027,7.322	313	è%j%i%
27	5.71795,7.08217	646	e%j%i%
27	5.72517,7.13325	313	è%j%i%

27	5.4543,7.0247	716	n%u%
27	5.4829,7.0337	819	n%ụ̀%
27	5.5832,7.05	819	n%ụ̀%
27	5.6027,7.322	66	n%ọ%
27	5.72517,7.13325	27	n%ọ̀%

27	5.522,6.923	784	e%l%e%
27	5.5832,7.05	784	e%l%e%
27	5.6027,7.322	629	m%gb%e%
27	5.664,7.012	157	m̀%gb%e%
27	5.71795,7.08217	157	m̀%gb%e%
27	5.72517,7.13325	629	m%gb%e%

27	5.5832,7.05	8620	ọ̀%ch%ị%ch%ị%
27	5.5834,7.05	2273	ọ%ch%ị%ch%ị%

27	5.4244,7.1967	656	ụ%m%ụ%
27	5.4543,7.0247	656	ụ%m%ụ%
27	5.5834,7.05	5376	m%h%
27	5.664,7.012	5376	m%h%

27	5.4244,7.1967	662	n%n%a%
27	5.522,6.923	631	n%n%u%
27	5.5832,7.05	5866	n%n%ụ̀%
27	5.5834,7.05	5866	n%n%ụ̀%
27	5.664,7.012	631	n%n%u%

26	5.3999,7.0167	79	ọ̀%z%ọ%
26	5.4244,7.1967	641	ọ%z%ọ%

26	5.5834,7.05	21	a%y%ị%
26	5.6027,7.322	56	à%y%ị%
26	5.664,7.012	4428	a%y%i%
26	5.71795,7.08217	13220	a%y%ị̀%

26	5.3999,7.0167	36	o%ny%e%
26	5.4543,7.0247	1376	o%g%e%
26	5.522,6.923	6716	o%g%ē%
26	5.5832,7.05	6716	o%g%ē%
26	5.6027,7.322	1376	o%g%e%
26	5.664,7.012	5841	o%g%è%
26	5.72517,7.13325	6716	o%g%ē%

26	5.3999,7.0167	507	gb%a%a%
26	5.4543,7.0247	522	g%a%a%
26	5.6027,7.322	522	g%a%a%
26	5.72517,7.13325	522	g%a%a%

25	5.3999,7.0167	40	m%m%a%d%ụ̀%
25	5.4244,7.1967	672	m%m%a%d%ụ%
25	5.5834,7.05	40	m%m%a%d%ụ̀%
25	5.72517,7.13325	672	m%m%a%d%ụ%

25	5.4829,7.0337	2745	y%ị%
25	5.5834,7.05	102	r%ị%
25	5.6027,7.322	5224	s%ị%
25	5.72517,7.13325	777	s%i%

25	5.4543,7.0247	5015	ọ%d%ị%
25	5.4829,7.0337	692	d%ị%
25	5.5834,7.05	638	d%i%
25	5.664,7.012	1879	d%ị̀%
25	5.72517,7.13325	553	d%ị̄%

25	5.522,6.923	257	ụ%z%ọ̀%
25	5.5832,7.05	2171	ụ%l%ọ̀%
25	5.5834,7.05	664	ụ%l%ọ%

24	5.4244,7.1967	648	n%n%e%
24	5.522,6.923	6792	n%n%i%
24	5.5832,7.05	648	n%n%e%

24	5.4244,7.1967	724	ch%i%
24	5.522,6.923	657	g%i%
24	5.72517,7.13325	638	d%i%

24	5.3999,7.0167	35	ọ%ọ̄%
24	5.4543,7.0247	2225	ọ%ọ%
24	5.5832,7.05	35	ọ%ọ̄%
24	5.5834,7.05	2225	ọ%ọ%

24	5.4244,7.1967	826	b%a%a%
24	5.4543,7.0247	4275	d%a%a%
24	5.5832,7.05	871	j%e%
24	5.5834,7.05	871	j%e%
24	5.664,7.012	461	j%ī%

24	5.5834,7.05	678	w%e%r%e%
24	5.664,7.012	634	nw%e%r%e%

23	5.4543,7.0247	826	b%a%a%
23	5.4829,7.0337	567	b%ị%a%
23	5.522,6.923	7166	b%ị%ā%
23	5.5834,7.05	7166	b%ị%ā%
23	5.6027,7.322	567	b%ị%a%
23	5.72517,7.13325	635	b%i%a%

23	5.5832,7.05	944	gb%a%
23	5.5834,7.05	718	kp%a%
23	5.6027,7.322	944	gb%a%
23	5.72517,7.13325	632	k%a%

23	5.522,6.923	7666	ọ̄%b%ụ̄%l%à%
23	5.5832,7.05	7666	ọ̄%b%ụ̄%l%à%
23	5.6027,7.322	6233	ọ̄%w%ụ̄%n%à%
23	5.72517,7.13325	6233	ọ̄%w%ụ̄%n%à%

23	5.522,6.923	157	m̀%gb%e%
23	5.5832,7.05	157	m̀%gb%e%
23	5.664,7.012	629	m%gb%e%
23	5.72517,7.13325	157	m̀%gb%e%

23	5.522,6.923	5960	à%g%a%
23	5.5834,7.05	5960	à%g%a%
23	5.664,7.012	5960	à%g%a%
23	5.71795,7.08217	5960	à%g%a%
23	5.72517,7.13325	696	a%g%a%

22	5.522,6.923	322	à%ny%ị%
22	5.5832,7.05	322	à%ny%ị%
22	5.5834,7.05	56	à%y%ị%
22	5.664,7.012	56	à%y%ị%

22	5.3999,7.0167	14	ǹ%k%e%
22	5.4244,7.1967	30	ǹ%k%è%
22	5.522,6.923	7363	ǹ%k%e%è%
22	5.5834,7.05	86	ǹ%k%e%à%

22	5.522,6.923	7133	d%ị%k%à%
22	5.5832,7.05	5980	r%ị%k%à%
22	5.6027,7.322	7133	d%ị%k%à%
22	5.664,7.012	7130	d%ị̄%k%à%
22	5.71795,7.08217	7130	d%ị̄%k%à%

22	5.4829,7.0337	6418	è%r%e%
22	5.522,6.923	6418	è%r%e%
22	5.5834,7.05	1172	e%ny%e%
22	5.664,7.012	5797	è%ny%e%
22	5.71795,7.08217	5797	è%ny%e%

22	5.522,6.923	5841	o%g%è%
22	5.5832,7.05	5841	o%g%è%
22	5.6027,7.322	6713	o%gɦ%è%
22	5.72517,7.13325	5841	o%g%è%

22	5.4244,7.1967	1263	m%à%k%à%
22	5.4829,7.0337	1263	m%à%k%à%
22	5.5834,7.05	1014	m%à%n%à%
22	5.6027,7.322	1014	m%à%n%à%
22	5.71795,7.08217	1014	m%à%n%à%
22	5.72517,7.13325	1014	m%à%n%à%

22	5.4829,7.0337	646	e%j%i%
22	5.522,6.923	313	è%j%i%
22	5.5834,7.05	785	e%j%e%
22	5.72517,7.13325	646	e%j%i%

22	5.4543,7.0247	3023	o%w%u%
22	5.664,7.012	5046	e%t%u%
22	5.71795,7.08217	545	e%l%u%
22	5.72517,7.13325	5046	e%t%u%

21	5.6027,7.322	60	a%k%à%
21	5.664,7.012	95	a%k%a%
21	5.72517,7.13325	95	a%k%a%

21	5.4244,7.1967	48	o%t%ù%
21	5.522,6.923	48	o%t%ù%
21	5.5832,7.05	48	o%t%ù%
21	5.5834,7.05	48	o%t%ù%
21	5.664,7.012	1488	ò%t%ù%

21	5.4543,7.0247	248	n%nw%a%
21	5.4829,7.0337	5785	n%nw%ā%
21	5.522,6.923	5785	n%nw%ā%

21	5.4244,7.1967	743	d%ì%
21	5.522,6.923	638	d%i%
21	5.5832,7.05	1879	d%ị̀%
21	5.6027,7.322	553	d%ị̄%
21	5.664,7.012	692	d%ị%
21	5.71795,7.08217	553	d%ị̄%

21	5.4829,7.0337	242	m%m%ā%d%ụ̀%
21	5.5832,7.05	40	m%m%a%d%ụ̀%
21	5.6027,7.322	40	m%m%a%d%ụ̀%
21	5.71795,7.08217	40	m%m%a%d%ụ̀%
21	5.72517,7.13325	40	m%m%a%d%ụ̀%

20	5.3999,7.0167	126	n%ụ̄%
20	5.4244,7.1967	716	n%u%
20	5.522,6.923	682	y%è%
20	5.5834,7.05	716	n%u%
20	5.6027,7.322	819	n%ụ̀%
20	5.72517,7.13325	969	n%ị%

20	5.6027,7.322	2073	o%f%e%
20	5.72517,7.13325	3027	o%t%e%

20	5.3999,7.0167	461	j%ī%
20	5.4244,7.1967	12	j%ì%
20	5.522,6.923	871	j%e%
20	5.5834,7.05	461	j%ī%

20	5.4829,7.0337	6345	ṅ%ụ%
20	5.5832,7.05	446	k%ụ%
20	5.6027,7.322	6628	s%ụ%
20	5.71795,7.08217	10002	s%ụ̄%
20	5.72517,7.13325	6628	s%ụ%

20	5.4829,7.0337	7252	a%m%à%
20	5.522,6.923	1790	a%n%à%
20	5.5834,7.05	729	a%n%a%
20	5.664,7.012	729	a%n%a%

20	5.4543,7.0247	368	o%o%
20	5.4829,7.0337	368	o%o%
20	5.5834,7.05	368	o%o%
20	5.72517,7.13325	7980	o%ō%

20	5.4244,7.1967	695	ǹ%d%è%
20	5.5834,7.05	1328	e%d%e%
20	5.6027,7.322	7383	e%d%è%
20	5.664,7.012	884	e%z%e%
20	5.72517,7.13325	6187	e%d%ē%

20	5.5834,7.05	8076	n%i%ī%n%ē%
20	5.6027,7.322	8076	n%i%ī%n%ē%
20	5.664,7.012	8076	n%i%ī%n%ē%
20	5.72517,7.13325	5864	n%i%ī%l%ē%

20	5.4244,7.1967	655	n%i%
20	5.4543,7.0247	969	n%ị%
20	5.5834,7.05	831	g%á%

20	5.4244,7.1967	652	a%h%a%
20	5.4543,7.0247	1024	a%r%a%

20	5.4829,7.0337	461	j%ī%
20	5.5832,7.05	12	j%ì%
20	5.6027,7.322	461	j%ī%
20	5.72517,7.13325	461	j%ī%

20	5.4244,7.1967	888	e%nw%e%
20	5.4543,7.0247	888	e%nw%e%
20	5.5834,7.05	888	e%nw%e%
20	5.664,7.012	1328	e%d%e%

19	5.4244,7.1967	663	w%è%
19	5.72517,7.13325	675	w%e%

19	5.3999,7.0167	43	ọ%n%ụ̄%
19	5.4829,7.0337	282	ọ%n%ụ%
19	5.522,6.923	43	ọ%n%ụ̄%
19	5.5834,7.05	776	ọ%k%ụ%

19	5.5834,7.05	884	e%z%e%
19	5.6027,7.322	96	e%z%ē%
19	5.664,7.012	96	e%z%ē%

19	5.4244,7.1967	545	e%l%u%
19	5.4543,7.0247	841	e%gb%u%
19	5.5832,7.05	2034	e%r%e%
19	5.664,7.012	51	i%r%e%
19	5.71795,7.08217	51	i%r%e%

19	5.4244,7.1967	659	n%gw%a%
19	5.4543,7.0247	659	n%gw%a%
19	5.71795,7.08217	5813	ǹ%g%a%

19	5.4244,7.1967	697	u%n%u%
19	5.4543,7.0247	697	u%n%u%
19	5.5834,7.05	631	n%n%u%

19	5.522,6.923	8510	a%ny%ị̄%
19	5.5832,7.05	54	a%ny%ị%
19	5.5834,7.05	8510	a%ny%ị̄%
19	5.6027,7.322	72	a%ny%à%
19	5.664,7.012	8510	a%ny%ị̄%
19	5.72517,7.13325	127	a%h%à%

19	5.4829,7.0337	944	gb%a%
19	5.5834,7.05	756	H%a%

19	5.4244,7.1967	665	kw%a%
19	5.4543,7.0247	285	ọ%kw%a%
19	5.522,6.923	861	gw%a%
19	5.72517,7.13325	944	gb%a%

19	5.3999,7.0167	27	n%ọ̀%
19	5.4244,7.1967	740	n%o%
19	5.522,6.923	3209	n%ị̀%
19	5.5832,7.05	3209	n%ị̀%
19	5.5834,7.05	969	n%ị%
19	5.664,7.012	969	n%ị%
19	5.72517,7.13325	694	N%n%e%

19	5.4543,7.0247	628	sh%ị%
19	5.4829,7.0337	5224	s%ị%
19	5.5832,7.05	5224	s%ị%
19	5.5834,7.05	777	s%i%
19	5.664,7.012	53	sh%i%

19	5.5834,7.05	488	h%ụ̀%
19	5.6027,7.322	7356	ā%h%ụ̀%
19	5.71795,7.08217	489	h%ụ%

18	5.4244,7.1967	102	r%ị%
18	5.522,6.923	2750	y%i%
18	5.72517,7.13325	102	r%ị%

18	5.4244,7.1967	772	nw%e%
18	5.4829,7.0337	5907	nw%ē%
18	5.5834,7.05	77	nw%e%e%
18	5.71795,7.08217	1204	nw%è%
18	5.72517,7.13325	772	nw%e%

18	5.5834,7.05	659	n%gw%a%
18	5.6027,7.322	659	n%gw%a%
18	5.71795,7.08217	636	n%g%a%
18	5.72517,7.13325	636	n%g%a%

18	5.5834,7.05	138	a%f%ọ%
18	5.664,7.012	1359	a%ch%ọ%

18	5.4829,7.0337	415	m%à%ọ̀%w%ụ%
18	5.522,6.923	415	m%à%ọ̀%w%ụ%
18	5.5834,7.05	415	m%à%ọ̀%w%ụ%
18	5.6027,7.322	415	m%à%ọ̀%w%ụ%
18	5.72517,7.13325	5896	m%à%ọ̀%w%ụ̀%

18	5.4829,7.0337	489	h%ụ%
18	5.522,6.923	6983	h%ụ̄%
18	5.5834,7.05	789	h%ù%
18	5.664,7.012	488	h%ụ̀%

18	5.522,6.923	5798	è%w%è%r%e%
18	5.5834,7.05	5948	e%w%è%r%e%
18	5.664,7.012	5798	è%w%è%r%e%

18	5.4244,7.1967	730	p%ụ%t%a%
18	5.4829,7.0337	5852	p%ụ̀%t%a%
18	5.522,6.923	5852	p%ụ̀%t%a%
18	5.5834,7.05	730	p%ụ%t%a%
18	5.664,7.012	5852	p%ụ̀%t%a%

18	5.4829,7.0337	127	a%h%à%
18	5.5832,7.05	652	a%h%a%
18	5.5834,7.05	652	a%h%a%
18	5.6027,7.322	5820	a%h%ụ̄%

18	5.3999,7.0167	609	a%kp%ọ̀%
18	5.4829,7.0337	915	a%kp%a%
18	5.5834,7.05	91	a%ny%ā%
18	5.664,7.012	91	a%ny%ā%
18	5.72517,7.13325	61	a%ny%a%

18	5.5832,7.05	5837	è%zh%i%
18	5.5834,7.05	313	è%j%i%
18	5.71795,7.08217	28	e%j%ì%
18	5.72517,7.13325	28	e%j%ì%

18	5.522,6.923	832	h%ì%
18	5.5832,7.05	488	h%ụ̀%
18	5.5834,7.05	630	h%u%

17	5.5832,7.05	5859	à%l%a%
17	5.5834,7.05	5859	à%l%a%
17	5.71795,7.08217	46	à%l%à%
17	5.72517,7.13325	5859	à%l%a%

17	5.3999,7.0167	29	m̄%
17	5.4244,7.1967	1753	n%
17	5.5832,7.05	645	n%ụ%
17	5.5834,7.05	645	n%ụ%
17	5.664,7.012	6345	ṅ%ụ%

17	5.4244,7.1967	664	ụ%l%ọ%
17	5.4543,7.0247	661	ụ%z%ọ%

17	5.4829,7.0337	1937	o%t%ū%
17	5.522,6.923	1937	o%t%ū%
17	5.6027,7.322	48	o%t%ù%
17	5.72517,7.13325	48	o%t%ù%

17	5.4829,7.0337	129	h%à%
17	5.522,6.923	119	h%ā%
17	5.5834,7.05	681	h%è%

17	5.5832,7.05	43	ọ%n%ụ̄%
17	5.5834,7.05	282	ọ%n%ụ%
17	5.6027,7.322	645	n%ụ%
17	5.72517,7.13325	3191	n%ụ%ọ%

16	5.4829,7.0337	5861	i%kh%ē%
16	5.5832,7.05	163	i%kh%e%
16	5.5834,7.05	5447	i%kp%e%

16	5.522,6.923	6434	è%kw%e%
16	5.5832,7.05	755	e%kw%e%
16	5.5834,7.05	755	e%kw%e%

16	5.4829,7.0337	124	o%nw%è%r%è%
16	5.522,6.923	7355	o%nw%è%r̃%è%

16	5.4829,7.0337	6971	i%j%ì%
16	5.522,6.923	312	è%j%ì%

16	5.4244,7.1967	32	ǹ%g%à%
16	5.4829,7.0337	5813	ǹ%g%a%
16	5.522,6.923	5813	ǹ%g%a%

16	5.522,6.923	8064	n%t%ụ%
16	5.5832,7.05	1027	n%d%ụ%
16	5.6027,7.322	1027	n%d%ụ%

16	5.5832,7.05	633	m%m%a%
16	5.5834,7.05	668	m%m%

15	5.5832,7.05	729	a%n%a%
15	5.5834,7.05	727	a%m%a%
15	5.72517,7.13325	6494	à%n%a%

15	5.6027,7.322	128	g%à%
15	5.72517,7.13325	516	g%ā%

15	5.664,7.012	819	n%ụ̀%
15	5.72517,7.13325	410	m%ụ%

15	5.3999,7.0167	88	i%sh%ī%
15	5.4829,7.0337	88	i%sh%ī%
15	5.522,6.923	88	i%sh%ī%
15	5.6027,7.322	529	ē%j%ī%
15	5.71795,7.08217	473	i%m%ī%
15	5.72517,7.13325	481	i%j%ī%

15	5.4829,7.0337	5808	à%sh%ị%
15	5.5832,7.05	717	a%sh%ị%
15	5.5834,7.05	5622	a%s%ị%
15	5.664,7.012	5622	a%s%ị%

15	5.5834,7.05	696	a%g%a%
15	5.664,7.012	652	a%h%a%
15	5.71795,7.08217	127	a%h%à%

15	5.3999,7.0167	452	k%è%
15	5.4244,7.1967	78	k%ē%
15	5.5832,7.05	452	k%è%
15	5.72517,7.13325	626	k%e%

15	5.5834,7.05	4175	e%g%o%
15	5.664,7.012	7112	e%g%ō%

15	5.4829,7.0337	2673	à%g%à%
15	5.522,6.923	5788	a%g%à%
15	5.72517,7.13325	45	a%k%ā%

15	5.5834,7.05	7378	ọ%kh%ụ%
15	5.6027,7.322	7378	ọ%kh%ụ%
15	5.664,7.012	776	ọ%k%ụ%
15	5.72517,7.13325	776	ọ%k%ụ%

15	5.6027,7.322	426	m%e%e%
15	5.664,7.012	6799	n%e%e%
15	5.71795,7.08217	426	m%e%e%
15	5.72517,7.13325	426	m%e%e%

15	5.5834,7.05	722	e%sh%i%
15	5.664,7.012	7069	e%sh%ì%
15	5.71795,7.08217	5836	è%sh%ì%

15	5.522,6.923	5937	i%r̃%i%
15	5.5832,7.05	985	i%s%i%
15	5.5834,7.05	985	i%s%i%

15	5.522,6.923	75	r%ị̄%
15	5.5832,7.05	75	r%ị̄%
15	5.5834,7.05	75	r%ị̄%
15	5.71795,7.08217	8814	r%ụ̄%
15	5.72517,7.13325	8814	r%ụ̄%

15	5.4244,7.1967	894	b%i%
15	5.5834,7.05	564	b%ụ%

15	5.4829,7.0337	122	o%nw%è%è%
15	5.522,6.923	7534	nw%è%r̃%è%
15	5.5834,7.05	8617	nw%è%è%
15	5.6027,7.322	8617	nw%è%è%

15	5.4829,7.0337	724	ch%i%
15	5.5832,7.05	724	ch%i%
15	5.5834,7.05	1006	ch%a%
15	5.664,7.012	434	m%a%
15	5.71795,7.08217	434	m%a%
15	5.72517,7.13325	434	m%a%

15	5.3999,7.0167	24	ụ%kw%ụ̄%
15	5.4244,7.1967	1030	ụ%kw%a%
15	5.522,6.923	24	ụ%kw%ụ̄%
15	5.5832,7.05	62	ụ%kw%ụ%
15	5.6027,7.322	13855	ụ%kw%à%
15	5.72517,7.13325	261	ụ%k%à%

15	5.522,6.923	366	o%t%u%
15	5.5832,7.05	366	o%t%u%
15	5.5834,7.05	6358	ò%t%u%
15	5.71795,7.08217	48	o%t%ù%

15	5.4543,7.0247	3739	i%nw%e%
15	5.4829,7.0337	20	i%m%e%
15	5.5832,7.05	5786	è%m%e%
15	5.71795,7.08217	755	e%kw%e%
15	5.72517,7.13325	6434	è%kw%e%

14	5.5834,7.05	760	m%b%ụ%
14	5.664,7.012	410	m%ụ%
14	5.72517,7.13325	8119	m%ọ̀%

14	5.4244,7.1967	27	n%ọ̀%
14	5.4829,7.0337	392	n%ọ̄%
14	5.5832,7.05	392	n%ọ̄%
14	5.664,7.012	27	n%ọ̀%
14	5.71795,7.08217	8119	m%ọ̀%

14	5.5832,7.05	5922	i%r%ī%
14	5.5834,7.05	737	i%r%i%
14	5.6027,7.322	5922	i%r%ī%
14	5.664,7.012	5979	ì%r%i%

14	5.5832,7.05	1398	k%a%a%
14	5.5834,7.05	522	g%a%a%
14	5.664,7.012	522	g%a%a%

14	5.4829,7.0337	5898	à%hw%ụ%
14	5.5832,7.05	317	à%w%ụ%
14	5.5834,7.05	928	a%w%ụ%
14	5.664,7.012	7212	a%w%ụ̄%

14	5.4829,7.0337	6802	n%ā%-%
14	5.5834,7.05	7441	n%à%-%
14	5.6027,7.322	7441	n%à%-%
14	5.72517,7.13325	7441	n%à%-%

14	5.4244,7.1967	680	a%t%ọ%
14	5.4829,7.0337	1359	a%ch%ọ%
14	5.5834,7.05	6510	à%k%ọ%

14	5.4829,7.0337	134	à%gb%a%
14	5.5832,7.05	134	à%gb%a%
14	5.6027,7.322	6478	à%t%a%
14	5.664,7.012	915	a%kp%a%
14	5.72517,7.13325	5834	à%kp%a%

14	5.5834,7.05	5026	n%d%ị%a%
14	5.6027,7.322	8085	n%d%ị%à%
14	5.72517,7.13325	8085	n%d%ị%à%

14	5.4829,7.0337	5866	n%n%ụ̀%
14	5.5832,7.05	6787	n%n%ụ̄%
14	5.5834,7.05	6787	n%n%ụ̄%
14	5.6027,7.322	6787	n%n%ụ̄%
14	5.72517,7.13325	662	n%n%a%

14	5.3999,7.0167	17	w%ụ%
14	5.4244,7.1967	767	w%ụ́%
14	5.522,6.923	1329	w%u%

14	5.4829,7.0337	125	h%e%
14	5.5832,7.05	125	h%e%
14	5.6027,7.322	78	k%ē%
14	5.72517,7.13325	452	k%è%

14	5.4543,7.0247	839	I%gb%o%
14	5.4829,7.0337	5916	ì%gb%o%

14	5.3999,7.0167	47	à%h%ụ%
14	5.4244,7.1967	2662	à%h%ụ̀%
14	5.4829,7.0337	47	à%h%ụ%
14	5.5832,7.05	47	à%h%ụ%

13	5.5832,7.05	1137	n%sh%i%
13	5.5834,7.05	747	n%r%i%

13	5.664,7.012	7521	nw%ē%r̃%ē%
13	5.71795,7.08217	108	nw%ē%r%ē%

13	5.4244,7.1967	729	a%n%a%
13	5.4543,7.0247	729	a%n%a%
13	5.522,6.923	5820	a%h%ụ̄%

13	5.5832,7.05	863	sh%ì%
13	5.5834,7.05	5789	sh%ị̀%
13	5.664,7.012	863	sh%ì%

13	5.4829,7.0337	5823	ì%gb%ò%
13	5.5832,7.05	5916	ì%gb%o%
13	5.5834,7.05	839	I%gb%o%
13	5.6027,7.322	5916	ì%gb%o%

13	5.522,6.923	7367	g%à%-%è%m%e%
13	5.5832,7.05	7367	g%à%-%è%m%e%
13	5.6027,7.322	8307	g%à%-%è%j%i%
13	5.72517,7.13325	8307	g%à%-%è%j%i%

13	5.522,6.923	7683	ọ̀%d%ọ%
13	5.5832,7.05	7667	ọ̀%ḍ%ọ%
13	5.5834,7.05	79	ọ̀%z%ọ%
13	5.664,7.012	7683	ọ̀%d%ọ%

13	5.522,6.923	60	a%k%à%
13	5.5832,7.05	60	a%k%à%
13	5.5834,7.05	60	a%k%à%
13	5.664,7.012	5869	a%kw%à%
13	5.72517,7.13325	111	ā%k%ā%

13	5.4244,7.1967	750	ọ%nw%a%
13	5.4829,7.0337	750	ọ%nw%a%
13	5.522,6.923	750	ọ%nw%a%
13	5.5834,7.05	944	gb%a%

13	5.3999,7.0167	125	h%e%
13	5.4244,7.1967	681	h%è%

12	5.664,7.012	644	a%l%a%
12	5.71795,7.08217	729	a%n%a%
12	5.72517,7.13325	729	a%n%a%

12	5.5834,7.05	1329	w%u%
12	5.664,7.012	1329	w%u%
12	5.72517,7.13325	815	w%a%

12	5.664,7.012	366	o%t%u%
12	5.72517,7.13325	1937	o%t%ū%

12	5.5834,7.05	772	nw%e%
12	5.6027,7.322	5907	nw%ē%
12	5.664,7.012	772	nw%e%
12	5.71795,7.08217	772	nw%e%

12	5.4244,7.1967	691	a%kw%a%
12	5.4829,7.0337	6501	à%kw%a%

12	5.4244,7.1967	2539	è%m%è%
12	5.522,6.923	5786	è%m%e%
12	5.6027,7.322	5786	è%m%e%
12	5.72517,7.13325	2539	è%m%è%

12	5.4244,7.1967	3209	n%ị̀%
12	5.4829,7.0337	5789	sh%ị̀%
12	5.522,6.923	628	sh%ị%
12	5.5834,7.05	392	n%ọ̄%
12	5.664,7.012	827	n%ù%

12	5.5832,7.05	246	nw%a%
12	5.5834,7.05	704	Nw%a%
12	5.664,7.012	246	nw%a%
12	5.71795,7.08217	861	gw%a%

12	5.4829,7.0337	681	h%è%
12	5.5832,7.05	681	h%è%
12	5.6027,7.322	5822	è%h%e%è%

12	5.5832,7.05	553	d%ị̄%
12	5.5834,7.05	553	d%ị̄%
12	5.71795,7.08217	692	d%ị%
12	5.72517,7.13325	5904	à%d%ị%

12	5.4244,7.1967	693	m%b%e%
12	5.4543,7.0247	1047	m%b%a%

12	5.4829,7.0337	627	g%a%
12	5.5834,7.05	119	h%ā%
12	5.6027,7.322	129	h%à%

12	5.522,6.923	127	a%h%à%
12	5.5832,7.05	127	a%h%à%
12	5.6027,7.322	61	a%ny%a%
12	5.664,7.012	614	a%h%ā%
12	5.72517,7.13325	652	a%h%a%

11	5.5832,7.05	7817	à%n%ụ%
11	5.5834,7.05	112	à%z%ụ%
11	5.664,7.012	47	à%h%ụ%
11	5.72517,7.13325	7485	à%s%ụ%

11	5.4829,7.0337	6647	r%ị̄%k%à%
11	5.5832,7.05	6647	r%ị̄%k%à%
11	5.6027,7.322	6647	r%ị̄%k%à%
11	5.72517,7.13325	13856	r%ụ%k%à%

11	5.6027,7.322	7210	a%z%à%
11	5.664,7.012	1790	a%n%à%
11	5.71795,7.08217	1790	a%n%à%
11	5.72517,7.13325	1790	a%n%à%

11	5.5832,7.05	2845	u%l%ò%
11	5.6027,7.322	5933	u%lw%ò%
11	5.72517,7.13325	5933	u%lw%ò%

11	5.5834,7.05	650	n%i%l%e%
11	5.664,7.012	2112	n%i%i%l%e%

11	5.4829,7.0337	138	a%f%ọ%
11	5.5832,7.05	223	a%f%ọ̀%
11	5.6027,7.322	6510	à%k%ọ%
11	5.72517,7.13325	6510	à%k%ọ%

11	5.3999,7.0167	140	nw%è%r%è%
11	5.4244,7.1967	140	nw%è%r%è%
11	5.4829,7.0337	140	nw%è%r%è%
11	5.5832,7.05	7534	nw%è%r̃%è%
11	5.5834,7.05	7534	nw%è%r̃%è%

11	5.4829,7.0337	7166	b%ị%ā%
11	5.5834,7.05	635	b%i%a%
11	5.72517,7.13325	5854	b%à%a%

11	5.5832,7.05	5836	è%sh%ì%
11	5.5834,7.05	307	è%sh%i%
11	5.6027,7.322	5836	è%sh%ì%
11	5.664,7.012	313	è%j%i%
11	5.72517,7.13325	7069	e%sh%ì%

11	5.522,6.923	360	r%u%o%
11	5.6027,7.322	360	r%u%o%
11	5.664,7.012	13860	gh%u%o%
11	5.72517,7.13325	360	r%u%o%

11	5.4244,7.1967	713	e%gb%e%
11	5.4543,7.0247	884	e%z%e%

11	5.522,6.923	5808	à%sh%ị%
11	5.5832,7.05	5808	à%sh%ị%
11	5.5834,7.05	717	a%sh%ị%

11	5.4244,7.1967	1540	g%e%
11	5.4543,7.0247	1540	g%e%
11	5.522,6.923	965	kw%e%
11	5.5832,7.05	626	k%e%
11	5.5834,7.05	3134	ny%e%
11	5.664,7.012	3134	ny%e%

11	5.5834,7.05	80	i%h%u%
11	5.664,7.012	5906	i%h%è%
11	5.71795,7.08217	482	i%h%ē%

11	5.3999,7.0167	545	e%l%u%
11	5.4244,7.1967	109	e%l%ū%
11	5.5834,7.05	109	e%l%ū%
11	5.6027,7.322	109	e%l%ū%
11	5.664,7.012	109	e%l%ū%
11	5.71795,7.08217	109	e%l%ū%

10	5.5834,7.05	819	n%ụ̀%
10	5.664,7.012	740	n%o%
10	5.71795,7.08217	645	n%ụ%
10	5.72517,7.13325	819	n%ụ̀%

10	5.6027,7.322	1080	a%kw%ụ%kw%ọ%
10	5.664,7.012	15194	a%kw%ụ%kw%ọ̄%
10	5.71795,7.08217	15194	a%kw%ụ%kw%ọ̄%
10	5.72517,7.13325	15194	a%kw%ụ%kw%ọ̄%

10	5.522,6.923	440	kw%u%o%
10	5.5832,7.05	440	kw%u%o%
10	5.6027,7.322	13860	gh%u%o%
10	5.72517,7.13325	13860	gh%u%o%

10	5.5834,7.05	6647	r%ị̄%k%à%
10	5.664,7.012	5980	r%ị%k%à%
10	5.72517,7.13325	13924	r%ụ̄%k%à%

10	5.4543,7.0247	5664	a%kp%ụ%
10	5.4829,7.0337	5983	à%kp%ụ%
10	5.5832,7.05	19	à%kp%ọ%
10	5.5834,7.05	5983	à%kp%ụ%
10	5.6027,7.322	5664	a%kp%ụ%
10	5.664,7.012	5983	à%kp%ụ%

10	5.522,6.923	522	g%a%a%
10	5.6027,7.322	507	gb%a%a%
10	5.72517,7.13325	507	gb%a%a%

10	5.5834,7.05	5851	ì%h%e%
10	5.72517,7.13325	125	h%e%

10	5.4829,7.0337	161	i%m%ē%
10	5.5832,7.05	5895	ē%m%ē%

10	5.522,6.923	545	e%l%u%
10	5.5834,7.05	158	o%l%u%
10	5.664,7.012	158	o%l%u%
10	5.72517,7.13325	109	e%l%ū%

10	5.5834,7.05	836	e%kw%u%
10	5.664,7.012	1482	e%k%u%

10	5.5834,7.05	950	a%k%ụ%
10	5.664,7.012	5664	a%kp%ụ%

10	5.522,6.923	7667	ọ̀%ḍ%ọ%
10	5.6027,7.322	7667	ọ̀%ḍ%ọ%
10	5.72517,7.13325	79	ọ̀%z%ọ%

10	5.4829,7.0337	312	è%j%ì%
10	5.522,6.923	28	e%j%ì%

10	5.4829,7.0337	5786	è%m%e%
10	5.5832,7.05	643	e%m%e%

10	5.4244,7.1967	1376	o%g%e%
10	5.4829,7.0337	6716	o%g%ē%
10	5.5834,7.05	1376	o%g%e%
10	5.6027,7.322	5841	o%g%è%

10	5.522,6.923	6951	ī%sh%ī%
10	5.5832,7.05	88	i%sh%ī%
10	5.5834,7.05	3727	i%sh%ì%

10	5.5834,7.05	8725	e%nw%è%è%
10	5.6027,7.322	8725	e%nw%è%è%
10	5.72517,7.13325	82	e%nw%è%r%è%

10	5.4244,7.1967	755	e%kw%e%
10	5.5832,7.05	7098	e%kw%ē%
10	5.5834,7.05	7098	e%kw%ē%

10	5.5832,7.05	102	r%ị%
10	5.5834,7.05	1326	r%i%
10	5.72517,7.13325	1326	r%i%

10	5.4829,7.0337	950	a%k%ụ%
10	5.5834,7.05	1873	n%kw%ụ%
10	5.71795,7.08217	6089	n%kw%ụ̄%
10	5.72517,7.13325	1873	n%kw%ụ%

10	5.4244,7.1967	702	j%i%r%i%
10	5.4543,7.0247	5228	s%i%r%i%

10	5.4244,7.1967	841	e%gb%u%
10	5.4543,7.0247	545	e%l%u%
10	5.522,6.923	6352	ù%gb%u%à%
10	5.5834,7.05	1179	i%gb%u%

10	5.4244,7.1967	2014	b%ì%
10	5.5832,7.05	9759	b%ù%
10	5.5834,7.05	9759	b%ù%
10	5.71795,7.08217	9759	b%ù%
10	5.72517,7.13325	564	b%ụ%

10	5.4244,7.1967	223	a%f%ọ̀%
10	5.4829,7.0337	223	a%f%ọ̀%
10	5.522,6.923	33	a%f%ọ̄%
10	5.5834,7.05	6537	à%f%ọ̀%
10	5.664,7.012	223	a%f%ọ̀%
10	5.71795,7.08217	223	a%f%ọ̀%

9	5.5834,7.05	163	i%kh%e%
9	5.71795,7.08217	87	i%k%e%
9	5.72517,7.13325	163	i%kh%e%

9	5.6027,7.322	5869	a%kw%à%
9	5.72517,7.13325	691	a%kw%a%

9	5.664,7.012	317	à%w%ụ%
9	5.72517,7.13325	2231	ọ%w%ụ%

9	5.522,6.923	885	d%ị%k%a%
9	5.5832,7.05	7133	d%ị%k%à%
9	5.5834,7.05	7133	d%ị%k%à%

9	5.5834,7.05	284	ọ%m%a%
9	5.664,7.012	290	ọ%ch%a%

9	5.4244,7.1967	718	kp%a%
9	5.6027,7.322	1006	ch%a%

9	5.4244,7.1967	1635	g%ị̀%
9	5.6027,7.322	34	g%ị̄%
9	5.72517,7.13325	657	g%i%

9	5.664,7.012	329	à%gb%à%
9	5.71795,7.08217	329	à%gb%à%
9	5.72517,7.13325	134	à%gb%a%

9	5.4543,7.0247	102	r%ị%
9	5.4829,7.0337	102	r%ị%
9	5.522,6.923	202	r%ụ̀%
9	5.6027,7.322	8814	r%ụ̄%

9	5.4244,7.1967	819	n%ụ̀%
9	5.4543,7.0247	645	n%ụ%
9	5.5834,7.05	5901	n%d%ụ̀%

9	5.6027,7.322	431	m%a%r̃%a%
9	5.72517,7.13325	687	m%a%r%a%

9	5.522,6.923	5869	a%kw%à%
9	5.5832,7.05	5869	a%kw%à%
9	5.664,7.012	7405	a%k%ị̄%
9	5.71795,7.08217	4604	a%k%ị%

9	5.5832,7.05	3786	i%b%è%
9	5.5834,7.05	728	i%b%e%
9	5.6027,7.322	728	i%b%e%
9	5.72517,7.13325	823	i%t%e%

9	5.5834,7.05	5664	a%kp%ụ%
9	5.664,7.012	13379	a%kp%ụ̄%
9	5.72517,7.13325	5664	a%kp%ụ%

9	5.4829,7.0337	85	l%e%e%
9	5.522,6.923	1849	t%e%e%

9	5.4244,7.1967	1692	n%n%à%
9	5.4829,7.0337	5807	n%n%ē%
9	5.5832,7.05	5807	n%n%ē%
9	5.6027,7.322	648	n%n%e%

9	5.4829,7.0337	6040	ī%k%ē%
9	5.5832,7.05	478	i%k%ē%
9	5.5834,7.05	478	i%k%ē%
9	5.6027,7.322	5861	i%kh%ē%
9	5.664,7.012	478	i%k%ē%
9	5.72517,7.13325	478	i%k%ē%

9	5.5834,7.05	5031	u%b%i%
9	5.6027,7.322	6596	u%b%ì%

9	5.4829,7.0337	6537	à%f%ọ̀%
9	5.5832,7.05	6537	à%f%ọ̀%
9	5.6027,7.322	138	a%f%ọ%
9	5.72517,7.13325	223	a%f%ọ̀%

9	5.5834,7.05	764	ọ%j%ọ%ọ%
9	5.664,7.012	286	ọ%j%ọ%ọ̄%

9	5.522,6.923	2845	u%l%ò%
9	5.5834,7.05	2846	u%l%o%
9	5.664,7.012	2845	u%l%ò%
9	5.72517,7.13325	2846	u%l%o%

9	5.5834,7.05	195	i%m%i%
9	5.6027,7.322	161	i%m%ē%
9	5.664,7.012	161	i%m%ē%
9	5.71795,7.08217	161	i%m%ē%

9	5.4829,7.0337	665	kw%a%
9	5.5832,7.05	861	gw%a%
9	5.5834,7.05	861	gw%a%
9	5.6027,7.322	665	kw%a%
9	5.72517,7.13325	679	kw%à%

9	5.5832,7.05	5797	è%ny%e%
9	5.5834,7.05	5786	è%m%e%
9	5.664,7.012	5786	è%m%e%
9	5.72517,7.13325	5797	è%ny%e%

9	5.4244,7.1967	2673	à%g%à%
9	5.4829,7.0337	5788	a%g%à%
9	5.5832,7.05	5788	a%g%à%

9	5.6027,7.322	7485	à%s%ụ%
9	5.664,7.012	7485	à%s%ụ%
9	5.71795,7.08217	7485	à%s%ụ%
9	5.72517,7.13325	2044	a%s%ụ%

9	5.5832,7.05	5941	a%z%ụ̀%
9	5.5834,7.05	732	a%z%ụ%
9	5.664,7.012	2044	a%s%ụ%
9	5.71795,7.08217	6050	a%s%ụ̄%

9	5.71795,7.08217	7069	e%sh%ì%
9	5.72517,7.13325	722	e%sh%i%

9	5.4244,7.1967	1769	m%m%a%n%ụ%
9	5.4543,7.0247	672	m%m%a%d%ụ%

9	5.4829,7.0337	747	n%r%i%
9	5.6027,7.322	9358	n%r%ī%
9	5.72517,7.13325	9358	n%r%ī%

9	5.522,6.923	646	e%j%i%
9	5.5832,7.05	28	e%j%ì%
9	5.5834,7.05	28	e%j%ì%
9	5.6027,7.322	312	è%j%ì%

9	5.4829,7.0337	159	m%è%r%è%
9	5.5832,7.05	159	m%è%r%è%
9	5.5834,7.05	159	m%è%r%è%
9	5.71795,7.08217	347	w%è%r%è%
9	5.72517,7.13325	347	w%è%r%è%

8	5.5834,7.05	7361	o%t%u%à%
8	5.6027,7.322	9255	o%th%u%à%
8	5.72517,7.13325	7361	o%t%u%à%

8	5.522,6.923	8085	n%d%ị%à%
8	5.5832,7.05	8085	n%d%ị%à%
8	5.5834,7.05	8085	n%d%ị%à%
8	5.72517,7.13325	5026	n%d%ị%a%

8	5.71795,7.08217	139	e%w%u%
8	5.72517,7.13325	69	e%w%ū%

8	5.5834,7.05	897	A%ny%ị%
8	5.664,7.012	322	à%ny%ị%

8	5.522,6.923	716	n%u%
8	5.5832,7.05	126	n%ụ̄%
8	5.6027,7.322	126	n%ụ̄%
8	5.72517,7.13325	126	n%ụ̄%

8	5.6027,7.322	55	e%b%e%
8	5.71795,7.08217	55	e%b%e%
8	5.72517,7.13325	7121	e%b%ē%

8	5.4829,7.0337	5960	à%g%a%
8	5.5832,7.05	6524	à%gw%a%
8	5.5834,7.05	731	a%gw%a%

8	5.6027,7.322	2673	à%g%à%
8	5.72517,7.13325	5960	à%g%a%

8	5.6027,7.322	10030	ọ%r̃%ụ̄%
8	5.664,7.012	281	ọ%r̃%ụ%
8	5.72517,7.13325	281	ọ%r̃%ụ%

8	5.5834,7.05	5927	m%m%i%r%ī%
8	5.6027,7.322	14660	m̀%m%i%r%ī%
8	5.664,7.012	14660	m̀%m%i%r%ī%
8	5.72517,7.13325	14660	m̀%m%i%r%ī%

8	5.4829,7.0337	55	e%b%e%
8	5.5832,7.05	7121	e%b%ē%

8	5.5832,7.05	8861	ụ̀%t%ụ%
8	5.5834,7.05	9923	ụ%t%ụ%
8	5.664,7.012	799	ụ%t%ọ%

8	5.4829,7.0337	6353	ù%gb%u%
8	5.5832,7.05	808	u%gb%u%
8	5.5834,7.05	9924	u%gb%o%

8	5.4829,7.0337	52	i%sh%i%
8	5.5834,7.05	88	i%sh%ī%
8	5.664,7.012	3727	i%sh%ì%

8	5.5832,7.05	9614	g%ị%n%ị̄%
8	5.5834,7.05	1794	g%ị%n%ị%

8	5.522,6.923	8594	a%b%à%l%ị̀%
8	5.5832,7.05	8594	a%b%à%l%ị̀%
8	5.5834,7.05	5814	à%b%à%l%ị̀%
8	5.664,7.012	5814	à%b%à%l%ị̀%
8	5.72517,7.13325	8594	a%b%à%l%ị̀%

8	5.3999,7.0167	186	a%n%ụ%
8	5.4244,7.1967	732	a%z%ụ%

8	5.5834,7.05	740	n%o%
8	5.664,7.012	126	n%ụ̄%

8	5.4829,7.0337	7009	g%ī%
8	5.522,6.923	7009	g%ī%
8	5.6027,7.322	5793	d%ī%
8	5.664,7.012	861	gw%a%

8	5.3999,7.0167	433	m%a%a%
8	5.4543,7.0247	403	n%a%a%
8	5.522,6.923	403	n%a%a%
8	5.5832,7.05	433	m%a%a%

8	5.4543,7.0247	737	i%r%i%
8	5.4829,7.0337	754	e%r%i%

8	5.522,6.923	1517	ò%b%ò%d%ò%
8	5.5832,7.05	8732	ò%b%ò%d%o%
8	5.5834,7.05	1517	ò%b%ò%d%ò%

8	5.4829,7.0337	5792	n̄%nw%ā%
8	5.522,6.923	5792	n̄%nw%ā%
8	5.5832,7.05	5785	n%nw%ā%

8	5.3999,7.0167	85	l%e%e%
8	5.4244,7.1967	2818	w%e%e%
8	5.522,6.923	77	nw%e%e%
8	5.5832,7.05	77	nw%e%e%

8	5.3999,7.0167	66	n%ọ%
8	5.4543,7.0247	690	a%n%ọ%
8	5.4829,7.0337	5815	à%n%ọ%
8	5.522,6.923	5815	à%n%ọ%

8	5.522,6.923	1191	r%u%
8	5.5834,7.05	39	r%ị̀%
8	5.6027,7.322	75	r%ị̄%
8	5.664,7.012	1326	r%i%
8	5.72517,7.13325	6663	r%ī%

8	5.4829,7.0337	5896	m%à%ọ̀%w%ụ̀%
8	5.5832,7.05	415	m%à%ọ̀%w%ụ%
8	5.5834,7.05	5896	m%à%ọ̀%w%ụ̀%

8	5.4244,7.1967	781	kp%à%
8	5.4543,7.0247	718	kp%a%

8	5.4829,7.0337	575	ā%ny%ị̄%
8	5.522,6.923	575	ā%ny%ị̄%
8	5.5834,7.05	8643	ā%y%ị̄%
8	5.72517,7.13325	575	ā%ny%ị̄%

8	5.5832,7.05	731	a%gw%a%
8	5.5834,7.05	691	a%kw%a%

8	5.5834,7.05	1109	ọ%g%a%
8	5.664,7.012	750	ọ%nw%a%
8	5.72517,7.13325	1109	ọ%g%a%

8	5.522,6.923	2648	à%n%ọ̀%
8	5.5832,7.05	1552	a%n%ọ̀%
8	5.5834,7.05	186	a%n%ụ%

8	5.4829,7.0337	135	à%k%a%
8	5.5832,7.05	5960	à%g%a%
8	5.6027,7.322	133	à%kp%à%
8	5.72517,7.13325	133	à%kp%à%

8	5.4829,7.0337	202	r%ụ̀%
8	5.522,6.923	6663	r%ī%
8	5.5834,7.05	8814	r%ụ̄%
8	5.6027,7.322	561	b%ụ̄%
8	5.664,7.012	8814	r%ụ̄%
8	5.72517,7.13325	561	b%ụ̄%

8	5.5834,7.05	995	E%e%
8	5.664,7.012	83	e%e%

8	5.3999,7.0167	353	sh%ī%
8	5.4829,7.0337	5790	sh%ị̄%
8	5.72517,7.13325	871	j%e%

8	5.4244,7.1967	760	m%b%ụ%
8	5.4543,7.0247	765	m%b%u%

8	5.6027,7.322	3570	kp%ọ̄%
8	5.664,7.012	718	kp%a%
8	5.72517,7.13325	718	kp%a%

8	5.4244,7.1967	737	i%r%i%
8	5.4829,7.0337	5979	ì%r%i%

8	5.4244,7.1967	944	gb%a%
8	5.4543,7.0247	944	gb%a%
8	5.71795,7.08217	121	n%a%
8	5.72517,7.13325	2995	r%a%

8	5.4829,7.0337	516	g%ā%
8	5.5834,7.05	1287	sh%a%
8	5.6027,7.322	628	sh%ị%

8	5.4244,7.1967	735	a%h%i%a%
8	5.4543,7.0247	5677	a%h%ị%a%

7	5.4829,7.0337	5793	d%ī%
7	5.522,6.923	692	d%ị%

7	5.5834,7.05	1054	n%ọ%r%ọ%
7	5.664,7.012	5805	n%ọ̀%r%ọ%
7	5.72517,7.13325	1054	n%ọ%r%ọ%

7	5.5832,7.05	2014	b%ì%
7	5.5834,7.05	894	b%i%
7	5.6027,7.322	7176	b%à%
7	5.664,7.012	894	b%i%
7	5.72517,7.13325	7176	b%à%

7	5.4829,7.0337	863	sh%ì%
7	5.5834,7.05	863	sh%ì%
7	5.6027,7.322	5790	sh%ị̄%

7	5.3999,7.0167	109	e%l%ū%
7	5.5834,7.05	545	e%l%u%

7	5.3999,7.0167	280	ọ%s%ọ%
7	5.4244,7.1967	280	ọ%s%ọ%
7	5.5834,7.05	2122	ch%ọ%ọ%
7	5.664,7.012	2122	ch%ọ%ọ%
7	5.72517,7.13325	280	ọ%s%ọ%

7	5.6027,7.322	7650	ụ̀%z%ọ̀%
7	5.72517,7.13325	257	ụ%z%ọ̀%

7	5.522,6.923	6478	à%t%a%
7	5.5832,7.05	6501	à%kw%a%
7	5.5834,7.05	6501	à%kw%a%
7	5.664,7.012	134	à%gb%a%
7	5.71795,7.08217	5859	à%l%a%

7	5.4829,7.0337	5848	n%è%
7	5.5832,7.05	5848	n%è%
7	5.5834,7.05	1666	n%e%
7	5.72517,7.13325	682	y%è%

7	5.5832,7.05	5934	i%h̃%e%
7	5.5834,7.05	3739	i%nw%e%

7	5.71795,7.08217	6100	m%ụ̄%
7	5.72517,7.13325	6106	ṅ%ụ̄%

7	5.6027,7.322	6106	ṅ%ụ̄%
7	5.72517,7.13325	6100	m%ụ̄%

7	5.6027,7.322	13865	i%kw%è%
7	5.71795,7.08217	7412	i%kh%è%
7	5.72517,7.13325	13865	i%kw%è%

7	5.5834,7.05	5812	ụ%m%ụ̀%
7	5.664,7.012	5992	ụ%n%ụ̀%
7	5.71795,7.08217	5992	ụ%n%ụ̀%

7	5.5834,7.05	62	ụ%kw%ụ%
7	5.71795,7.08217	24	ụ%kw%ụ̄%

7	5.71795,7.08217	708	i%ch%e%
7	5.72517,7.13325	70	i%ch%è%

7	5.522,6.923	5806	b%ị%à%
7	5.5832,7.05	7166	b%ị%ā%
7	5.664,7.012	567	b%ị%a%

7	5.6027,7.322	2662	à%h%ụ̀%
7	5.664,7.012	131	a%h%ụ%
7	5.71795,7.08217	47	à%h%ụ%
7	5.72517,7.13325	47	à%h%ụ%

7	5.3999,7.0167	223	a%f%ọ̀%
7	5.4543,7.0247	138	a%f%ọ%
7	5.5834,7.05	33	a%f%ọ̄%
7	5.6027,7.322	33	a%f%ọ̄%
7	5.71795,7.08217	6072	ā%t%ọ̄%
7	5.72517,7.13325	581	ā%f%ọ̄%

7	5.4244,7.1967	761	N%a%
7	5.72517,7.13325	1006	ch%a%

7	5.5832,7.05	398	n%k%e%
7	5.5834,7.05	4794	N%k%e%

7	5.4829,7.0337	42	ọ̄%z%ọ̄%
7	5.5832,7.05	8624	ọ%z%ọ̄%
7	5.5834,7.05	42	ọ̄%z%ọ̄%
7	5.664,7.012	42	ọ̄%z%ọ̄%

7	5.4244,7.1967	1552	a%n%ọ̀%
7	5.4829,7.0337	1552	a%n%ọ̀%
7	5.5832,7.05	186	a%n%ụ%
7	5.664,7.012	1552	a%n%ọ̀%
7	5.72517,7.13325	1552	a%n%ọ̀%

7	5.6027,7.322	827	n%ù%
7	5.664,7.012	66	n%ọ%
7	5.72517,7.13325	392	n%ọ̄%

7	5.3999,7.0167	408	m̀%m%à%
7	5.6027,7.322	294	ị%m%à%
7	5.72517,7.13325	294	ị%m%à%

7	5.3999,7.0167	149	m%m%à%
7	5.4244,7.1967	408	m̀%m%à%
7	5.5832,7.05	6019	m%b%à%
7	5.5834,7.05	6019	m%b%à%
7	5.664,7.012	6019	m%b%à%

7	5.4829,7.0337	478	i%k%ē%
7	5.5832,7.05	5861	i%kh%ē%
7	5.6027,7.322	5906	i%h%è%
7	5.72517,7.13325	5906	i%h%è%

7	5.4244,7.1967	777	s%i%
7	5.4829,7.0337	53	sh%i%
7	5.522,6.923	863	sh%ì%

7	5.522,6.923	134	à%gb%a%
7	5.5832,7.05	710	a%gb%a%
7	5.5834,7.05	915	a%kp%a%
7	5.664,7.012	696	a%g%a%
7	5.71795,7.08217	652	a%h%a%

7	5.5834,7.05	1111	a%j%a%
7	5.6027,7.322	199	a%j%ā%

7	5.4829,7.0337	39	r%ị̀%
7	5.522,6.923	39	r%ị̀%
7	5.5834,7.05	3209	n%ị̀%
7	5.6027,7.322	39	r%ị̀%

7	5.4244,7.1967	776	ọ%k%ụ%
7	5.4829,7.0337	5845	ọ%k%ụ̄%

7	5.6027,7.322	5874	a%h%ị%ā%
7	5.72517,7.13325	5677	a%h%ị%a%

7	5.5834,7.05	2750	y%i%
7	5.6027,7.322	638	d%i%
7	5.664,7.012	2750	y%i%

7	5.4244,7.1967	1666	n%e%
7	5.5834,7.05	981	m%e%
7	5.72517,7.13325	981	m%e%

7	5.522,6.923	675	w%e%
7	5.5832,7.05	1666	n%e%
7	5.5834,7.05	5838	n%ā%

7	5.4829,7.0337	6951	ī%sh%ī%
7	5.71795,7.08217	481	i%j%ī%
7	5.72517,7.13325	88	i%sh%ī%

7	5.5834,7.05	875	i%j%e%
7	5.72517,7.13325	7543	i%j%è%

7	5.3999,7.0167	33	a%f%ọ̄%
7	5.4829,7.0337	33	a%f%ọ̄%
7	5.522,6.923	223	a%f%ọ̀%

7	5.4244,7.1967	765	m%b%u%
7	5.4543,7.0247	760	m%b%ụ%

7	5.4244,7.1967	966	e%k%e%
7	5.4543,7.0247	966	e%k%e%
7	5.6027,7.322	87	i%k%e%

7	5.4829,7.0337	4725	a%b%ị%a%
7	5.5832,7.05	5809	à%b%ị%a%

7	5.3999,7.0167	426	m%e%e%
7	5.4543,7.0247	426	m%e%e%
7	5.4829,7.0337	771	e%e%e%

7	5.5834,7.05	68	m%m%ā%
7	5.6027,7.322	633	m%m%a%
7	5.664,7.012	633	m%m%a%
7	5.71795,7.08217	68	m%m%ā%

7	5.522,6.923	183	i%gw%è%
7	5.5832,7.05	5906	i%h%è%
7	5.5834,7.05	5906	i%h%è%

7	5.4244,7.1967	758	a%r%ị%
7	5.4543,7.0247	717	a%sh%ị%

7	5.5832,7.05	2102	a%t%ụ%
7	5.72517,7.13325	13379	a%kp%ụ̄%

7	5.3999,7.0167	63	n%d%e%
7	5.4244,7.1967	852	N%d%e%

7	5.3999,7.0167	392	n%ọ̄%
7	5.4543,7.0247	66	n%ọ%
7	5.4829,7.0337	27	n%ọ̀%

7	5.3999,7.0167	614	a%h%ā%
7	5.4543,7.0247	652	a%h%a%
7	5.5834,7.05	127	a%h%à%
7	5.664,7.012	7210	a%z%à%
7	5.72517,7.13325	5869	a%kw%à%

6	5.6027,7.322	6481	à%s%a%
6	5.72517,7.13325	324	à%m%a%

6	5.6027,7.322	6880	kw%ụ%ọ%
6	5.72517,7.13325	5414	k%ụ%ọ%

6	5.6027,7.322	7543	i%j%è%
6	5.664,7.012	163	i%kh%e%
6	5.72517,7.13325	875	i%j%e%

6	5.664,7.012	7009	g%ī%
6	5.72517,7.13325	34	g%ị̄%

6	5.4829,7.0337	28	e%j%ì%
6	5.522,6.923	785	e%j%e%

6	5.5832,7.05	1172	e%ny%e%
6	5.5834,7.05	833	e%ch%e%

6	5.5834,7.05	876	b%u%
6	5.6027,7.322	9759	b%ù%
6	5.72517,7.13325	894	b%i%

6	5.4244,7.1967	876	b%u%
6	5.4543,7.0247	876	b%u%
6	5.664,7.012	876	b%u%
6	5.72517,7.13325	9759	b%ù%

6	5.4543,7.0247	680	a%t%ọ%
6	5.71795,7.08217	7804	à%t%ọ%
6	5.72517,7.13325	680	a%t%ọ%

6	5.5834,7.05	4738	a%b%a%
6	5.6027,7.322	1111	a%j%a%
6	5.664,7.012	4738	a%b%a%
6	5.72517,7.13325	911	a%d%a%

6	5.4829,7.0337	584	a%à%
6	5.5832,7.05	1123	a%a%
6	5.5834,7.05	1123	a%a%

6	5.6027,7.322	159	m%è%r%è%
6	5.664,7.012	7534	nw%è%r̃%è%
6	5.72517,7.13325	159	m%è%r%è%

6	5.522,6.923	5793	d%ī%
6	5.5832,7.05	638	d%i%
6	5.5834,7.05	5793	d%ī%

6	5.3999,7.0167	488	h%ụ̀%
6	5.4244,7.1967	789	h%ù%

6	5.4829,7.0337	5838	n%ā%
6	5.5832,7.05	5838	n%ā%
6	5.5834,7.05	8086	n%ā%ā%
6	5.6027,7.322	8086	n%ā%ā%

6	5.4829,7.0337	101	g%à%-%
6	5.5832,7.05	101	g%à%-%
6	5.5834,7.05	910	g%a%-%
6	5.664,7.012	910	g%a%-%

6	5.3999,7.0167	567	b%ị%a%
6	5.4829,7.0337	5854	b%à%a%
6	5.664,7.012	4725	a%b%ị%a%

6	5.5834,7.05	72	a%ny%à%
6	5.71795,7.08217	91	a%ny%ā%
6	5.72517,7.13325	91	a%ny%ā%

6	5.5834,7.05	1015	n%s%o%gb%u%
6	5.72517,7.13325	5825	n%s%ò%gb%u%

6	5.5834,7.05	157	m̀%gb%e%
6	5.71795,7.08217	409	m̀%gb%è%

6	5.6027,7.322	6187	e%d%ē%
6	5.72517,7.13325	7383	e%d%è%

6	5.4543,7.0247	3565	kw%a%a%
6	5.4829,7.0337	3565	kw%a%a%
6	5.5834,7.05	965	kw%e%
6	5.6027,7.322	679	kw%à%
6	5.72517,7.13325	781	kp%à%

6	5.5834,7.05	139	e%w%u%
6	5.664,7.012	69	e%w%ū%

6	5.4829,7.0337	6286	ọ%h%ụ%r̃%ụ̄%
6	5.522,6.923	6286	ọ%h%ụ%r̃%ụ̄%
6	5.5832,7.05	8756	ọ%h%ụ%r%ụ̄%

6	5.4244,7.1967	1517	ò%b%ò%d%ò%
6	5.5834,7.05	8732	ò%b%ò%d%o%
6	5.6027,7.322	8732	ò%b%ò%d%o%
6	5.72517,7.13325	8732	ò%b%ò%d%o%

6	5.5834,7.05	1040	ny%e%r%e%
6	5.664,7.012	678	w%e%r%e%

6	5.522,6.923	7543	i%j%è%
6	5.5834,7.05	70	i%ch%è%
6	5.6027,7.322	70	i%ch%è%

6	5.6027,7.322	627	g%a%
6	5.72517,7.13325	665	kw%a%

6	5.5834,7.05	7356	ā%h%ụ̀%
6	5.6027,7.322	31	ā%h%ụ̄%
6	5.72517,7.13325	31	ā%h%ụ̄%

6	5.4829,7.0337	626	k%e%
6	5.5832,7.05	1540	g%e%
6	5.5834,7.05	1540	g%e%

6	5.3999,7.0167	307	è%sh%i%
6	5.4543,7.0247	722	e%sh%i%

6	5.522,6.923	6162	à%n%a%ā%
6	5.5832,7.05	316	à%ṅ%a%ā%

6	5.522,6.923	6163	o%sh%ī%
6	5.5834,7.05	769	o%sh%i%

6	5.4829,7.0337	5841	o%g%è%
6	5.5832,7.05	6713	o%gɦ%è%

6	5.4829,7.0337	1204	nw%è%
6	5.5832,7.05	772	nw%e%
6	5.5834,7.05	5907	nw%ē%
6	5.72517,7.13325	5907	nw%ē%

6	5.522,6.923	7212	a%w%ụ̄%
6	5.5832,7.05	7212	a%w%ụ̄%
6	5.664,7.012	15125	a%kw%ụ̄%

6	5.4244,7.1967	771	e%e%e%
6	5.4543,7.0247	874	E%e%e%

6	5.6027,7.322	99	w%ụ%r%ụ%
6	5.72517,7.13325	1411	w%ụ%n%ụ%

6	5.4829,7.0337	75	r%ị̄%
6	5.522,6.923	102	r%ị%

6	5.4829,7.0337	347	w%è%r%è%
6	5.5832,7.05	347	w%è%r%è%
6	5.71795,7.08217	82	e%nw%è%r%è%

6	5.4244,7.1967	784	e%l%e%
6	5.4543,7.0247	2034	e%r%e%

6	5.4244,7.1967	774	e%dz%i%
6	5.4543,7.0247	858	e%ch%i%

6	5.6027,7.322	646	e%j%i%
6	5.72517,7.13325	858	e%ch%i%

6	5.3999,7.0167	584	a%à%
6	5.4543,7.0247	1123	a%a%
6	5.5834,7.05	5787	à%à%

6	5.4244,7.1967	1326	r%i%
6	5.4829,7.0337	1326	r%i%
6	5.5832,7.05	39	r%ị̀%
6	5.6027,7.322	6663	r%ī%

6	5.4244,7.1967	28	e%j%ì%
6	5.4829,7.0337	7069	e%sh%ì%
6	5.5832,7.05	3727	i%sh%ì%

6	5.5834,7.05	5910	è%è%
6	5.6027,7.322	314	è%e%

6	5.4829,7.0337	464	j%i%
6	5.5834,7.05	1105	j%è%
6	5.6027,7.322	5910	è%è%

5	5.4543,7.0247	776	ọ%k%ụ%
5	5.5834,7.05	6083	ọ%k%à%
5	5.664,7.012	6083	ọ%k%à%
5	5.72517,7.13325	6083	ọ%k%à%

5	5.4543,7.0247	2818	w%e%e%
5	5.4829,7.0337	6799	n%e%e%
5	5.72517,7.13325	2818	w%e%e%

5	5.6027,7.322	7941	r̃%ụ%ọ%
5	5.72517,7.13325	7932	s%ụ%ọ%

5	5.5834,7.05	10030	ọ%r̃%ụ̄%
5	5.664,7.012	10030	ọ%r̃%ụ̄%
5	5.71795,7.08217	281	ọ%r̃%ụ%

5	5.5834,7.05	8038	n%à%-%è%sh%i%
5	5.664,7.012	8038	n%à%-%è%sh%i%
5	5.72517,7.13325	8044	n%à%-%è%j%i%

5	5.6027,7.322	2762	y%a%a%
5	5.72517,7.13325	879	l%a%a%

5	5.5832,7.05	282	ọ%n%ụ%
5	5.664,7.012	811	ọ%r%ụ%
5	5.72517,7.13325	10030	ọ%r̃%ụ̄%

5	5.5832,7.05	6352	ù%gb%u%à%
5	5.5834,7.05	297	ù%gb%u%ù%
5	5.6027,7.322	297	ù%gb%u%ù%

5	5.3999,7.0167	352	sh%ì%r%ì%
5	5.4244,7.1967	352	sh%ì%r%ì%
5	5.5834,7.05	37	j%ì%r%ì%
5	5.6027,7.322	352	sh%ì%r%ì%

5	5.3999,7.0167	516	g%ā%
5	5.4244,7.1967	831	g%á%

5	5.71795,7.08217	848	o%k%e%
5	5.72517,7.13325	818	nw%o%k%e%

5	5.4829,7.0337	5801	ǹ%g%a%à%
5	5.5832,7.05	5813	ǹ%g%a%

5	5.4244,7.1967	98	k%à%
5	5.4829,7.0337	78	k%ē%

5	5.6027,7.322	789	h%ù%
5	5.71795,7.08217	630	h%u%
5	5.72517,7.13325	630	h%u%

5	5.4829,7.0337	482	i%h%ē%
5	5.5832,7.05	470	ī%h%ē%
5	5.5834,7.05	470	ī%h%ē%
5	5.664,7.012	470	ī%h%ē%

5	5.5834,7.05	757	b%u%r%u%
5	5.664,7.012	721	e%b%u%r%u%

5	5.5834,7.05	4418	a%z%a%
5	5.664,7.012	61	a%ny%a%

5	5.5834,7.05	13220	a%y%ị̀%
5	5.664,7.012	13220	a%y%ị̀%
5	5.71795,7.08217	4428	a%y%i%
5	5.72517,7.13325	13220	a%y%ị̀%

5	5.5834,7.05	5788	a%g%à%
5	5.664,7.012	60	a%k%à%
5	5.71795,7.08217	60	a%k%à%

5	5.6027,7.322	9059	è%kw%u%
5	5.72517,7.13325	836	e%kw%u%

5	5.5834,7.05	5841	o%g%è%
5	5.72517,7.13325	6692	o%s%è%

5	5.6027,7.322	5896	m%à%ọ̀%w%ụ̀%
5	5.664,7.012	5896	m%à%ọ̀%w%ụ̀%
5	5.72517,7.13325	415	m%à%ọ̀%w%ụ%

5	5.664,7.012	45	a%k%ā%
5	5.71795,7.08217	111	ā%k%ā%

5	5.5834,7.05	1635	g%ị̀%
5	5.6027,7.322	1635	g%ị̀%
5	5.664,7.012	1041	g%ụ%

5	5.664,7.012	8679	à%r̃%ụ%
5	5.72517,7.13325	9098	à%r%ụ%

5	5.5834,7.05	1296	y%ọ%
5	5.6027,7.322	682	y%è%
5	5.72517,7.13325	10154	y%ị̄%

5	5.5834,7.05	5933	u%lw%ò%
5	5.664,7.012	5933	u%lw%ò%
5	5.72517,7.13325	2845	u%l%ò%

5	5.5834,7.05	10002	s%ụ̄%
5	5.72517,7.13325	1041	g%ụ%

5	5.5834,7.05	1281	o%ch%e%
5	5.6027,7.322	1281	o%ch%e%
5	5.664,7.012	983	o%sh%e%
5	5.72517,7.13325	1281	o%ch%e%

5	5.522,6.923	8119	m%ọ̀%
5	5.5834,7.05	27	n%ọ̀%

5	5.522,6.923	857	gb%a%r%a%
5	5.5832,7.05	455	k%a%r%a%
5	5.5834,7.05	1395	kw%a%r%a%

5	5.5834,7.05	808	u%gb%u%
5	5.664,7.012	6353	ù%gb%u%

5	5.4829,7.0337	41	n%a%-%
5	5.522,6.923	7441	n%à%-%
5	5.6027,7.322	101	g%à%-%

5	5.5834,7.05	841	e%gb%u%
5	5.71795,7.08217	5046	e%t%u%

5	5.5832,7.05	434	m%a%
5	5.5834,7.05	1196	M%a%

5	5.6027,7.322	112	à%z%ụ%
5	5.72517,7.13325	5898	à%hw%ụ%

5	5.4244,7.1967	1411	w%ụ%n%ụ%
5	5.4543,7.0247	99	w%ụ%r%ụ%
5	5.6027,7.322	1411	w%ụ%n%ụ%

5	5.4829,7.0337	110	ō%ō%
5	5.5834,7.05	7980	o%ō%
5	5.6027,7.322	7980	o%ō%
5	5.664,7.012	368	o%o%

5	5.522,6.923	7361	o%t%u%à%
5	5.5832,7.05	9255	o%th%u%à%

5	5.5832,7.05	489	h%ụ%
5	5.6027,7.322	489	h%ụ%
5	5.71795,7.08217	6985	h%ụ%ụ%
5	5.72517,7.13325	6985	h%ụ%ụ%

5	5.522,6.923	1323	gh%a%r%a%
5	5.5832,7.05	518	g%a%r%a%
5	5.5834,7.05	857	gb%a%r%a%

5	5.4829,7.0337	6127	ọ̀%t%ụ%t%ụ%
5	5.522,6.923	1160	ọ%t%ụ%t%ụ%
5	5.5834,7.05	6127	ọ̀%t%ụ%t%ụ%

5	5.5832,7.05	9059	è%kw%u%
5	5.5834,7.05	9059	è%kw%u%
5	5.664,7.012	1012	i%kw%u%
5	5.72517,7.13325	9059	è%kw%u%

5	5.5832,7.05	5846	à%ch%ọ%
5	5.5834,7.05	1359	a%ch%ọ%

5	5.4829,7.0337	655	n%i%
5	5.5832,7.05	655	n%i%
5	5.5834,7.05	5811	n%ị̄%
5	5.664,7.012	655	n%i%
5	5.72517,7.13325	5811	n%ị̄%

5	5.522,6.923	128	g%à%
5	5.5834,7.05	101	g%à%-%
5	5.664,7.012	101	g%à%-%

5	5.6027,7.322	5895	ē%m%ē%
5	5.72517,7.13325	161	i%m%ē%

5	5.522,6.923	8523	a%n%à%-%à%kp%ọ%
5	5.5834,7.05	8051	n%à%-%à%kp%ọ%
5	5.6027,7.322	9353	n%à%-%à%kp%ị%

5	5.4829,7.0337	5849	nw%o%k%è%
5	5.522,6.923	7370	nw%o%kh%è%

5	5.664,7.012	135	à%k%a%
5	5.71795,7.08217	95	a%k%a%

5	5.4829,7.0337	95	a%k%a%
5	5.664,7.012	6524	à%gw%a%
5	5.71795,7.08217	6524	à%gw%a%

5	5.3999,7.0167	286	ọ%j%ọ%ọ̄%
5	5.4543,7.0247	764	ọ%j%ọ%ọ%
5	5.4829,7.0337	286	ọ%j%ọ%ọ̄%

5	5.4829,7.0337	6663	r%ī%
5	5.522,6.923	461	j%ī%
5	5.6027,7.322	863	sh%ì%
5	5.72517,7.13325	353	sh%ī%

5	5.4244,7.1967	823	i%t%e%
5	5.4543,7.0247	5447	i%kp%e%

5	5.522,6.923	7800	è%b%u%
5	5.5832,7.05	6449	è%gb%u%
5	5.6027,7.322	6449	è%gb%u%
5	5.72517,7.13325	6449	è%gb%u%

5	5.4244,7.1967	4418	a%z%a%
5	5.4543,7.0247	644	a%l%a%

5	5.4244,7.1967	874	E%e%e%
5	5.4543,7.0247	771	e%e%e%

5	5.3999,7.0167	92	n%t%ị̀%
5	5.4244,7.1967	396	n%t%ị%

5	5.5834,7.05	6794	n%k%è%
5	5.71795,7.08217	398	n%k%e%

5	5.4244,7.1967	609	a%kp%ọ̀%
5	5.4543,7.0247	651	a%kp%ọ%

4	5.6027,7.322	257	ụ%z%ọ̀%
4	5.72517,7.13325	661	ụ%z%ọ%

4	5.664,7.012	24	ụ%kw%ụ̄%
4	5.71795,7.08217	62	ụ%kw%ụ%

4	5.6027,7.322	79	ọ̀%z%ọ%
4	5.72517,7.13325	7667	ọ̀%ḍ%ọ%

4	5.5832,7.05	641	ọ%z%ọ%
4	5.5834,7.05	8624	ọ%z%ọ̄%

4	5.5834,7.05	6434	è%kw%e%
4	5.664,7.012	6091	è%t%e%

4	5.6027,7.322	6005	à%l%ụ%
4	5.72517,7.13325	8679	à%r̃%ụ%

4	5.6027,7.322	95	a%k%a%
4	5.72517,7.13325	135	à%k%a%

4	5.4244,7.1967	1006	ch%a%
4	5.4543,7.0247	1287	sh%a%
4	5.5834,7.05	2995	r%a%

4	5.4543,7.0247	785	e%j%e%
4	5.4829,7.0337	6119	è%j%e%

4	5.6027,7.322	7112	e%g%ō%
4	5.72517,7.13325	4175	e%g%o%

4	5.522,6.923	368	o%o%
4	5.5832,7.05	368	o%o%
4	5.5834,7.05	809	o%o%o%

4	5.5834,7.05	675	w%e%
4	5.664,7.012	675	w%e%
4	5.72517,7.13325	5848	n%è%

4	5.6027,7.322	6031	nw%a%à%y%ị̀%
4	5.71795,7.08217	389	nw%a%à%ny%ị̀%
4	5.72517,7.13325	389	nw%a%à%ny%ị̀%

4	5.6027,7.322	7212	a%w%ụ̄%
4	5.71795,7.08217	317	à%w%ụ%
4	5.72517,7.13325	928	a%w%ụ%

4	5.4829,7.0337	1488	ò%t%ù%
4	5.664,7.012	6358	ò%t%u%
4	5.71795,7.08217	366	o%t%u%

4	5.5834,7.05	309	è%nw%e%
4	5.6027,7.322	309	è%nw%e%
4	5.664,7.012	179	ò%nw%e%

4	5.4829,7.0337	5837	è%zh%i%
4	5.5832,7.05	307	è%sh%i%
4	5.664,7.012	5837	è%zh%i%

4	5.522,6.923	5882	à%gw%à%
4	5.5832,7.05	5882	à%gw%à%
4	5.5834,7.05	6524	à%gw%a%
4	5.664,7.012	5882	à%gw%à%

4	5.71795,7.08217	9929	s%o%
4	5.72517,7.13325	5966	s%ụ̀%

4	5.4244,7.1967	863	sh%ì%
4	5.72517,7.13325	1287	sh%a%

4	5.522,6.923	7012	g%a%ā%
4	5.5832,7.05	7517	g%ā%ā%

4	5.5834,7.05	7372	è%d%e%
4	5.72517,7.13325	310	è%l%e%

4	5.5834,7.05	8758	m̀%b%ụ%
4	5.6027,7.322	564	b%ụ%
4	5.72517,7.13325	876	b%u%

4	5.5834,7.05	6612	t%i%i%
4	5.6027,7.322	7430	è%t%i%i%
4	5.664,7.012	6612	t%i%i%
4	5.72517,7.13325	7430	è%t%i%i%

4	5.6027,7.322	6633	s%ị̄%
4	5.72517,7.13325	5224	s%ị%

4	5.3999,7.0167	246	nw%a%
4	5.4244,7.1967	887	nw%à%

4	5.6027,7.322	1040	ny%e%r%e%
4	5.72517,7.13325	425	m%e%r%e%

4	5.6027,7.322	6256	ọ̀%kw%à%
4	5.72517,7.13325	10740	ọ̀%kw%a%

4	5.4244,7.1967	3786	i%b%è%
4	5.72517,7.13325	728	i%b%e%

4	5.6027,7.322	5992	ụ%n%ụ̀%
4	5.72517,7.13325	5812	ụ%m%ụ̀%

4	5.5834,7.05	6494	à%n%a%
4	5.664,7.012	6478	à%t%a%
4	5.71795,7.08217	5834	à%kp%a%

4	5.4829,7.0337	5877	w%è%e%
4	5.664,7.012	8617	nw%è%è%
4	5.72517,7.13325	663	w%è%

4	5.5834,7.05	1444	p%ụ%ọ%
4	5.664,7.012	167	p%ụ̀%ọ%

4	5.71795,7.08217	1666	n%e%
4	5.72517,7.13325	655	n%i%

4	5.4829,7.0337	5901	n%d%ụ̀%
4	5.5832,7.05	807	n%d%u%
4	5.72517,7.13325	5901	n%d%ụ̀%

4	5.4829,7.0337	37	j%ì%r%ì%
4	5.522,6.923	37	j%ì%r%ì%
4	5.5834,7.05	352	sh%ì%r%ì%
4	5.72517,7.13325	352	sh%ì%r%ì%

4	5.3999,7.0167	104	w%è%r%e%
4	5.4244,7.1967	347	w%è%r%è%

4	5.5832,7.05	8650	e%h%è%
4	5.5834,7.05	779	e%h%i%

4	5.5832,7.05	309	è%nw%e%
4	5.664,7.012	309	è%nw%e%
4	5.72517,7.13325	888	e%nw%e%

4	5.71795,7.08217	80	i%h%u%
4	5.72517,7.13325	896	e%h%u%

4	5.522,6.923	6449	è%gb%u%
4	5.5832,7.05	7800	è%b%u%

4	5.4543,7.0247	1328	e%d%e%
4	5.4829,7.0337	1328	e%d%e%
4	5.522,6.923	7383	e%d%è%

4	5.5834,7.05	4428	a%y%i%
4	5.71795,7.08217	8510	a%ny%ị̄%

4	5.71795,7.08217	651	a%kp%ọ%
4	5.72517,7.13325	609	a%kp%ọ̀%

4	5.71795,7.08217	2171	ụ%l%ọ̀%
4	5.72517,7.13325	664	ụ%l%ọ%

4	5.522,6.923	7804	à%t%ọ%
4	5.5832,7.05	5799	à%ṭ%ọ%
4	5.5834,7.05	19	à%kp%ọ%

4	5.6027,7.322	5960	à%g%a%
4	5.72517,7.13325	6524	à%gw%a%

4	5.5832,7.05	809	o%o%o%
4	5.6027,7.322	368	o%o%
4	5.71795,7.08217	820	gb%u%o%
4	5.72517,7.13325	3851	gb%o%o%

4	5.4829,7.0337	5992	ụ%n%ụ̀%
4	5.5832,7.05	5992	ụ%n%ụ̀%
4	5.6027,7.322	410	m%ụ%
4	5.72517,7.13325	5942	hw%ụ%

4	5.4244,7.1967	2745	y%ị%
4	5.4829,7.0337	2750	y%i%
4	5.5834,7.05	682	y%è%
4	5.664,7.012	10154	y%ị̄%

4	5.6027,7.322	2225	ọ%ọ%
4	5.71795,7.08217	35	ọ%ọ̄%
4	5.72517,7.13325	2225	ọ%ọ%

4	5.6027,7.322	5815	à%n%ọ%
4	5.664,7.012	5815	à%n%ọ%
4	5.72517,7.13325	2648	à%n%ọ̀%

4	5.5834,7.05	5909	ọ%h%ị%ā%
4	5.664,7.012	2260	ọ%h%ị%a%
4	5.71795,7.08217	2260	ọ%h%ị%a%

4	5.4244,7.1967	1418	d%i%k%a%
4	5.4543,7.0247	885	d%ị%k%a%

4	5.4829,7.0337	6983	h%ụ̄%
4	5.522,6.923	489	h%ụ%

4	5.5834,7.05	314	è%e%
4	5.72517,7.13325	5910	è%è%

4	5.71795,7.08217	1552	a%n%ọ̀%
4	5.72517,7.13325	690	a%n%ọ%

4	5.4244,7.1967	1204	nw%è%
4	5.4829,7.0337	772	nw%e%
4	5.5834,7.05	1204	nw%è%
4	5.664,7.012	1204	nw%è%

4	5.6027,7.322	631	n%n%u%
4	5.72517,7.13325	1235	n%n%ọ%

4	5.4829,7.0337	5056	n%d%e%e%
4	5.522,6.923	63	n%d%e%

4	5.522,6.923	195	i%m%i%
4	5.5832,7.05	161	i%m%ē%

4	5.522,6.923	7152	ch%u%kw%u%
4	5.5832,7.05	7152	ch%u%kw%u%
4	5.5834,7.05	1691	Ch%u%kw%u%

4	5.4829,7.0337	662	n%n%a%
4	5.5832,7.05	8632	n%n%ā%

4	5.522,6.923	5877	w%è%e%
4	5.5832,7.05	5877	w%è%e%
4	5.5834,7.05	2818	w%e%e%

4	5.3999,7.0167	366	o%t%u%
4	5.4543,7.0247	158	o%l%u%
4	5.4829,7.0337	158	o%l%u%
4	5.5832,7.05	158	o%l%u%

4	5.522,6.923	560	ch%a%a%
4	5.5832,7.05	560	ch%a%a%
4	5.72517,7.13325	5469	h%a%a%

4	5.4244,7.1967	983	o%sh%e%
4	5.4543,7.0247	1281	o%ch%e%

4	5.4543,7.0247	689	o%b%i%
4	5.4829,7.0337	38	o%b%ì%
4	5.522,6.923	38	o%b%ì%

4	5.4829,7.0337	1635	g%ị̀%
4	5.5832,7.05	627	g%a%

4	5.4543,7.0247	741	m%a%n%a%
4	5.4829,7.0337	431	m%a%r̃%a%
4	5.5832,7.05	431	m%a%r̃%a%

4	5.6027,7.322	626	k%e%
4	5.664,7.012	965	kw%e%
4	5.72517,7.13325	446	k%ụ%

4	5.3999,7.0167	489	h%ụ%
4	5.4244,7.1967	488	h%ụ̀%

4	5.4829,7.0337	871	j%e%
4	5.5832,7.05	1105	j%è%

4	5.5832,7.05	3720	j%a%a%
4	5.5834,7.05	4275	d%a%a%

4	5.4543,7.0247	995	E%e%
4	5.4829,7.0337	83	e%e%

4	5.4829,7.0337	6633	s%ị̄%
4	5.5832,7.05	6633	s%ị̄%
4	5.5834,7.05	5790	sh%ị̄%

4	5.5834,7.05	552	e%b%e%e%
4	5.6027,7.322	5840	e%b%e%è%
4	5.664,7.012	552	e%b%e%e%
4	5.72517,7.13325	5840	e%b%e%è%

3	5.6027,7.322	8756	ọ%h%ụ%r%ụ̄%
3	5.72517,7.13325	1122	ọ%h%ụ%r%ụ%

3	5.6027,7.322	1408	e%b%i%d%o%
3	5.72517,7.13325	10542	è%b%i%d%o%

3	5.522,6.923	7817	à%n%ụ%
3	5.664,7.012	732	a%z%ụ%
3	5.71795,7.08217	112	à%z%ụ%

3	5.6027,7.322	5904	à%d%ị%
3	5.72517,7.13325	4707	a%d%ị%

3	5.5834,7.05	1411	w%ụ%n%ụ%
3	5.72517,7.13325	5193	w%ụ%ụ%

3	5.71795,7.08217	2225	ọ%ọ%
3	5.72517,7.13325	963	w%ọ%ọ%

3	5.4244,7.1967	2846	u%l%o%
3	5.4543,7.0247	2846	u%l%o%
3	5.72517,7.13325	9924	u%gb%o%

3	5.5834,7.05	743	d%ì%
3	5.6027,7.322	692	d%ị%
3	5.664,7.012	2014	b%ì%

3	5.6027,7.322	434	m%a%
3	5.72517,7.13325	1047	m%b%a%

3	5.6027,7.322	7361	o%t%u%à%
3	5.72517,7.13325	9255	o%th%u%à%

3	5.6027,7.322	5807	n%n%ē%
3	5.72517,7.13325	6792	n%n%i%

3	5.6027,7.322	747	n%r%i%
3	5.72517,7.13325	782	n%d%i%

3	5.6027,7.322	1330	z%a%a%
3	5.72517,7.13325	3720	j%a%a%

3	5.4543,7.0247	795	i%j%i%
3	5.4829,7.0337	481	i%j%ī%
3	5.522,6.923	481	i%j%ī%

3	5.4244,7.1967	4403	b%e%
3	5.5832,7.05	7176	b%à%
3	5.5834,7.05	4403	b%e%

3	5.6027,7.322	5948	e%w%è%r%e%
3	5.72517,7.13325	798	e%w%e%r%e%

3	5.71795,7.08217	69	e%w%ū%
3	5.72517,7.13325	906	e%w%e%

3	5.6027,7.322	111	ā%k%ā%
3	5.72517,7.13325	142	ā%ny%ā%

3	5.522,6.923	3727	i%sh%ì%
3	5.5834,7.05	6951	ī%sh%ī%
3	5.6027,7.322	6951	ī%sh%ī%

3	5.6027,7.322	8758	m̀%b%ụ%
3	5.664,7.012	760	m%b%ụ%

3	5.5834,7.05	5813	ǹ%g%a%
3	5.664,7.012	636	n%g%a%

3	5.6027,7.322	7475	t%a%à%
3	5.72517,7.13325	778	t%a%a%

3	5.6027,7.322	632	k%a%
3	5.72517,7.13325	861	gw%a%

3	5.6027,7.322	5823	ì%gb%ò%
3	5.72517,7.13325	5916	ì%gb%o%

3	5.6027,7.322	353	sh%ī%
3	5.72517,7.13325	863	sh%ì%

3	5.4244,7.1967	2073	o%f%e%
3	5.72517,7.13325	5978	o%f%ē%

3	5.6027,7.322	44	m̄%m%ā%d%ụ̀%
3	5.71795,7.08217	242	m%m%ā%d%ụ̀%
3	5.72517,7.13325	242	m%m%ā%d%ụ̀%

3	5.4244,7.1967	4275	d%a%a%
3	5.4543,7.0247	1432	kp%a%a%

3	5.664,7.012	944	gb%a%
3	5.71795,7.08217	718	kp%a%
3	5.72517,7.13325	3570	kp%ọ̄%

3	5.5832,7.05	497	gb%à%r%à%
3	5.5834,7.05	497	gb%à%r%à%
3	5.664,7.012	1310	g%à%r%à%

3	5.6027,7.322	9674	e%zh%i%gb%o%
3	5.71795,7.08217	1119	e%z%i%gb%o%
3	5.72517,7.13325	9674	e%zh%i%gb%o%

3	5.71795,7.08217	5802	a%n%ụ̀%
3	5.72517,7.13325	186	a%n%ụ%

3	5.5834,7.05	7252	a%m%à%
3	5.664,7.012	7252	a%m%à%
3	5.72517,7.13325	881	k%a%m%a%

3	5.6027,7.322	776	ọ%k%ụ%
3	5.664,7.012	7378	ọ%kh%ụ%

3	5.4543,7.0247	5032	ọ%b%ụ%
3	5.4829,7.0337	281	ọ%r̃%ụ%

3	5.5834,7.05	294	ị%m%à%
3	5.72517,7.13325	7252	a%m%à%

3	5.5832,7.05	682	y%è%
3	5.5834,7.05	10154	y%ị̄%
3	5.664,7.012	2745	y%ị%

3	5.6027,7.322	778	t%a%a%
3	5.72517,7.13325	7475	t%a%à%

3	5.4244,7.1967	1066	sh%i%t%e%
3	5.4543,7.0247	2951	s%i%t%e%

3	5.5834,7.05	3357	m%ụ̀%
3	5.6027,7.322	202	r%ụ̀%
3	5.72517,7.13325	202	r%ụ̀%

3	5.664,7.012	743	d%ì%
3	5.71795,7.08217	12	j%ì%

3	5.5834,7.05	11719	n%à%-%à%w%ụ%
3	5.6027,7.322	7532	n%à%-%à%r̃%ụ%

3	5.5834,7.05	7532	n%à%-%à%r̃%ụ%
3	5.664,7.012	7532	n%à%-%à%r̃%ụ%
3	5.72517,7.13325	11719	n%à%-%à%w%ụ%

3	5.4829,7.0337	6179	k%e%è%
3	5.5834,7.05	5871	h%e%è%
3	5.664,7.012	5871	h%e%è%

3	5.6027,7.322	163	i%kh%e%
3	5.664,7.012	5861	i%kh%ē%

3	5.522,6.923	161	i%m%ē%
3	5.5832,7.05	473	i%m%ī%

3	5.664,7.012	28	e%j%ì%
3	5.72517,7.13325	5003	e%s%i%

3	5.5834,7.05	3787	i%b%u%
3	5.6027,7.322	7425	i%b%ù%

3	5.5832,7.05	7164	b%ị%à%a%
3	5.6027,7.322	5806	b%ị%à%
3	5.72517,7.13325	5806	b%ị%à%

3	5.6027,7.322	1432	kp%a%a%
3	5.71795,7.08217	826	b%a%a%
3	5.72517,7.13325	1432	kp%a%a%

3	5.5834,7.05	851	a%sh%i%
3	5.664,7.012	1413	a%s%i%

3	5.5834,7.05	911	a%d%a%
3	5.664,7.012	1111	a%j%a%

3	5.4543,7.0247	648	n%n%e%
3	5.4829,7.0337	1692	n%n%à%

3	5.4543,7.0247	5414	k%ụ%ọ%
3	5.4829,7.0337	6880	kw%ụ%ọ%
3	5.5832,7.05	6880	kw%ụ%ọ%

3	5.4829,7.0337	87	i%k%e%
3	5.522,6.923	163	i%kh%e%

3	5.5832,7.05	4175	e%g%o%
3	5.5834,7.05	7112	e%g%ō%

3	5.5832,7.05	5854	b%à%a%
3	5.5834,7.05	826	b%a%a%
3	5.6027,7.322	5854	b%à%a%

3	5.5834,7.05	812	h%i%
3	5.6027,7.322	125	h%e%

3	5.3999,7.0167	127	a%h%à%
3	5.664,7.012	727	a%m%a%
3	5.71795,7.08217	727	a%m%a%

3	5.522,6.923	7407	ọ̄%w%ụ̄%l%à%
3	5.5832,7.05	6233	ọ̄%w%ụ̄%n%à%

3	5.664,7.012	5898	à%hw%ụ%
3	5.71795,7.08217	9858	a%hw%ụ%

3	5.4829,7.0337	737	i%r%i%
3	5.522,6.923	706	u%r%i%

3	5.6027,7.322	53	sh%i%
3	5.71795,7.08217	863	sh%ì%
3	5.72517,7.13325	628	sh%ị%

3	5.5834,7.05	7069	e%sh%ì%
3	5.664,7.012	5836	è%sh%ì%

3	5.4829,7.0337	1009	m%ụ%ọ%
3	5.5832,7.05	7941	r̃%ụ%ọ%

3	5.5832,7.05	202	r%ụ̀%
3	5.5834,7.05	2960	r%ụ%
3	5.664,7.012	2956	r%ụ%ọ%

3	5.4829,7.0337	5864	n%i%ī%l%ē%
3	5.522,6.923	8076	n%i%ī%n%ē%

3	5.5834,7.05	655	n%i%
3	5.6027,7.322	969	n%ị%

3	5.522,6.923	630	h%u%
3	5.5832,7.05	6983	h%ụ̄%

3	5.5834,7.05	1619	kp%a%r%a%
3	5.664,7.012	455	k%a%r%a%

3	5.522,6.923	8393	e%h%ụ̀%
3	5.5832,7.05	7354	e%h%ù%
3	5.5834,7.05	896	e%h%u%

3	5.522,6.923	5814	à%b%à%l%ị̀%
3	5.5834,7.05	8594	a%b%à%l%ị̀%
3	5.6027,7.322	8594	a%b%à%l%ị̀%

3	5.4829,7.0337	6198	ụ̄%gb%ā%
3	5.5832,7.05	6078	ị%gb%ā%

3	5.4829,7.0337	24	ụ%kw%ụ̄%
3	5.522,6.923	6089	n%kw%ụ̄%

3	5.4244,7.1967	2915	sh%ụ%
3	5.4829,7.0337	5942	hw%ụ%
3	5.5832,7.05	5898	à%hw%ụ%

3	5.664,7.012	242	m%m%ā%d%ụ̀%
3	5.71795,7.08217	44	m̄%m%ā%d%ụ̀%

3	5.4829,7.0337	643	e%m%e%
3	5.5832,7.05	785	e%j%e%

3	5.3999,7.0167	131	a%h%ụ%
3	5.4543,7.0247	950	a%k%ụ%

3	5.3999,7.0167	261	ụ%k%à%
3	5.4543,7.0247	1052	ụ%k%a%
3	5.4829,7.0337	261	ụ%k%à%

3	5.4543,7.0247	5026	n%d%ị%a%
3	5.4829,7.0337	130	n%d%ị%ị%

3	5.5832,7.05	1635	g%ị̀%
3	5.5834,7.05	516	g%ā%

3	5.6027,7.322	3787	i%b%u%
3	5.72517,7.13325	7425	i%b%ù%

3	5.4543,7.0247	735	a%h%i%a%
3	5.6027,7.322	5677	a%h%ị%a%
3	5.72517,7.13325	5874	a%h%ị%ā%

3	5.4244,7.1967	2845	u%l%ò%
3	5.4829,7.0337	5933	u%lw%ò%
3	5.6027,7.322	2845	u%l%ò%

3	5.522,6.923	1692	n%n%à%
3	5.5834,7.05	8632	n%n%ā%

3	5.3999,7.0167	201	m%gb%a%
3	5.4829,7.0337	201	m%gb%a%
3	5.522,6.923	629	m%gb%e%

3	5.4829,7.0337	954	m%u%
3	5.5832,7.05	6100	m%ụ̄%
3	5.5834,7.05	6100	m%ụ̄%

3	5.4244,7.1967	2995	r%a%
3	5.4829,7.0337	2995	r%a%
3	5.522,6.923	1431	l%a%

3	5.4244,7.1967	507	gb%a%a%
3	5.4543,7.0247	5469	h%a%a%

3	5.4244,7.1967	3739	i%nw%e%
3	5.4829,7.0337	309	è%nw%e%

3	5.4244,7.1967	3641	k%ọ%
3	5.5834,7.05	446	k%ụ%
3	5.6027,7.322	3621	k%ọ̀%

3	5.4829,7.0337	6358	ò%t%u%
3	5.5832,7.05	1488	ò%t%ù%

3	5.664,7.012	123	e%z%è%
3	5.71795,7.08217	96	e%z%ē%

3	5.71795,7.08217	561	b%ụ̄%
3	5.72517,7.13325	2014	b%ì%

3	5.4244,7.1967	999	a%k%ọ%
3	5.4543,7.0247	926	a%gw%ọ%

3	5.4543,7.0247	691	a%kw%a%
3	5.4829,7.0337	5869	a%kw%à%

3	5.6027,7.322	282	ọ%n%ụ%
3	5.664,7.012	282	ọ%n%ụ%
3	5.72517,7.13325	43	ọ%n%ụ̄%

3	5.4244,7.1967	84	m%kp%ụ%r%ụ%
3	5.5834,7.05	151	m%kp%ụ%r%ụ̄%
3	5.6027,7.322	151	m%kp%ụ%r%ụ̄%

3	5.3999,7.0167	446	k%ụ%
3	5.4244,7.1967	3621	k%ọ̀%
3	5.664,7.012	6794	n%k%è%

3	5.3999,7.0167	69	e%w%ū%
3	5.4543,7.0247	139	e%w%u%

3	5.522,6.923	320	à%r%ị%
3	5.5832,7.05	8636	à%ch%ị%

3	5.3999,7.0167	199	a%j%ā%
3	5.4244,7.1967	1111	a%j%a%

2	5.71795,7.08217	282	ọ%n%ụ%
2	5.72517,7.13325	1136	ọ%nw%ụ%

2	5.6027,7.322	6587	u%r%ù%
2	5.72517,7.13325	1079	u%r%u%

2	5.6027,7.322	165	nw%ā%
2	5.72517,7.13325	887	nw%à%

2	5.5832,7.05	178	nw%o%k%ē%
2	5.5834,7.05	5849	nw%o%k%è%

2	5.6027,7.322	1029	l%ụ%ọ%
2	5.72517,7.13325	7941	r̃%ụ%ọ%

2	5.6027,7.322	5825	n%s%ò%gb%u%
2	5.72517,7.13325	1015	n%s%o%gb%u%

2	5.4244,7.1967	1235	n%n%ọ%
2	5.72517,7.13325	631	n%n%u%

2	5.6027,7.322	687	m%a%r%a%
2	5.72517,7.13325	997	n%a%r%a%

2	5.4244,7.1967	3829	gw%ọ%
2	5.72517,7.13325	1082	kw%ọ%

2	5.6027,7.322	3720	j%a%a%
2	5.72517,7.13325	826	b%a%a%

2	5.6027,7.322	5857	ī%r%ī%
2	5.72517,7.13325	5981	ē%r%ī%

2	5.6027,7.322	4330	ch%e%e%
2	5.72517,7.13325	1634	d%e%e%

2	5.664,7.012	186	a%n%ụ%
2	5.71795,7.08217	7817	à%n%ụ%

2	5.6027,7.322	652	a%h%a%
2	5.72517,7.13325	915	a%kp%a%

2	5.5834,7.05	5820	a%h%ụ̄%
2	5.72517,7.13325	669	a%h%u%

2	5.71795,7.08217	7381	w%è%t%e%
2	5.72517,7.13325	834	w%e%t%e%

2	5.5832,7.05	8814	r%ụ̄%
2	5.664,7.012	202	r%ụ̀%

2	5.664,7.012	1937	o%t%ū%
2	5.71795,7.08217	6675	ō%t%ū%

2	5.4829,7.0337	6100	m%ụ̄%
2	5.5832,7.05	410	m%ụ%

2	5.71795,7.08217	5851	ì%h%e%
2	5.72517,7.13325	12275	ī%h%e%

2	5.664,7.012	5966	s%ụ̀%
2	5.72517,7.13325	9929	s%o%

2	5.4829,7.0337	82	e%nw%è%r%è%
2	5.5832,7.05	8725	e%nw%è%è%

2	5.664,7.012	7363	ǹ%k%e%è%
2	5.71795,7.08217	86	ǹ%k%e%à%

2	5.5834,7.05	408	m̀%m%à%
2	5.6027,7.322	149	m%m%à%

2	5.71795,7.08217	34	g%ị̄%
2	5.72517,7.13325	7009	g%ī%

2	5.3999,7.0167	134	à%gb%a%
2	5.4244,7.1967	329	à%gb%à%

2	5.6027,7.322	5835	ọ̀%w%ụ%ụ̄%
2	5.72517,7.13325	5955	ọ̀%w%ụ%

2	5.664,7.012	1160	ọ%t%ụ%t%ụ%
2	5.71795,7.08217	6127	ọ̀%t%ụ%t%ụ%

2	5.6027,7.322	7771	è%m%i%
2	5.72517,7.13325	195	i%m%i%

2	5.5834,7.05	134	à%gb%a%
2	5.71795,7.08217	6481	à%s%a%

2	5.6027,7.322	343	w%ụ̀%
2	5.72517,7.13325	5897	w%ū%

2	5.5834,7.05	105	ụ̀%d%ị%
2	5.72517,7.13325	1309	ụ%d%ị%

2	5.664,7.012	5790	sh%ị̄%
2	5.71795,7.08217	353	sh%ī%

2	5.5834,7.05	3622	k%ọ%ọ%
2	5.664,7.012	3575	kp%ọ%ọ%

2	5.4829,7.0337	6974	i%h%ì%
2	5.5832,7.05	80	i%h%u%

2	5.4244,7.1967	1646	b%i%e%
2	5.4829,7.0337	4403	b%e%

2	5.5832,7.05	9098	à%r%ụ%
2	5.5834,7.05	8679	à%r̃%ụ%

2	5.4543,7.0247	21	a%y%ị%
2	5.4829,7.0337	758	a%r%ị%

2	5.5834,7.05	1330	z%a%a%
2	5.664,7.012	1118	s%a%a%

2	5.5834,7.05	879	l%a%a%
2	5.72517,7.13325	2762	y%a%a%

2	5.522,6.923	7932	s%ụ%ọ%
2	5.5832,7.05	5100	t%ụ%ọ%

2	5.5832,7.05	1937	o%t%ū%
2	5.5834,7.05	6675	ō%t%ū%

2	5.522,6.923	178	nw%o%k%ē%
2	5.5832,7.05	5849	nw%o%k%è%

2	5.5834,7.05	1023	n%ọ%ọ%
2	5.664,7.012	5860	n%ọ̀%ọ%

2	5.6027,7.322	5866	n%n%ụ̀%
2	5.72517,7.13325	6787	n%n%ụ̄%

2	5.5834,7.05	201	m%gb%a%
2	5.664,7.012	1644	m%kp%a%

2	5.5834,7.05	6256	ọ̀%kw%à%
2	5.664,7.012	13855	ụ%kw%à%

2	5.522,6.923	819	n%ụ̀%
2	5.5832,7.05	827	n%ù%

2	5.5832,7.05	6179	k%e%è%
2	5.5834,7.05	1988	k%è%è%

2	5.6027,7.322	634	nw%e%r%e%
2	5.72517,7.13325	1040	ny%e%r%e%

2	5.664,7.012	6130	ò%ny%e%
2	5.71795,7.08217	36	o%ny%e%

2	5.6027,7.322	8650	e%h%è%
2	5.72517,7.13325	8393	e%h%ụ̀%

2	5.4543,7.0247	851	a%sh%i%
2	5.4829,7.0337	717	a%sh%ị%

2	5.5834,7.05	1413	a%s%i%
2	5.664,7.012	698	a%ny%i%

2	5.5834,7.05	1126	a%gw%ụ%
2	5.664,7.012	926	a%gw%ọ%

2	5.5834,7.05	5881	à%g%ụ%
2	5.664,7.012	725	a%g%ụ%

2	5.6027,7.322	724	ch%i%
2	5.71795,7.08217	464	j%i%

2	5.522,6.923	6005	à%l%ụ%
2	5.5832,7.05	8679	à%r̃%ụ%

2	5.5834,7.05	202	r%ụ̀%
2	5.664,7.012	2960	r%ụ%

2	5.4829,7.0337	366	o%t%u%
2	5.5832,7.05	8708	o%th%u%

2	5.71795,7.08217	6184	o%gb%è%
2	5.72517,7.13325	6713	o%gɦ%è%

2	5.522,6.923	8042	n%à%-%è%m%e%
2	5.5832,7.05	9347	n%à%-%è%nw%e%

2	5.6027,7.322	6792	n%n%i%
2	5.71795,7.08217	747	n%r%i%

2	5.4244,7.1967	3570	kp%ọ̄%
2	5.6027,7.322	736	kp%ọ%

2	5.5834,7.05	6040	ī%k%ē%
2	5.6027,7.322	478	i%k%ē%

2	5.4543,7.0247	1113	e%z%i%
2	5.4829,7.0337	858	e%ch%i%

2	5.5834,7.05	4248	d%u%r%u%
2	5.6027,7.322	757	b%u%r%u%

2	5.522,6.923	7843	à%k%ụ̀%
2	5.5832,7.05	327	à%hw%ụ̀%

2	5.4244,7.1967	2960	r%ụ%
2	5.6027,7.322	1191	r%u%

2	5.4829,7.0337	86	ǹ%k%e%à%
2	5.5832,7.05	7363	ǹ%k%e%è%

2	5.4829,7.0337	553	d%ị̄%
2	5.522,6.923	1879	d%ị̀%

2	5.4244,7.1967	3357	m%ụ̀%
2	5.4829,7.0337	5966	s%ụ̀%

2	5.522,6.923	1300	gb%u%r%u%
2	5.5832,7.05	757	b%u%r%u%

2	5.522,6.923	8511	a%nw%ụ̄%
2	5.6027,7.322	1017	a%nw%ụ%

2	5.4829,7.0337	7212	a%w%ụ̄%
2	5.5832,7.05	928	a%w%ụ%

2	5.4829,7.0337	6481	à%s%a%
2	5.522,6.923	6494	à%n%a%

2	5.3999,7.0167	285	ọ%kw%a%
2	5.4543,7.0247	1109	ọ%g%a%

2	5.522,6.923	5898	à%hw%ụ%
2	5.5832,7.05	9858	a%hw%ụ%

2	5.5832,7.05	7981	o%ny%ē%
2	5.5834,7.05	5870	ō%ny%ē%

2	5.4829,7.0337	6163	o%sh%ī%
2	5.5832,7.05	769	o%sh%i%

2	5.5832,7.05	86	ǹ%k%e%à%
2	5.5834,7.05	7363	ǹ%k%e%è%

2	5.664,7.012	5907	nw%ē%
2	5.72517,7.13325	165	nw%ā%

2	5.6027,7.322	1326	r%i%
2	5.72517,7.13325	75	r%ị̄%

2	5.4244,7.1967	1841	n%z%u%
2	5.4829,7.0337	6780	n%z%ū%

2	5.522,6.923	633	m%m%a%
2	5.5832,7.05	9421	m̀%m%a%

2	5.4829,7.0337	6046	m%ā%r%ā%
2	5.522,6.923	430	m%ā%r̃%ā%

2	5.4829,7.0337	1395	kw%a%r%a%
2	5.522,6.923	518	g%a%r%a%

2	5.4829,7.0337	1988	k%è%è%
2	5.5832,7.05	6923	k%è%e%

2	5.4829,7.0337	7176	b%à%
2	5.5832,7.05	894	b%i%

2	5.71795,7.08217	657	g%i%
2	5.72517,7.13325	1635	g%ị̀%

2	5.4829,7.0337	1172	e%ny%e%
2	5.5832,7.05	719	e%ny%i%

2	5.664,7.012	795	i%j%i%
2	5.71795,7.08217	7543	i%j%è%

2	5.4244,7.1967	1413	a%s%i%
2	5.4543,7.0247	5622	a%s%ị%

2	5.3999,7.0167	343	w%ụ̀%
2	5.4244,7.1967	11	w%ụ̄%

2	5.4543,7.0247	2073	o%f%e%
2	5.4829,7.0337	5978	o%f%ē%

2	5.4829,7.0337	6089	n%kw%ụ̄%
2	5.522,6.923	1873	n%kw%ụ%

2	5.3999,7.0167	410	m%ụ%
2	5.4244,7.1967	564	b%ụ%

2	5.522,6.923	40	m%m%a%d%ụ̀%
2	5.5832,7.05	672	m%m%a%d%ụ%

2	5.3999,7.0167	522	g%a%a%
2	5.72517,7.13325	1398	k%a%a%

2	5.4244,7.1967	1988	k%è%è%
2	5.4829,7.0337	6923	k%è%e%

2	5.522,6.923	3622	k%ọ%ọ%
2	5.5832,7.05	3575	kp%ọ%ọ%

2	5.522,6.923	8280	gh%à%r%a%
2	5.5832,7.05	1323	gh%a%r%a%

2	5.4244,7.1967	195	i%m%i%
2	5.5832,7.05	5937	i%r̃%i%

2	5.4244,7.1967	1179	i%gb%u%
2	5.6027,7.322	1321	i%z%u%

2	5.71795,7.08217	858	e%ch%i%
2	5.72517,7.13325	833	e%ch%e%

2	5.5834,7.05	12275	ī%h%e%
2	5.6027,7.322	5851	ì%h%e%

2	5.4244,7.1967	76	e%r%i%r%i%
2	5.4543,7.0247	916	e%j%i%r%i%

2	5.4244,7.1967	560	ch%a%a%
2	5.4543,7.0247	778	t%a%a%

2	5.5832,7.05	6005	à%l%ụ%
2	5.5834,7.05	9098	à%r%ụ%

2	5.3999,7.0167	322	à%ny%ị%
2	5.4244,7.1967	1776	à%ny%ị̀%

2	5.4829,7.0337	781	kp%à%
2	5.522,6.923	718	kp%a%

2	5.4244,7.1967	2249	ọ%n%a%
2	5.6027,7.322	290	ọ%ch%a%

2	5.522,6.923	7980	o%ō%
2	5.5832,7.05	110	ō%ō%

2	5.3999,7.0167	185	n%d%e%è%
2	5.4543,7.0247	5056	n%d%e%e%

2	5.3999,7.0167	347	w%è%r%è%
2	5.4244,7.1967	3692	j%è%r%è%

2	5.3999,7.0167	470	ī%h%ē%
2	5.4244,7.1967	482	i%h%ē%

2	5.5834,7.05	5877	w%è%e%
2	5.664,7.012	5913	l%è%e%

2	5.6027,7.322	8627	ì%w%u%
2	5.72517,7.13325	8633	i%w%u%

2	5.3999,7.0167	483	i%h%e%è%
2	5.4829,7.0337	5018	i%h%e%e%

2	5.4543,7.0247	2915	sh%ụ%
2	5.4829,7.0337	6628	s%ụ%

2	5.4244,7.1967	455	k%a%r%a%
2	5.4543,7.0247	1619	kp%a%r%a%

2	5.4244,7.1967	127	a%h%à%
2	5.6027,7.322	614	a%h%ā%

