5.3999,7.0167	5.3999,7.0167

5.3999,7.0167	5.4244,7.1967

5.3999,7.0167	5.4543,7.0247

5.3999,7.0167	5.4829,7.0337

5.3999,7.0167	5.522,6.923

5.3999,7.0167	5.5832,7.05

5.3999,7.0167	5.5834,7.05

5.3999,7.0167	5.6027,7.322

5.3999,7.0167	5.664,7.012

5.3999,7.0167	5.71795,7.08217

5.3999,7.0167	5.72517,7.13325

5.4244,7.1967	5.3999,7.0167

5.4244,7.1967	5.4244,7.1967

5.4244,7.1967	5.4543,7.0247

5.4244,7.1967	5.4829,7.0337

5.4244,7.1967	5.522,6.923

5.4244,7.1967	5.5832,7.05

5.4244,7.1967	5.5834,7.05

5.4244,7.1967	5.6027,7.322

5.4244,7.1967	5.664,7.012

5.4244,7.1967	5.71795,7.08217

5.4244,7.1967	5.72517,7.13325

5.4543,7.0247	5.3999,7.0167

5.4543,7.0247	5.4244,7.1967

5.4543,7.0247	5.4543,7.0247

5.4543,7.0247	5.4829,7.0337

5.4543,7.0247	5.522,6.923

5.4543,7.0247	5.5832,7.05

5.4543,7.0247	5.5834,7.05

5.4543,7.0247	5.6027,7.322

5.4543,7.0247	5.664,7.012

5.4543,7.0247	5.71795,7.08217

5.4543,7.0247	5.72517,7.13325

5.4829,7.0337	5.3999,7.0167

5.4829,7.0337	5.4244,7.1967

5.4829,7.0337	5.4543,7.0247

5.4829,7.0337	5.4829,7.0337

5.4829,7.0337	5.522,6.923

5.4829,7.0337	5.5832,7.05

5.4829,7.0337	5.5834,7.05

5.4829,7.0337	5.6027,7.322

5.4829,7.0337	5.664,7.012

5.4829,7.0337	5.71795,7.08217

5.4829,7.0337	5.72517,7.13325

5.522,6.923	5.3999,7.0167

5.522,6.923	5.4244,7.1967

5.522,6.923	5.4543,7.0247

5.522,6.923	5.4829,7.0337

5.522,6.923	5.522,6.923

5.522,6.923	5.5832,7.05

5.522,6.923	5.5834,7.05

5.522,6.923	5.6027,7.322

5.522,6.923	5.664,7.012

5.522,6.923	5.71795,7.08217

5.522,6.923	5.72517,7.13325

5.5832,7.05	5.3999,7.0167

5.5832,7.05	5.4244,7.1967

5.5832,7.05	5.4543,7.0247

5.5832,7.05	5.4829,7.0337

5.5832,7.05	5.522,6.923

5.5832,7.05	5.5832,7.05

5.5832,7.05	5.5834,7.05

5.5832,7.05	5.6027,7.322

5.5832,7.05	5.664,7.012

5.5832,7.05	5.71795,7.08217

5.5832,7.05	5.72517,7.13325

5.5834,7.05	5.3999,7.0167

5.5834,7.05	5.4244,7.1967

5.5834,7.05	5.4543,7.0247

5.5834,7.05	5.4829,7.0337

5.5834,7.05	5.522,6.923

5.5834,7.05	5.5832,7.05

5.5834,7.05	5.5834,7.05

5.5834,7.05	5.6027,7.322

5.5834,7.05	5.664,7.012
1	[O*o]	46115

5.5834,7.05	5.71795,7.08217

5.5834,7.05	5.72517,7.13325

5.6027,7.322	5.3999,7.0167

5.6027,7.322	5.4244,7.1967

5.6027,7.322	5.4543,7.0247

5.6027,7.322	5.4829,7.0337

5.6027,7.322	5.522,6.923

5.6027,7.322	5.5832,7.05

5.6027,7.322	5.5834,7.05

5.6027,7.322	5.6027,7.322

5.6027,7.322	5.664,7.012

5.6027,7.322	5.71795,7.08217

5.6027,7.322	5.72517,7.13325

5.664,7.012	5.3999,7.0167

5.664,7.012	5.4244,7.1967

5.664,7.012	5.4543,7.0247

5.664,7.012	5.4829,7.0337

5.664,7.012	5.522,6.923

5.664,7.012	5.5832,7.05

5.664,7.012	5.5834,7.05
1	[o*O]	18010

5.664,7.012	5.6027,7.322

5.664,7.012	5.664,7.012

5.664,7.012	5.71795,7.08217

5.664,7.012	5.72517,7.13325

5.71795,7.08217	5.3999,7.0167

5.71795,7.08217	5.4244,7.1967

5.71795,7.08217	5.4543,7.0247

5.71795,7.08217	5.4829,7.0337

5.71795,7.08217	5.522,6.923

5.71795,7.08217	5.5832,7.05

5.71795,7.08217	5.5834,7.05

5.71795,7.08217	5.6027,7.322

5.71795,7.08217	5.664,7.012

5.71795,7.08217	5.71795,7.08217

5.71795,7.08217	5.72517,7.13325

5.72517,7.13325	5.3999,7.0167

5.72517,7.13325	5.4244,7.1967

5.72517,7.13325	5.4543,7.0247

5.72517,7.13325	5.4829,7.0337

5.72517,7.13325	5.522,6.923

5.72517,7.13325	5.5832,7.05

5.72517,7.13325	5.5834,7.05

5.72517,7.13325	5.6027,7.322

5.72517,7.13325	5.664,7.012

5.72517,7.13325	5.71795,7.08217

5.72517,7.13325	5.72517,7.13325

