5610	0	0.183148	1
5610	80	0.167172	1
5610	132	0.16686	1
5610	142	0.167938	1
5610	3030	0.16669	1
2554	5610	0.00323893	4
5486	5610	0.0256431	1
8249	0	0.156984	1
8249	80	0.14329	1
8249	132	0.143023	1
8249	142	0.143947	1
8249	2798	0.142932	1
8249	3030	0.142877	1
2554	8249	0.00323894	4
5486	8249	0.0256433	1
8105	8249	0.0714348	1
8249	2798	0.500263	1
8105	8249	0.0714333	1
9720	0	0.156984	1
9720	80	0.14329	1
9720	132	0.143023	1
9720	142	0.143947	1
9720	3030	0.142877	1
9720	4475	0.142985	1
313	9720	0.000277957	1
2554	9720	0.00323894	4
5486	9720	0.0256433	1
9720	4475	0.500446	1
313	9720	0.000277951	1
1816	7	0.33409	2
1816	227	0.167414	1
1816	313	0.168599	1
227	1816	0.00272485	4
2105	1816	0.500041	1
1816	1833	0.166705	1
1816	227	0.502242	1
227	1816	0.000681244	1
3418	0	0.156984	1
3418	7	0.286363	2
3418	313	0.144513	1
3418	1833	0.14289	1
3418	2548	0.143136	1
0	3418	1.00008	1
227	3418	0.00204365	3
2105	3418	0.500041	1
2548	3418	0.000679866	1
3418	0	0.366296	1
3418	2548	0.333984	1
0	3418	1.00007	1
2548	3418	0.000679855	1
345	334	0.500033	1
292	345	0.200013	1
412	0	0.262361	2
412	305	0.125481	1
412	307	0.125099	1
409	412	0.00266061	7
412	1157	0.125028	1
412	1634	0.125011	1
412	1638	0.125019	1
2499	0	0.149921	2
2499	142	0.143402	2
2499	305	0.0717033	1
2499	307	0.0714851	1
2499	313	0.215114	3
2499	1157	0.0714446	1
2499	1634	0.0714349	1
2499	1638	0.0714393	1
2499	2134	0.0714344	1
4	2499	0.000325853	2
409	2499	0.00266062	7
413	2499	0.00669662	3
2522	2499	0.500044	1
2499	142	0.286804	2
2499	313	0.430228	3
2499	2134	0.142869	1
4	2499	0.000325851	2
413	2499	0.0066966	3
2522	2499	0.500037	1
2554	0	0.158695	197
2554	4	0.00163005	2
2554	7	0.00241911	3
2554	80	0.000807594	1
2554	129	0.000807925	1
2554	132	0.00241639	3
2554	138	0.000805862	1
2554	142	0.0040319	5
2554	166	0.000806058	1
2554	178	0.000805499	1
2554	190	0.00161269	2
2554	210	0.00080602	1
2554	226	0.00322915	4
2554	227	0.000808764	1
2554	233	0.00161204	2
2554	241	0.000807157	1
2554	262	0.000805862	1
2554	270	0.00724857	9
2554	280	0.00322333	4
2554	305	0.0016134	2
2554	307	0.00080579	1
2554	313	0.00645056	8
2554	318	0.000806165	1
2554	363	0.000806861	1
2554	367	0.00644536	8
2554	413	0.00161166	2
2554	1157	0.000805333	1
2554	1634	0.000805224	1
2554	1638	0.000805274	1
2554	1835	0.00161046	2
0	2554	160.004	160
4	2554	0.00016353	1
7	2554	0.00795643	11
13	2554	0.0139409	1
23	2554	0.0368213	12
43	2554	0.0146433	6
80	2554	0.00177795	2
81	2554	0.00244816	1
118	2554	0.00936489	11
129	2554	0.0129208	17
132	2554	0.00778172	3
142	2554	0.00369859	8
149	2554	0.0117412	4
152	2554	0.00650566	2
161	2554	0.00361059	1
166	2554	0.0250094	10
190	2554	0.00475189	5
227	2554	0.00136495	2
230	2554	0.00170705	1
233	2554	0.00138067	1
245	2554	0.00816052	1
260	2554	0.00411371	1
270	2554	0.00246767	2
275	2554	0.0741203	6
276	2554	0.0426329	2
280	2554	0.000904274	1
305	2554	0.0043931	5
313	2554	0.020846	75
314	2554	0.00288503	6
315	2554	0.0119322	12
336	2554	0.00334581	1
363	2554	0.00143392	1
372	2554	0.0220864	3
409	2554	0.00266201	7
413	2554	0.0022405	1
507	2554	0.0230315	2
753	2554	0.00615794	1
855	2554	0.0614734	11
1151	2554	0.031367	1
1254	2554	0.0547021	14
1312	2554	0.0211531	3
1619	2554	0.0526513	10
1670	2554	0.00774161	3
1798	2554	0.035848	1
2554	2554	0.276976	344
2588	2554	0.00162681	1
2626	2554	0.0258943	3
2670	2554	0.025737	1
2694	2554	0.00473464	1
2863	2554	0.0488109	6
2939	2554	0.0318055	2
2943	2554	0.0128445	2
2984	2554	0.00378771	1
3134	2554	0.00987066	2
3220	2554	0.00590127	3
3233	2554	0.0123919	1
3269	2554	0.0164548	1
3431	2554	0.104798	11
3554	2554	0.250936	1
3635	2554	0.0836454	1
3670	2554	0.0102423	1
3804	2554	0.0488718	2
4040	2554	0.100374	1
4102	2554	0.0170126	1
4453	2554	0.136534	3
4469	2554	0.0556596	2
4475	2554	0.0960987	27
4497	2554	0.0827844	12
4513	2554	0.250936	1
4528	2554	0.0436411	1
4535	2554	0.0836454	1
4536	2554	0.16015	4
4538	2554	0.0418227	1
4618	2554	0.0910793	2
4623	2554	0.125468	1
4627	2554	0.0714954	4
4633	2554	0.0228124	1
4642	2554	0.100374	1
4699	2554	0.0836454	1
4776	2554	0.0278818	1
4788	2554	0.0218205	1
4793	2554	0.0282217	2
4802	2554	0.111527	1
4814	2554	0.00623444	1
4838	2554	0.0501872	1
4862	2554	0.00473464	1
4864	2554	0.0278818	1
4877	2554	0.0193028	1
4886	2554	0.0385095	3
4913	2554	0.0164241	2
4917	2554	0.250468	2
4960	2554	0.334581	1
4997	2554	0.0385335	2
5001	2554	0.300374	3
5046	2554	0.0715623	2
5067	2554	0.10546	2
5070	2554	0.0669163	1
5092	2554	0.113534	21
5115	2554	0.0244816	1
5123	2554	0.0371757	1
5127	2554	0.100374	1
5156	2554	0.125468	1
5204	2554	0.0209113	1
5415	2554	0.0418227	1
5417	2554	0.0909516	8
5418	2554	0.100125	3
5439	2554	0.00850631	1
5445	2554	0.0166875	3
5545	2554	0.0418227	1
5547	2554	0.0590438	1
5553	2554	0.0477973	1
5554	2554	0.0556249	3
5555	2554	0.111319	2
5557	2554	0.143392	1
5559	2554	0.174076	4
5577	2554	0.142991	4
5596	2554	0.0772111	1
5628	2554	0.200749	1
5629	2554	0.125234	2
5644	2554	0.0286784	1
5659	2554	0.0836454	1
5668	2554	0.0526973	3
5695	2554	0.100374	1
5710	2554	0.334581	1
5722	2554	0.250936	1
5729	2554	0.0278818	1
5739	2554	0.103577	3
5741	2554	0.273068	3
5742	2554	0.0912495	1
5753	2554	0.0912495	1
5757	2554	0.0477973	1
5769	2554	0.031367	1
5788	2554	0.334581	1
5813	2554	0.0386055	1
5824	2554	0.250936	1
5837	2554	0.143392	1
5843	2554	0.286249	2
5848	2554	0.334581	1
5854	2554	0.0912495	1
5881	2554	0.501872	1
5909	2554	0.167291	1
5913	2554	0.0401498	1
5950	2554	0.0646369	2
5981	2554	0.501872	1
6007	2554	0.0669163	1
6018	2554	0.250936	1
6020	2554	0.200749	1
6041	2554	0.0912495	1
6047	2554	0.200749	1
6051	2554	0.250936	1
6061	2554	0.334581	1
6062	2554	0.334581	1
6065	2554	0.100374	1
6080	2554	0.150187	3
6095	2554	0.115529	3
6108	2554	0.501872	1
6156	2554	0.167291	1
6158	2554	0.0912495	1
6160	2554	0.0228124	1
6181	2554	0.154134	2
6183	2554	0.0871193	2
6187	2554	0.102612	8
6191	2554	0.0572498	2
6192	2554	0.296435	8
6194	2554	0.501872	1
6229	2554	0.0836454	1
6232	2554	0.250936	1
6239	2554	0.208489	5
6242	2554	0.143392	1
6243	2554	0.200749	1
6259	2554	0.0128445	2
6299	2554	0.200749	1
6301	2554	0.111527	1
6351	2554	0.0264143	1
6362	2554	0.334581	1
6364	2554	0.071696	1
6373	2554	0.0477973	1
6378	2554	0.0610213	5
6400	2554	0.500936	2
6450	2554	0.167291	1
6458	2554	0.501872	1
6462	2554	0.207026	6
6520	2554	0.334581	1
6532	2554	0.501872	1
6547	2554	0.100374	1
6561	2554	0.334581	1
6589	2554	0.167291	1
6597	2554	0.0742127	2
6614	2554	0.600749	3
6618	2554	0.0501872	1
6645	2554	0.334581	1
6650	2554	0.0912495	1
6655	2554	0.250936	1
6658	2554	0.0742127	2
6665	2554	0.500624	3
6692	2554	0.0436411	1
6700	2554	0.250936	1
6701	2554	0.167291	1
6710	2554	0.501872	1
6719	2554	0.501872	1
6722	2554	0.0176095	1
6780	2554	0.250936	1
6786	2554	0.250936	1
6792	2554	0.200749	1
6811	2554	0.185324	5
6817	2554	0.200749	1
6831	2554	0.0910793	2
6842	2554	0.0196813	1
6866	2554	0.0401498	1
6870	2554	0.200749	1
6872	2554	0.062734	1
6876	2554	0.0456247	1
6878	2554	0.0607195	2
6879	2554	0.167291	1
6888	2554	0.0501872	1
6903	2554	0.0836454	1
6910	2554	0.501872	1
6915	2554	0.125468	1
6963	2554	0.200749	1
6965	2554	0.0418227	1
6969	2554	0.0770671	2
6971	2554	0.501872	1
6989	2554	0.00460433	1
6997	2554	0.0541552	2
7001	2554	0.20025	3
7015	2554	0.143392	1
7041	2554	0.501872	1
7044	2554	0.400749	2
7046	2554	0.130598	3
7048	2554	0.400749	2
7052	2554	0.30798	4
7053	2554	0.167291	1
7060	2554	0.166979	2
7066	2554	0.143392	1
7075	2554	0.0910793	2
7094	2554	0.167291	1
7117	2554	0.125468	1
7133	2554	0.145911	7
7139	2554	0.0156835	1
7154	2554	0.501872	1
7158	2554	0.22243	4
7173	2554	0.500936	2
7181	2554	0.200749	1
7206	2554	0.100374	1
7240	2554	0.166979	2
7249	2554	0.143392	1
7274	2554	0.117867	2
7277	2554	0.235514	4
7279	2554	0.273068	3
7283	2554	0.0669163	1
7284	2554	0.0912495	1
7285	2554	0.200749	1
7291	2554	0.501872	1
7292	2554	0.501872	1
7299	2554	0.0656352	4
7308	2554	0.200749	1
7335	2554	0.0772111	1
7349	2554	0.167291	1
7390	2554	0.501872	1
7485	2554	0.250936	1
7530	2554	0.250936	1
7562	2554	0.250936	1
7584	2554	0.250936	1
7609	2554	0.200374	2
7624	2554	0.334581	1
7637	2554	0.190654	4
7640	2554	0.062617	2
7644	2554	0.143392	1
7661	2554	0.0557636	1
7674	2554	0.0912495	1
7677	2554	0.250936	1
7678	2554	0.200749	1
7679	2554	0.334581	1
7681	2554	0.0194538	2
7704	2554	0.333957	2
7728	2554	0.286249	2
7730	2554	0.250936	1
7735	2554	0.0244816	1
7739	2554	0.200749	1
7741	2554	0.117867	2
7743	2554	0.143392	1
7747	2554	0.0600749	3
7751	2554	0.250936	1
7768	2554	0.170823	7
7769	2554	0.100374	1
7771	2554	0.0445276	2
2554	2683	0.000805229	1
2554	2695	0.000805387	1
2554	2725	0.000805282	1
2554	2939	0.00161046	2
2554	2957	0.000805241	1
2554	3030	0.000805266	1
2554	3134	0.000805674	1
2554	3232	0.000805346	1
2554	3295	0.000805258	1
2554	3435	0.000805507	1
2554	3509	0.000805207	1
2554	4273	0.000805222	1
2554	4506	0.000805339	1
2554	4587	0.000805237	1
2554	4645	0.00080523	1
2554	4793	0.000805312	1
2554	4804	0.000805251	1
2554	4819	0.00161051	2
2554	4862	0.00322121	4
2554	4917	0.000805214	1
2554	4983	0.000805484	1
2554	5070	0.000805236	1
2554	5115	0.000805295	1
2554	5439	0.000805311	1
2554	5445	0.00161067	2
2554	5449	0.000805273	1
2554	5475	0.000805248	1
2554	5529	0.00161036	2
2554	5530	0.000805207	1
2554	5532	0.0386476	48
2554	5533	0.000805207	1
2554	5535	0.000805215	1
2554	5538	0.00241552	3
2554	5539	0.000805207	1
2554	5542	0.000805207	1
2554	5543	0.00885677	11
2554	5545	0.00563617	7
2554	5549	0.000805207	1
2554	5550	0.004831	6
2554	5551	0.0177135	22
2554	5552	0.00322067	4
2554	5553	0.00241555	3
2554	5554	0.00805171	10
2554	5555	0.00563616	7
2554	5556	0.00161036	2
2554	5558	0.000805217	1
2554	5559	0.00161041	2
2554	5560	0.000805207	1
2554	5566	0.00241553	3
2554	5567	0.000805213	1
2554	5568	0.00161036	2
2554	5569	0.00322069	4
2554	5570	0.000805207	1
2554	5571	0.0241547	30
2554	5573	0.00322069	4
2554	5574	0.00563619	7
2554	5576	0.00563615	7
2554	5579	0.0217393	27
2554	5580	0.000805207	1
2554	5581	0.00161036	2
2554	5583	0.00644129	8
2554	5584	0.000805207	1
2554	5585	0.00161037	2
2554	5586	0.00563614	7
2554	5587	0.00724645	9
2554	5589	0.00644131	8
2554	5590	0.00241551	3
2554	5591	0.00241553	3
2554	5593	0.000805217	1
2554	5594	0.00644131	8
2554	5595	0.000805207	1
2554	5596	0.00161037	2
2554	5597	0.0128826	16
2554	5598	0.000805207	1
2554	5599	0.00966192	12
2554	5600	0.00483101	6
2554	5601	0.00241552	3
2554	5602	0.00161036	2
2554	5603	0.000805207	1
2554	5604	0.00241553	3
2554	5606	0.00161036	2
2554	5607	0.00241552	3
2554	5608	0.0112723	14
2554	5610	0.00322068	4
2554	5611	0.0193238	24
2554	5612	0.00483098	6
2554	5615	0.0209341	26
2554	5616	0.000805207	1
2554	5618	0.00161037	2
2554	5619	0.0370372	46
2554	5620	0.000805207	1
2554	5648	0.000805218	1
2554	6041	0.00161038	2
2554	6191	0.000805241	1
2554	6560	0.00080521	1
2554	6567	0.000805212	1
2554	6636	0.00161047	2
2554	6637	0.00161036	2
2554	6639	0.00724651	9
2554	6685	0.00563643	7
2554	6690	0.000805215	1
2554	6692	0.00161038	2
2554	6722	0.000805286	1
2554	6726	0.00161037	2
2554	6782	0.000805212	1
2554	6830	0.000805207	1
2554	6989	0.000805727	1
2554	7057	0.000805233	1
2554	7060	0.000805227	1
2554	7064	0.000805207	1
2554	7086	0.0104672	13
2554	7087	0.00241555	3
2554	7089	0.000805214	1
2554	7133	0.000805291	1
2554	7139	0.000805357	1
2554	7299	0.000805322	1
2554	7316	0.000805217	1
2554	7373	0.00241552	3
2554	7375	0.000805207	1
2554	7483	0.000805212	1
2554	7567	0.00644136	8
2554	7595	0.0410632	51
2554	7596	0.00322067	4
2554	7597	0.00322067	4
2554	7603	0.000805207	1
2554	7640	0.000805246	1
2554	7661	0.000805232	1
2554	7667	0.000805207	1
2554	7680	0.000805216	1
2554	7681	0.00241571	3
2554	7684	0.000805217	1
2554	7688	0.000805207	1
2554	7696	0.000805207	1
2554	7704	0.000805209	1
2554	7727	0.000805211	1
2554	7735	0.000805308	1
2554	7747	0.000805304	1
2554	0	0.157975	195
2554	4	0.00163929	2
2554	7	0.00243282	3
2554	80	0.000812171	1
2554	129	0.000812504	1
2554	132	0.00243009	3
2554	138	0.000810429	1
2554	142	0.00405476	5
2554	166	0.000810627	1
2554	178	0.000810065	1
2554	190	0.00162183	2
2554	210	0.000810588	1
2554	226	0.00324746	4
2554	227	0.000813348	1
2554	233	0.00162118	2
2554	241	0.000811732	1
2554	262	0.00081043	1
2554	270	0.00728965	9
2554	280	0.0032416	4
2554	305	0.000812831	1
2554	313	0.00648712	8
2554	318	0.000810735	1
2554	363	0.000811434	1
2554	367	0.00648189	8
2554	413	0.00162079	2
2554	1835	0.00161959	2
0	2554	160.004	160
4	2554	0.000163527	1
7	2554	0.00795642	11
13	2554	0.0139407	1
23	2554	0.0368213	12
43	2554	0.0146432	6
80	2554	0.00177793	2
81	2554	0.00244813	1
118	2554	0.00936488	11
129	2554	0.0129208	17
132	2554	0.00778169	3
142	2554	0.00369858	8
149	2554	0.0117411	4
152	2554	0.00650562	2
161	2554	0.00361054	1
166	2554	0.0250093	10
190	2554	0.00475188	5
227	2554	0.00136494	2
230	2554	0.00170703	1
233	2554	0.00138065	1
245	2554	0.00816042	1
260	2554	0.00411365	1
270	2554	0.00246765	2
275	2554	0.0741201	6
276	2554	0.0426326	2
280	2554	0.000904262	1
305	2554	0.00439309	5
313	2554	0.020846	75
314	2554	0.00288502	6
315	2554	0.0119321	12
336	2554	0.00334577	1
363	2554	0.0014339	1
372	2554	0.0220863	3
413	2554	0.00224047	1
507	2554	0.0230314	2
753	2554	0.00615786	1
855	2554	0.0614734	11
1151	2554	0.0313666	1
1254	2554	0.0547021	14
1312	2554	0.021153	3
1619	2554	0.0526512	10
1670	2554	0.00774158	3
1798	2554	0.0358475	1
2554	2554	0.278546	344
2588	2554	0.00162679	1
2626	2554	0.0258942	3
2670	2554	0.0257367	1
2694	2554	0.00473458	1
2863	2554	0.0488108	6
2939	2554	0.0318053	2
2943	2554	0.0128444	2
2984	2554	0.00378767	1
3134	2554	0.0098706	2
3220	2554	0.00590124	3
3233	2554	0.0123917	1
3269	2554	0.0164546	1
3431	2554	0.104797	11
3554	2554	0.250933	1
3635	2554	0.0836443	1
3670	2554	0.0102422	1
3804	2554	0.0488715	2
4040	2554	0.100373	1
4102	2554	0.0170124	1
4453	2554	0.136533	3
4469	2554	0.0556592	2
4475	2554	0.0960987	27
4497	2554	0.0827844	12
4513	2554	0.250933	1
4528	2554	0.0436405	1
4535	2554	0.0836443	1
4536	2554	0.160149	4
4538	2554	0.0418221	1
4618	2554	0.0910787	2
4623	2554	0.125466	1
4627	2554	0.0714952	4
4633	2554	0.0228121	1
4642	2554	0.100373	1
4699	2554	0.0836443	1
4776	2554	0.0278814	1
4788	2554	0.0218202	1
4793	2554	0.0282216	2
4802	2554	0.111526	1
4814	2554	0.00623436	1
4838	2554	0.0501866	1
4862	2554	0.00473458	1
4864	2554	0.0278814	1
4877	2554	0.0193025	1
4886	2554	0.0385094	3
4913	2554	0.016424	2
4917	2554	0.250466	2
4960	2554	0.334577	1
4997	2554	0.0385333	2
5001	2554	0.300373	3
5046	2554	0.0715618	2
5067	2554	0.10546	2
5070	2554	0.0669154	1
5092	2554	0.113534	21
5115	2554	0.0244813	1
5123	2554	0.0371752	1
5127	2554	0.100373	1
5156	2554	0.125466	1
5204	2554	0.0209111	1
5415	2554	0.0418221	1
5417	2554	0.0909515	8
5418	2554	0.100124	3
5439	2554	0.0085062	1
5445	2554	0.0166874	3
5545	2554	0.0418221	1
5547	2554	0.059043	1
5553	2554	0.0477967	1
5554	2554	0.0556247	3
5555	2554	0.111318	2
5557	2554	0.14339	1
5559	2554	0.174075	4
5577	2554	0.14299	4
5596	2554	0.0772101	1
5628	2554	0.200746	1
5629	2554	0.125233	2
5644	2554	0.028678	1
5659	2554	0.0836443	1
5668	2554	0.052697	3
5695	2554	0.100373	1
5710	2554	0.334577	1
5722	2554	0.250933	1
5729	2554	0.0278814	1
5739	2554	0.103577	3
5741	2554	0.273066	3
5742	2554	0.0912483	1
5753	2554	0.0912483	1
5757	2554	0.0477967	1
5769	2554	0.0313666	1
5788	2554	0.334577	1
5813	2554	0.0386051	1
5824	2554	0.250933	1
5837	2554	0.14339	1
5843	2554	0.286247	2
5848	2554	0.334577	1
5854	2554	0.0912483	1
5881	2554	0.501866	1
5909	2554	0.167289	1
5913	2554	0.0401493	1
5950	2554	0.0646365	2
5981	2554	0.501866	1
6007	2554	0.0669154	1
6018	2554	0.250933	1
6020	2554	0.200746	1
6041	2554	0.0912483	1
6047	2554	0.200746	1
6051	2554	0.250933	1
6061	2554	0.334577	1
6062	2554	0.334577	1
6065	2554	0.100373	1
6080	2554	0.150187	3
6095	2554	0.115528	3
6108	2554	0.501866	1
6156	2554	0.167289	1
6158	2554	0.0912483	1
6160	2554	0.0228121	1
6181	2554	0.154133	2
6183	2554	0.0871188	2
6187	2554	0.102612	8
6191	2554	0.0572495	2
6192	2554	0.296434	8
6194	2554	0.501866	1
6229	2554	0.0836443	1
6232	2554	0.250933	1
6239	2554	0.208489	5
6242	2554	0.14339	1
6243	2554	0.200746	1
6259	2554	0.0128444	2
6299	2554	0.200746	1
6301	2554	0.111526	1
6351	2554	0.026414	1
6362	2554	0.334577	1
6364	2554	0.0716951	1
6373	2554	0.0477967	1
6378	2554	0.0610211	5
6400	2554	0.500933	2
6450	2554	0.167289	1
6458	2554	0.501866	1
6462	2554	0.207025	6
6520	2554	0.334577	1
6532	2554	0.501866	1
6547	2554	0.100373	1
6561	2554	0.334577	1
6589	2554	0.167289	1
6597	2554	0.0742123	2
6614	2554	0.600746	3
6618	2554	0.0501866	1
6645	2554	0.334577	1
6650	2554	0.0912483	1
6655	2554	0.250933	1
6658	2554	0.0742123	2
6665	2554	0.500622	3
6692	2554	0.0436405	1
6700	2554	0.250933	1
6701	2554	0.167289	1
6710	2554	0.501866	1
6719	2554	0.501866	1
6722	2554	0.0176093	1
6780	2554	0.250933	1
6786	2554	0.250933	1
6792	2554	0.200746	1
6811	2554	0.185323	5
6817	2554	0.200746	1
6831	2554	0.0910787	2
6842	2554	0.019681	1
6866	2554	0.0401493	1
6870	2554	0.200746	1
6872	2554	0.0627332	1
6876	2554	0.0456242	1
6878	2554	0.0607191	2
6879	2554	0.167289	1
6888	2554	0.0501866	1
6903	2554	0.0836443	1
6910	2554	0.501866	1
6915	2554	0.125466	1
6963	2554	0.200746	1
6965	2554	0.0418221	1
6969	2554	0.0770666	2
6971	2554	0.501866	1
6989	2554	0.00460427	1
6997	2554	0.0541549	2
7001	2554	0.200249	3
7015	2554	0.14339	1
7041	2554	0.501866	1
7044	2554	0.400746	2
7046	2554	0.130597	3
7048	2554	0.400746	2
7052	2554	0.307979	4
7053	2554	0.167289	1
7060	2554	0.166978	2
7066	2554	0.14339	1
7075	2554	0.0910787	2
7094	2554	0.167289	1
7117	2554	0.125466	1
7133	2554	0.145911	7
7139	2554	0.0156833	1
7154	2554	0.501866	1
7158	2554	0.22243	4
7173	2554	0.500933	2
7181	2554	0.200746	1
7206	2554	0.100373	1
7240	2554	0.166978	2
7249	2554	0.14339	1
7274	2554	0.117867	2
7277	2554	0.235514	4
7279	2554	0.273066	3
7283	2554	0.0669154	1
7284	2554	0.0912483	1
7285	2554	0.200746	1
7291	2554	0.501866	1
7292	2554	0.501866	1
7299	2554	0.0656349	4
7308	2554	0.200746	1
7335	2554	0.0772101	1
7349	2554	0.167289	1
7390	2554	0.501866	1
7485	2554	0.250933	1
7530	2554	0.250933	1
7562	2554	0.250933	1
7584	2554	0.250933	1
7609	2554	0.200373	2
7624	2554	0.334577	1
7637	2554	0.190654	4
7640	2554	0.0626166	2
7644	2554	0.14339	1
7661	2554	0.0557629	1
7674	2554	0.0912483	1
7677	2554	0.250933	1
7678	2554	0.200746	1
7679	2554	0.334577	1
7681	2554	0.0194537	2
7704	2554	0.333955	2
7728	2554	0.286247	2
7730	2554	0.250933	1
7735	2554	0.0244813	1
7739	2554	0.200746	1
7741	2554	0.117867	2
7743	2554	0.14339	1
7747	2554	0.0600746	3
7751	2554	0.250933	1
7768	2554	0.170823	7
7769	2554	0.100373	1
7771	2554	0.0445274	2
2554	2683	0.000809793	1
2554	2695	0.000809952	1
2554	2725	0.000809846	1
2554	2939	0.00161959	2
2554	2957	0.000809805	1
2554	3030	0.000809831	1
2554	3134	0.000810241	1
2554	3232	0.000809911	1
2554	3295	0.000809822	1
2554	3435	0.000810072	1
2554	3509	0.000809771	1
2554	4273	0.000809786	1
2554	4506	0.000809903	1
2554	4587	0.000809801	1
2554	4645	0.000809794	1
2554	4793	0.000809876	1
2554	4804	0.000809815	1
2554	4819	0.00161964	2
2554	4862	0.00323947	4
2554	4917	0.000809778	1
2554	4983	0.000810049	1
2554	5070	0.0008098	1
2554	5115	0.00080986	1
2554	5439	0.000809876	1
2554	5445	0.0016198	2
2554	5449	0.000809837	1
2554	5475	0.000809812	1
2554	5529	0.00161949	2
2554	5530	0.000809771	1
2554	5532	0.0388666	48
2554	5533	0.000809771	1
2554	5535	0.000809779	1
2554	5538	0.00242921	3
2554	5539	0.000809771	1
2554	5542	0.000809771	1
2554	5543	0.00890697	11
2554	5545	0.00566812	7
2554	5549	0.000809771	1
2554	5550	0.00485839	6
2554	5551	0.0178139	22
2554	5552	0.00323893	4
2554	5553	0.00242924	3
2554	5554	0.00809735	10
2554	5555	0.00566811	7
2554	5556	0.00161949	2
2554	5558	0.000809781	1
2554	5559	0.00161954	2
2554	5560	0.000809771	1
2554	5566	0.00242922	3
2554	5567	0.000809777	1
2554	5568	0.00161949	2
2554	5569	0.00323894	4
2554	5570	0.000809771	1
2554	5571	0.0242916	30
2554	5573	0.00323895	4
2554	5574	0.00566813	7
2554	5576	0.0056681	7
2554	5579	0.0218625	27
2554	5580	0.000809771	1
2554	5581	0.00161949	2
2554	5583	0.0064778	8
2554	5584	0.000809771	1
2554	5585	0.0016195	2
2554	5586	0.00566809	7
2554	5587	0.00728752	9
2554	5589	0.00647782	8
2554	5590	0.0024292	3
2554	5591	0.00242922	3
2554	5593	0.000809781	1
2554	5594	0.00647782	8
2554	5595	0.000809771	1
2554	5596	0.0016195	2
2554	5597	0.0129556	16
2554	5598	0.000809771	1
2554	5599	0.00971668	12
2554	5600	0.0048584	6
2554	5601	0.00242921	3
2554	5602	0.00161949	2
2554	5603	0.000809771	1
2554	5604	0.00242922	3
2554	5606	0.00161949	2
2554	5607	0.00242921	3
2554	5608	0.0113362	14
2554	5610	0.00323893	4
2554	5611	0.0194333	24
2554	5612	0.00485836	6
2554	5615	0.0210528	26
2554	5616	0.000809771	1
2554	5618	0.0016195	2
2554	5619	0.0372472	46
2554	5620	0.000809771	1
2554	5648	0.000809782	1
2554	6041	0.0016195	2
2554	6191	0.000809805	1
2554	6560	0.000809774	1
2554	6567	0.000809776	1
2554	6636	0.0016196	2
2554	6637	0.00161949	2
2554	6639	0.00728759	9
2554	6685	0.00566838	7
2554	6690	0.000809779	1
2554	6692	0.00161951	2
2554	6722	0.000809851	1
2554	6726	0.0016195	2
2554	6782	0.000809776	1
2554	6830	0.000809771	1
2554	6989	0.000810294	1
2554	7057	0.000809797	1
2554	7060	0.000809791	1
2554	7064	0.000809771	1
2554	7086	0.0105265	13
2554	7087	0.00242924	3
2554	7089	0.000809778	1
2554	7133	0.000809855	1
2554	7139	0.000809921	1
2554	7299	0.000809887	1
2554	7316	0.000809781	1
2554	7373	0.00242921	3
2554	7375	0.000809771	1
2554	7483	0.000809776	1
2554	7567	0.00647787	8
2554	7595	0.0412959	51
2554	7596	0.00323893	4
2554	7597	0.00323893	4
2554	7603	0.000809771	1
2554	7640	0.00080981	1
2554	7661	0.000809796	1
2554	7667	0.000809771	1
2554	7680	0.00080978	1
2554	7681	0.0024294	3
2554	7684	0.000809781	1
2554	7688	0.000809771	1
2554	7696	0.000809771	1
2554	7704	0.000809773	1
2554	7727	0.000809775	1
2554	7735	0.000809873	1
2554	7747	0.000809869	1
3048	0	0.0738969	5
3048	4	0.0438337	3
3048	81	0.0145115	1
3048	142	0.029096	2
3048	226	0.290009	20
3048	227	0.0145578	1
3048	305	0.0145485	1
3048	307	0.0145042	1
3048	313	0.058139	4
3048	315	0.0145322	1
3048	367	0.0145672	1
3048	1157	0.014496	1
3048	1312	0.0144997	1
3048	1634	0.014494	1
3048	1638	0.0144949	1
3048	2941	0.0144969	1
3048	2994	0.014532	1
3048	3014	0.0144941	1
0	3048	10.0003	10
7	3048	0.000723265	1
43	3048	0.00975677	4
129	3048	0.000760087	1
142	3048	0.00138645	3
190	3048	0.0018996	2
230	3048	0.00340183	2
280	3048	0.00180205	2
313	3048	0.000278009	1
367	3048	0.00130311	2
372	3048	0.00735496	1
409	3048	0.00266069	7
1396	3048	0.0175487	1
2588	3048	0.00324194	2
2756	3048	0.0434902	1
3092	3048	0.00510344	1
3431	3048	0.00952643	1
3944	3048	0.052646	1
4475	3048	0.0035597	1
4744	3048	0.0344875	2
4793	3048	0.0140884	1
4819	3048	0.011239	1
4953	3048	0.0833562	1
4983	3048	0.00826673	1
5417	3048	0.0113668	1
5547	3048	0.0588397	1
5579	3048	0.0208391	1
5597	3048	0.0312586	1
5617	3048	0.200055	1
5747	3048	0.500137	1
5967	3048	0.500137	1
6031	3048	0.066685	1
6175	3048	0.0185236	1
6722	3048	0.0175487	1
6876	3048	0.045467	1
7075	3048	0.136376	3
7274	3048	0.0588397	1
7607	3048	0.0232622	1
7745	3048	0.250069	1
10161	3048	0.333425	1
3048	3221	0.0144939	1
3048	4016	0.0144942	1
3048	4685	0.014494	1
3048	4953	0.0144941	1
3048	5447	0.0144939	1
3048	5466	0.0144937	1
3048	5668	0.0144955	1
3048	5833	0.0144937	1
3048	6598	0.0144937	1
3048	6845	0.0434806	3
3048	6846	0.0144937	1
3048	6902	0.0144938	1
3048	6904	0.0144938	1
3048	7067	0.0144938	1
3048	7284	0.0144939	1
3048	7349	0.0289867	2
3048	7611	0.0144938	1
3048	9037	0.0144942	1
3048	0	0.0499821	3
3048	4	0.0487827	3
3048	81	0.0161499	1
3048	142	0.0323811	2
3048	226	0.322752	20
3048	227	0.0162014	1
3048	313	0.0647031	4
3048	315	0.0161729	1
3048	367	0.0162119	1
3048	1312	0.0161368	1
3048	2941	0.0161336	1
3048	2994	0.0161728	1
3048	3014	0.0161306	1
0	3048	10.0003	10
7	3048	0.000723255	1
43	3048	0.00975674	4
129	3048	0.000760078	1
142	3048	0.00138644	3
190	3048	0.00189958	2
230	3048	0.00340181	2
280	3048	0.00180204	2
313	3048	0.000278005	1
367	3048	0.0013031	2
372	3048	0.00735487	1
1396	3048	0.0175485	1
2588	3048	0.00324192	2
2756	3048	0.0434897	1
3092	3048	0.00510338	1
3431	3048	0.00952631	1
3944	3048	0.0526454	1
4475	3048	0.00355965	1
4744	3048	0.0344873	2
4793	3048	0.0140882	1
4819	3048	0.0112389	1
4953	3048	0.0833552	1
4983	3048	0.00826663	1
5417	3048	0.0113666	1
5547	3048	0.0588389	1
5579	3048	0.0208388	1
5597	3048	0.0312582	1
5617	3048	0.200052	1
5747	3048	0.500131	1
5967	3048	0.500131	1
6031	3048	0.0666841	1
6175	3048	0.0185234	1
6722	3048	0.0175485	1
6876	3048	0.0454665	1
7075	3048	0.136376	3
7274	3048	0.0588389	1
7607	3048	0.0232619	1
7745	3048	0.250066	1
10161	3048	0.333421	1
3048	3221	0.0161303	1
3048	4016	0.0161306	1
3048	4685	0.0161305	1
3048	4953	0.0161305	1
3048	5447	0.0161303	1
3048	5466	0.0161301	1
3048	5668	0.0161321	1
3048	5833	0.0161301	1
3048	6598	0.0161301	1
3048	6845	0.0483897	3
3048	6846	0.0161301	1
3048	6902	0.0161303	1
3048	6904	0.0161302	1
3048	7067	0.0161302	1
3048	7284	0.0161303	1
3048	7349	0.0322594	2
3048	7611	0.0161302	1
3048	9037	0.0161306	1
3081	0	0.344321	3
3081	305	0.111539	1
3081	307	0.111199	1
3081	1157	0.111136	1
3081	1634	0.111121	1
3081	1638	0.111128	1
0	3081	1.00008	1
409	3081	0.00266062	7
3081	0	0.549445	1
0	3081	1.00007	1
7809	0	0.238376	3
7809	218	0.0770225	1
7809	305	0.077219	1
7809	307	0.0769839	1
7809	1157	0.0769403	1
7809	1634	0.0769299	1
7809	1638	0.0769346	1
7809	2812	0.0769332	1
80	7809	0.000887388	1
409	7809	0.00266062	7
2588	7809	0.00162089	1
7050	7809	0.250022	1
7809	7809	0.153853	2
7809	0	0.183148	1
7809	218	0.166882	1
7809	2812	0.166689	1
80	7809	0.000887377	1
2588	7809	0.00162086	1
7050	7809	0.250018	1
7809	7809	0.333346	2
8113	0	0.123464	2
8113	144	0.0588345	1
8113	210	0.0588868	1
8113	305	0.0590498	1
8113	307	0.05887	1
8113	314	0.235678	4
8113	1157	0.0588367	1
8113	1634	0.0588287	1
8113	1638	0.0588324	1
118	8113	0.000851152	1
305	8113	0.000878054	1
314	8113	0.000480588	1
409	8113	0.00266062	7
1258	8113	0.0188699	1
3199	8113	0.0344863	1
10071	8113	0.0833419	1
10680	8113	0.00406546	1
11411	8113	0.200021	1
12654	8113	0.200021	1
8113	10714	0.0588323	1
8113	12668	0.117651	2
8113	144	0.100019	1
8113	210	0.100108	1
8113	314	0.400653	4
118	8113	0.000851141	1
305	8113	0.000878042	1
314	8113	0.000480582	1
1258	8113	0.0188696	1
3199	8113	0.0344859	1
10071	8113	0.0833409	1
10680	8113	0.00406541	1
11411	8113	0.200018	1
12654	8113	0.200018	1
8113	10714	0.100015	1
8113	12668	0.200007	2
10374	0	0.339926	5
10374	305	0.13359	2
10374	307	0.0667194	1
10374	1157	0.0666816	1
10374	1634	0.0666726	1
10374	1638	0.0666767	1
0	10374	2.0001	2
88	10374	0.0109901	1
409	10374	0.00266062	7
11026	10374	0.125012	1
11757	10374	0.142871	1
11905	10374	0.0232581	1
11912	10374	0.0357177	1
10374	12624	0.0666716	1
10374	12625	0.0666725	1
10374	12689	0.0666734	1
10374	0	0.387361	3
10374	305	0.125481	1
0	10374	2.00008	2
88	10374	0.0109899	1
11026	10374	0.12501	1
11757	10374	0.142869	1
11905	10374	0.0232578	1
11912	10374	0.0357173	1
10374	12624	0.125009	1
10374	12625	0.125011	1
10374	12689	0.125013	1
11018	0	0.23321	2
11018	305	0.111539	1
11018	307	0.111199	1
11018	314	0.111837	1
11018	1157	0.111136	1
11018	1634	0.111121	1
11018	1638	0.111128	1
409	11018	0.00266062	7
11456	11018	0.25002	1
11018	314	0.503265	1
11456	11018	0.250017	1
11581	0	0.209889	2
11581	23	0.100104	1
11581	305	0.100385	1
11581	307	0.100079	1
11581	314	0.100653	1
11581	1157	0.100022	1
11581	1634	0.100009	1
11581	1638	0.100015	1
315	11581	0.000994118	1
409	11581	0.00266062	7
11250	11581	0.047623	1
11581	23	0.33368	1
11581	314	0.33551	1
315	11581	0.000994106	1
11250	11581	0.0476224	1
12144	0	0.190808	2
12144	305	0.0912588	1
12144	307	0.090981	1
12144	313	0.0919631	1
12144	1157	0.0909294	1
12144	1634	0.0909172	1
12144	1638	0.0909228	1
12144	8831	0.0909219	1
12144	10813	0.090916	1
81	12144	0.00243923	1
313	12144	0.000277956	1
409	12144	0.00266062	7
12012	12144	0.500043	1
12144	313	0.252899	1
12144	8831	0.250035	1
12144	10813	0.250019	1
81	12144	0.0024392	1
313	12144	0.000277953	1
12012	12144	0.500037	1
12324	0	0.309889	3
12324	305	0.100385	1
12324	307	0.100079	1
12324	1157	0.100022	1
12324	1634	0.100009	1
12324	1638	0.100015	1
12324	8434	0.100009	1
315	12324	0.00099412	1
409	12324	0.00266062	7
2588	12324	0.00162088	1
12324	0	0.366296	1
12324	8434	0.333364	1
315	12324	0.000994107	1
2588	12324	0.00162086	1
633	0	0.139926	2
633	118	0.066877	1
633	133	0.333369	5
633	226	0.134041	2
633	227	0.0669657	1
633	313	0.0674396	1
633	318	0.0667505	1
0	633	2.00011	2
80	633	0.000887412	1
110	633	0.00290731	1
170	633	0.00507672	1
226	633	0.000683799	2
262	633	0.00316491	1
266	633	0.00248167	1
1109	633	0.00257098	1
2548	633	0.000679886	1
2588	633	0.00324167	2
2617	633	0.111124	1
633	12600	0.0666711	1
633	0	0.149921	2
633	118	0.071654	1
633	133	0.285752	4
633	226	0.143615	2
633	227	0.0717489	1
633	313	0.0722567	1
633	318	0.0715184	1
0	633	2.00011	2
80	633	0.000887406	1
110	633	0.00290729	1
170	633	0.00507668	1
226	633	0.000683797	2
262	633	0.0031649	1
1109	633	0.00257097	1
2548	633	0.000679882	1
2588	633	0.00324166	2
2617	633	0.111123	1
633	12600	0.0714333	1
2586	133	0.250133	1
266	2586	0.00248157	1
1091	2586	0.0476225	1
2548	2586	0.000679859	1
2586	3416	0.500017	2
1091	2586	0.0476222	1
2548	2586	0.000679855	1
2586	3416	0.666689	2
2590	4	0.341509	1
2590	133	0.33351	1
0	2590	1.00007	1
266	2590	0.00248157	1
2590	4	0.512264	1
0	2590	1.00007	1
2600	0	0.366296	1
2600	133	0.33351	1
266	2600	0.00248157	1
314	2600	0.000480573	1
2600	0	0.549445	1
314	2600	0.00048057	1
2603	133	0.33351	1
86	2603	0.00854763	1
266	2603	0.00248157	1
2603	2949	0.333356	1
86	2603	0.00854758	1
2603	2949	0.500033	1
3546	133	0.33351	1
266	3546	0.00248157	1
3337	3546	0.0181831	1
3546	3660	0.333359	1
3337	3546	0.018183	1
3546	3660	0.500039	1
3553	0	0.366296	1
3553	133	0.33351	1
266	3553	0.00248157	1
3726	3553	0.200015	1
3553	0	0.549445	1
3726	3553	0.200013	1
3554	133	0.200106	1
3554	317	0.200106	1
3554	2554	0.200746	1
3554	2847	0.200047	1
266	3554	0.00248159	1
349	3554	0.0104175	1
3337	3554	0.0181833	1
3749	3554	0.500039	1
3554	317	0.250132	1
3554	2554	0.250933	1
3554	2847	0.250059	1
349	3554	0.0104174	1
3337	3554	0.0181831	1
3749	3554	0.500036	1
4494	129	0.250861	1
4494	133	0.500133	2
266	4494	0.00248157	1
3286	4494	0.00925993	1
5885	4494	0.0625045	1
4494	129	0.334481	1
4494	133	0.33351	1
3286	4494	0.00925988	1
5885	4494	0.0625042	1
5715	133	0.33351	1
5715	2994	0.334237	1
80	5715	0.000887376	1
266	5715	0.00248157	1
5715	2994	0.501356	1
80	5715	0.000887371	1
5756	133	0.200106	1
5756	2863	0.20006	1
86	5756	0.00854764	1
266	5756	0.00248157	1
4506	5756	0.014707	1
7438	5756	0.125009	1
5756	6699	0.200013	1
5756	7438	0.200016	1
5756	2863	0.250074	1
86	5756	0.00854758	1
4506	5756	0.0147069	1
7438	5756	0.125008	1
5756	6699	0.250017	1
5756	7438	0.25002	1
5761	133	0.125066	1
5761	149	0.125137	1
5761	226	0.126326	1
5761	227	0.125561	1
5761	4468	0.125014	1
5761	4627	0.25002	2
0	5761	1.00009	1
4	5761	0.000162934	1
226	5761	0.00034191	1
266	5761	0.00248161	1
1798	5761	0.0357174	1
2994	5761	0.00128711	1
4506	5761	0.0147072	1
5761	149	0.143014	1
5761	226	0.144373	1
5761	227	0.143498	1
5761	4468	0.142873	1
5761	4627	0.285738	2
0	5761	1.00008	1
4	5761	0.000162933	1
226	5761	0.000341908	1
1798	5761	0.0357172	1
2994	5761	0.00128711	1
4506	5761	0.0147071	1
5764	0	0.183148	1
5764	4	0.170755	1
5764	133	0.166755	1
5764	313	0.168599	1
5764	4744	0.166704	1
226	5764	0.000341906	1
266	5764	0.00248158	1
2994	5764	0.0012871	1
4462	5764	0.0833365	2
5764	0	0.219778	1
5764	4	0.204906	1
5764	313	0.202319	1
5764	4744	0.200044	1
226	5764	0.000341904	1
2994	5764	0.00128709	1
4462	5764	0.0833362	2
5769	0	0.154512	5
5769	4	0.0613493	2
5769	133	0.0303191	1
5769	142	0.0305341	1
5769	176	0.0303358	1
5769	190	0.0303927	1
5769	226	0.0912305	3
5769	230	0.03035	1
5769	241	0.0303784	1
5769	313	0.0306544	1
5769	314	0.0305009	1
5769	1670	0.0303411	1
5769	2554	0.0304161	1
5769	2588	0.0606637	2
5769	4475	0.03033	1
5769	4542	0.0606338	2
5769	4744	0.0303097	1
5769	5123	0.0303071	1
0	5769	8.00013	8
226	5769	0.000341926	1
266	5769	0.00248172	1
305	5769	0.000878081	1
314	5769	0.000480603	1
315	5769	0.000994169	1
335	5769	0.0055256	1
914	5769	0.00256445	1
2847	5769	0.0133351	1
2994	5769	0.00128717	1
3134	5769	0.00492677	1
3337	5769	0.0181843	1
3373	5769	0.0138908	1
4814	5769	0.00621202	1
5770	5769	0.0344874	1
6933	5769	0.0312542	1
7329	5769	0.250034	1
8013	5769	0.0714382	1
8656	5769	0.0232574	2
9109	5769	0.500067	1
11092	5769	0.142876	1
11522	5769	0.500067	1
11536	5769	0.333378	1
11670	5769	0.166689	1
5769	7540	0.0303051	1
5769	7826	0.0303068	1
5769	8013	0.0303059	1
5769	8761	0.030306	1
5769	11701	0.0303051	1
5769	0	0.15934	5
5769	4	0.0632665	2
5769	142	0.0314883	1
5769	176	0.0312838	1
5769	190	0.0313425	1
5769	226	0.0940815	3
5769	230	0.0312985	1
5769	241	0.0313278	1
5769	313	0.0316123	1
5769	314	0.0314541	1
5769	1670	0.0312893	1
5769	2554	0.0313666	1
5769	2588	0.0625594	2
5769	4475	0.0312779	1
5769	4542	0.0625286	2
5769	4744	0.0312569	1
5769	5123	0.0312542	1
0	5769	8.00013	8
226	5769	0.000341924	1
305	5769	0.000878076	1
314	5769	0.0004806	1
315	5769	0.000994163	1
335	5769	0.00552557	1
914	5769	0.00256443	1
2847	5769	0.013335	1
2994	5769	0.00128717	1
3134	5769	0.00492674	1
3337	5769	0.0181842	1
3373	5769	0.0138907	1
4814	5769	0.00621198	1
5770	5769	0.0344872	1
6933	5769	0.031254	1
7329	5769	0.250032	1
8013	5769	0.0714377	1
8656	5769	0.0232573	2
9109	5769	0.500064	1
11092	5769	0.142875	1
11522	5769	0.500064	1
11536	5769	0.333376	1
11670	5769	0.166688	1
5769	7540	0.0312521	1
5769	7826	0.0312538	1
5769	8013	0.0312529	1
5769	8761	0.0312531	1
5769	11701	0.0312521	1
5770	0	0.203296	6
5770	4	0.0341509	1
5770	133	0.033351	1
5770	138	0.0333627	1
5770	142	0.0335875	1
5770	176	0.0333694	1
5770	226	0.0336869	1
5770	228	0.0333753	1
5770	233	0.0334051	1
5770	280	0.0334458	1
5770	309	0.0333529	1
5770	315	0.0334241	1
5770	3092	0.0333531	1
5770	3945	0.0333428	1
5770	5769	0.0333376	1
0	5770	6.00014	6
196	5770	0.00617369	1
262	5770	0.00316499	1
266	5770	0.00248173	1
1260	5770	0.00492679	1
1661	5770	0.100014	1
3337	5770	0.0181843	1
6317	5770	0.500069	1
6930	5770	0.0588316	1
7508	5770	0.0526352	2
7942	5770	0.200028	1
8761	5770	0.0555632	1
8942	5770	0.27274	3
9620	5770	0.333379	1
9827	5770	0.100014	1
9995	5770	0.500069	1
10169	5770	0.125009	2
10263	5770	0.250034	1
10692	5770	0.333379	1
12492	5770	0.333379	1
5770	5876	0.0333383	1
5770	7034	0.0333364	1
5770	8656	0.0333415	1
5770	8802	0.0333385	1
5770	8942	0.0333361	1
5770	9022	0.0333479	1
5770	10426	0.0333358	1
5770	10955	0.0333356	1
5770	11991	0.0333356	1
5770	0	0.210307	6
5770	4	0.0353285	1
5770	138	0.0345131	1
5770	142	0.0347457	1
5770	176	0.03452	1
5770	226	0.0348485	1
5770	228	0.0345261	1
5770	233	0.034557	1
5770	280	0.0345991	1
5770	309	0.034503	1
5770	315	0.0345766	1
5770	3092	0.0345032	1
5770	3945	0.0344925	1
5770	5769	0.0344872	1
0	5770	6.00013	6
196	5770	0.00617365	1
262	5770	0.00316497	1
1260	5770	0.00492676	1
1661	5770	0.100013	1
3337	5770	0.0181842	1
6317	5770	0.500066	1
6930	5770	0.0588313	1
7508	5770	0.052635	2
7942	5770	0.200026	1
8761	5770	0.0555629	1
8942	5770	0.272739	3
9620	5770	0.333377	1
9827	5770	0.100013	1
9995	5770	0.500066	1
10169	5770	0.125008	2
10263	5770	0.250033	1
10692	5770	0.333377	1
12492	5770	0.333377	1
5770	5876	0.0344879	1
5770	7034	0.034486	1
5770	8656	0.0344912	1
5770	8802	0.0344881	1
5770	8942	0.0344856	1
5770	9022	0.0344979	1
5770	10426	0.0344853	1
5770	10955	0.0344851	1
5770	11991	0.0344851	1
